,price,vehicleType,gearbox,powerPS,model,kilometer,fuelType,brand,notRepairedDamage,Age
1,13299,suv,manual,163,xc_reihe,150000,diesel,volvo,no,13.5
3,4500,small car,manual,86,ibiza,60000,petrol,seat,no,13.0
4,18750,suv,automatic,185,xc_reihe,150000,diesel,volvo,no,10.92
5,988,limousine,manual,90,passat,150000,petrol,volkswagen,no,23.17
7,1399,coupe,manual,136,clk,150000,petrol,mercedes_benz,no,21.92
8,4680,station wagon,manual,122,vectra,150000,petrol,opel,no,14.0
9,8340,limousine,automatic,140,octavia,125000,diesel,skoda,no,13.33
10,1870,limousine,manual,82,a_klasse,150000,petrol,mercedes_benz,no,17.08
11,2500,coupe,manual,105,astra,125000,petrol,opel,no,17.33
12,990,small car,manual,68,yaris,150000,petrol,toyota,no,17.75
14,2200,limousine,manual,83,meriva,125000,petrol,opel,no,15.42
16,1300,suv,manual,101,others,150000,diesel,nissan,yes,25.83
18,600,small car,manual,75,golf,150000,petrol,volkswagen,yes,20.0
20,680,limousine,manual,88,3_reihe,150000,petrol,mazda,no,26.75
22,1599,cabrio,manual,75,golf,150000,petrol,volkswagen,no,23.33
23,1000,small car,manual,75,golf,150000,petrol,volkswagen,no,22.25
24,1100,limousine,manual,75,colt,150000,petrol,mitsubishi,no,19.25
25,3999,cabrio,manual,133,80,150000,petrol,audi,no,27.5
26,1290,small car,manual,60,panda,150000,petrol,fiat,no,16.0
27,3900,cabrio,manual,88,micra,125000,petrol,nissan,no,12.25
28,700,station wagon,manual,155,156,150000,petrol,alfa_romeo,yes,18.75
29,2250,station wagon,manual,175,others,125000,petrol,saab,yes,13.67
30,7800,coupe,automatic,143,c_klasse,125000,petrol,mercedes_benz,no,12.25
32,12250,limousine,manual,122,1er,50000,petrol,bmw,no,7.5
33,3750,coupe,manual,150,3er,150000,petrol,bmw,no,18.33
34,2800,small car,manual,87,yaris,80000,petrol,toyota,no,14.08
37,18990,limousine,automatic,156,c_klasse,80000,petrol,mercedes_benz,no,9.75
39,2400,limousine,manual,105,golf,150000,petrol,volkswagen,no,15.33
40,1500,small car,manual,75,3_reihe,150000,petrol,peugeot,no,19.75
42,19000,suv,automatic,152,freelander,90000,diesel,land_rover,no,8.42
45,3400,station wagon,automatic,163,a4,150000,diesel,audi,no,16.92
47,550,limousine,manual,75,golf,150000,petrol,volkswagen,no,21.5
48,17499,cabrio,manual,184,clk,60000,petrol,mercedes_benz,no,11.83
50,6190,limousine,automatic,163,c_klasse,150000,petrol,mercedes_benz,no,14.67
51,11300,limousine,manual,200,golf,90000,petrol,volkswagen,no,12.67
52,17500,cabrio,automatic,160,golf,50000,petrol,volkswagen,no,7.67
53,600,limousine,manual,136,e_klasse,150000,petrol,mercedes_benz,no,20.17
55,2500,station wagon,manual,125,forester,150000,petrol,subaru,no,13.42
57,3500,station wagon,automatic,198,5er,150000,diesel,bmw,yes,16.83
58,1350,limousine,manual,101,golf,150000,petrol,volkswagen,yes,19.33
59,1950,station wagon,manual,75,golf,150000,petrol,volkswagen,no,16.75
61,2000,station wagon,manual,101,astra,150000,petrol,opel,no,20.0
63,2200,coupe,manual,192,astra,150000,petrol,opel,no,17.17
64,3499,coupe,manual,170,3er,150000,petrol,bmw,no,19.92
65,4800,limousine,manual,102,golf,150000,petrol,volkswagen,no,12.92
66,1350,bus,manual,128,others,150000,diesel,citroen,no,15.33
70,22800,suv,automatic,241,grand,150000,diesel,jeep,no,7.5
72,1550,bus,automatic,158,voyager,150000,petrol,chrysler,no,20.83
73,2500,limousine,manual,64,polo,150000,petrol,volkswagen,no,15.33
76,9450,small car,manual,120,fiesta,50000,petrol,ford,no,8.75
77,2550,small car,manual,88,clio,150000,petrol,renault,no,12.08
79,11800,station wagon,automatic,140,a3,150000,diesel,audi,no,8.08
80,3980,small car,manual,64,polo,150000,petrol,volkswagen,no,9.08
81,4900,cabrio,automatic,193,slk,150000,petrol,mercedes_benz,no,21.67
82,7300,small car,automatic,95,others,60000,petrol,alfa_romeo,no,9.83
87,3900,station wagon,manual,193,passat,150000,petrol,volkswagen,no,17.83
88,1990,small car,manual,65,micra,125000,petrol,nissan,no,15.92
90,500,limousine,manual,90,golf,150000,petrol,volkswagen,no,21.42
92,3900,station wagon,automatic,148,c_klasse,150000,petrol,mercedes_benz,no,15.92
95,5500,suv,manual,204,x_reihe,150000,diesel,bmw,no,14.33
96,16000,suv,automatic,235,x_reihe,150000,diesel,bmw,no,11.58
98,1200,limousine,manual,136,c_klasse,100000,petrol,mercedes_benz,no,24.25
99,7000,limousine,automatic,150,3er,150000,diesel,bmw,no,14.75
100,15000,station wagon,manual,143,3er,150000,diesel,bmw,no,10.42
101,1590,small car,manual,60,fabia,150000,petrol,skoda,no,17.75
104,13999,station wagon,manual,184,3er,150000,diesel,bmw,no,8.75
106,4400,others,manual,104,logan,90000,petrol,dacia,no,9.33
107,9000,cabrio,manual,69,500,30000,petrol,fiat,no,7.92
108,450,small car,automatic,75,punto,150000,petrol,fiat,no,18.67
109,1650,bus,manual,90,berlingo,150000,diesel,citroen,no,15.75
110,6599,suv,automatic,218,others,150000,diesel,jeep,no,13.0
111,7499,limousine,automatic,231,s_klasse,125000,petrol,mercedes_benz,no,21.58
112,4000,coupe,manual,193,3er,150000,petrol,bmw,no,18.17
114,3000,limousine,manual,131,passat,150000,diesel,volkswagen,no,16.17
115,1799,small car,manual,60,2_reihe,150000,petrol,peugeot,no,19.17
116,12950,bus,manual,175,galaxy,125000,diesel,ford,no,9.75
118,21500,limousine,automatic,231,c_klasse,70000,petrol,mercedes_benz,no,8.08
119,1000,small car,manual,58,agila,150000,petrol,opel,no,15.75
120,3500,bus,manual,116,touran,150000,petrol,volkswagen,no,15.75
121,5490,limousine,automatic,105,golf,125000,diesel,volkswagen,no,12.42
122,27950,limousine,automatic,231,e_klasse,150000,diesel,mercedes_benz,no,9.58
126,6200,suv,manual,136,captiva,150000,petrol,chevrolet,no,9.58
127,1150,small car,manual,60,polo,150000,diesel,volkswagen,no,20.58
129,750,bus,automatic,139,scenic,125000,petrol,renault,no,19.75
130,150,station wagon,manual,115,mondeo,150000,petrol,ford,yes,20.0
134,7800,station wagon,manual,160,a3,80000,petrol,audi,yes,7.25
137,3199,limousine,manual,69,fiesta,150000,petrol,ford,no,10.08
138,100,station wagon,automatic,170,omega,150000,petrol,opel,yes,22.0
139,500,limousine,automatic,150,a6,150000,petrol,audi,yes,23.33
140,1950,small car,automatic,54,fortwo,125000,petrol,smart,no,18.75
143,12600,coupe,manual,122,scirocco,50000,petrol,volkswagen,no,6.17
144,800,bus,manual,60,transporter,150000,diesel,volkswagen,no,24.83
145,13500,limousine,manual,105,golf,150000,diesel,volkswagen,no,6.25
146,4950,bus,manual,105,touran,150000,diesel,volkswagen,no,14.83
147,2600,coupe,manual,109,c4,150000,petrol,citroen,no,12.58
148,5400,limousine,manual,150,3er,150000,diesel,bmw,no,16.33
149,18999,bus,manual,131,transporter,150000,diesel,volkswagen,no,11.42
151,8000,limousine,manual,141,qashqai,125000,petrol,nissan,no,11.33
152,199,small car,manual,60,ka,150000,petrol,ford,yes,17.17
153,17777,station wagon,manual,184,clubman,40000,petrol,mini,no,6.25
154,4950,bus,manual,115,sharan,150000,diesel,volkswagen,no,15.92
155,3100,suv,manual,124,others,150000,petrol,ford,no,15.17
157,7777,small car,manual,18,500,10000,petrol,fiat,no,46.25
158,3990,station wagon,manual,143,3er,150000,petrol,bmw,no,14.33
161,2399,limousine,manual,111,scenic,150000,petrol,renault,no,13.75
162,8200,limousine,manual,250,others,70000,petrol,saab,no,14.83
163,14999,cabrio,manual,177,1er,150000,diesel,bmw,no,10.33
165,15900,limousine,automatic,116,a_klasse,40000,petrol,mercedes_benz,no,8.0
167,7500,limousine,automatic,160,insignia,40000,diesel,opel,no,7.83
168,600,small car,manual,75,clio,150000,petrol,renault,no,19.08
169,41900,limousine,automatic,310,others,40000,petrol,audi,no,4.25
170,5900,limousine,automatic,184,7er,150000,diesel,bmw,no,19.83
171,2500,small car,manual,86,clio,150000,diesel,renault,no,12.33
173,1750,station wagon,manual,101,golf,150000,diesel,volkswagen,no,14.92
175,15600,limousine,manual,86,golf,20000,petrol,volkswagen,no,3.17
176,11300,bus,manual,111,3_reihe,70000,diesel,peugeot,no,6.17
178,8500,limousine,manual,218,3er,150000,petrol,bmw,yes,14.0
179,1050,small car,manual,80,punto,150000,petrol,fiat,no,17.58
182,850,limousine,manual,75,megane,150000,petrol,renault,no,20.25
183,1000,small car,manual,50,clio,150000,petrol,renault,no,19.5
185,1290,limousine,manual,125,a4,150000,petrol,audi,no,22.08
186,1999,station wagon,manual,125,passat,150000,petrol,volkswagen,no,20.5
188,5600,small car,manual,160,ibiza,150000,diesel,seat,no,12.5
189,2699,small car,manual,101,corsa,150000,diesel,opel,no,14.75
191,3999,limousine,automatic,150,passat,150000,petrol,volkswagen,yes,12.92
192,11500,station wagon,automatic,224,a6,150000,diesel,audi,no,13.75
193,550,small car,manual,65,corsa,150000,petrol,opel,yes,18.33
195,2500,small car,manual,58,corsa,125000,petrol,opel,no,15.42
196,4500,limousine,manual,116,1er,150000,petrol,bmw,yes,13.67
197,800,bus,manual,150,voyager,150000,petrol,chrysler,no,21.5
198,7500,station wagon,manual,150,a4,125000,petrol,audi,no,16.08
199,2200,coupe,manual,90,others,150000,petrol,toyota,no,22.42
200,300,limousine,manual,102,3er,150000,petrol,bmw,no,23.5
201,1390,small car,manual,60,arosa,150000,diesel,seat,no,16.08
203,13500,station wagon,automatic,140,passat,100000,diesel,volkswagen,no,7.25
206,1550,station wagon,manual,116,a4,150000,diesel,audi,no,17.33
207,5100,small car,manual,60,fiesta,100000,petrol,ford,no,9.42
208,13800,cabrio,automatic,231,z_reihe,70000,petrol,bmw,no,15.33
209,2450,bus,manual,69,transporter,150000,diesel,volkswagen,no,29.92
212,7999,station wagon,automatic,122,c_klasse,150000,diesel,mercedes_benz,no,10.17
213,29990,limousine,automatic,204,e_klasse,50000,diesel,mercedes_benz,no,5.92
214,4650,station wagon,manual,177,e_klasse,150000,diesel,mercedes_benz,yes,15.83
215,11990,station wagon,manual,86,caddy,60000,petrol,volkswagen,no,7.5
217,10000,bus,manual,174,transporter,150000,diesel,volkswagen,no,14.17
220,2799,small car,manual,68,aygo,125000,petrol,toyota,yes,12.33
221,799,small car,manual,65,matiz,90000,petrol,chevrolet,yes,10.67
222,2800,limousine,automatic,125,a4,90000,petrol,audi,no,22.92
225,875,station wagon,manual,116,focus,150000,petrol,ford,no,18.42
227,34000,cabrio,automatic,387,sl,50000,petrol,mercedes_benz,no,12.5
228,950,small car,manual,50,arosa,150000,petrol,seat,no,17.67
229,3650,station wagon,manual,65,clio,125000,diesel,renault,no,10.67
230,1699,station wagon,manual,102,megane,100000,diesel,renault,no,17.33
232,2450,limousine,manual,170,3er,150000,petrol,bmw,no,21.0
233,1250,small car,manual,50,arosa,125000,petrol,seat,no,16.92
234,7450,station wagon,manual,140,a4,150000,diesel,audi,no,13.0
236,999,others,manual,60,combo,150000,petrol,opel,no,19.83
237,1999,limousine,manual,88,corolla,40000,petrol,toyota,no,24.75
238,4500,small car,manual,80,corsa,70000,petrol,opel,no,12.67
241,6990,small car,manual,60,fiesta,40000,petrol,ford,no,7.5
243,999,limousine,manual,107,scenic,150000,petrol,renault,no,19.75
245,3000,limousine,automatic,306,s_klasse,150000,petrol,mercedes_benz,no,19.83
246,1650,limousine,automatic,75,a_klasse,150000,petrol,mercedes_benz,no,17.08
247,11999,limousine,manual,120,a4,100000,petrol,audi,no,8.25
249,2990,small car,manual,60,polo,100000,petrol,volkswagen,no,18.75
250,7300,small car,manual,84,others,80000,petrol,mazda,no,6.25
251,15900,limousine,manual,265,others,150000,petrol,audi,no,11.75
252,999,small car,automatic,41,fortwo,150000,diesel,smart,no,18.0
254,1600,small car,manual,26,601,90000,petrol,trabant,no,30.67
255,2200,cabrio,manual,75,golf,150000,petrol,volkswagen,no,19.42
256,5700,station wagon,manual,105,caddy,150000,diesel,volkswagen,no,11.42
258,3400,coupe,manual,143,others,150000,petrol,toyota,no,18.42
260,9400,limousine,automatic,170,5er,50000,petrol,bmw,no,15.75
261,8450,cabrio,automatic,197,clk,150000,petrol,mercedes_benz,no,15.33
262,4400,station wagon,manual,75,fabia,80000,petrol,skoda,no,11.42
263,10900,cabrio,manual,220,c_reihe,150000,petrol,volvo,no,12.75
264,32000,coupe,automatic,306,3er,60000,petrol,bmw,no,7.25
265,6250,cabrio,automatic,197,clk,150000,petrol,mercedes_benz,no,17.42
266,1800,small car,manual,76,others,70000,petrol,suzuki,no,18.58
267,1000,limousine,manual,101,golf,150000,petrol,volkswagen,no,20.83
268,850,small car,manual,68,yaris,150000,petrol,toyota,no,18.5
270,2500,small car,manual,60,fiesta,40000,petrol,ford,yes,15.0
272,18250,limousine,manual,160,beetle,30000,petrol,volkswagen,no,6.33
273,5000,small car,manual,150,tigra,100000,petrol,opel,no,21.75
275,1150,small car,manual,58,twingo,150000,petrol,renault,no,15.83
278,2790,limousine,manual,116,passat,150000,petrol,volkswagen,no,16.83
279,3800,small car,manual,125,transporter,150000,diesel,volkswagen,no,16.08
280,1100,small car,manual,58,others,150000,petrol,hyundai,no,16.25
284,5750,small car,manual,80,polo,150000,petrol,volkswagen,no,11.58
286,6499,small car,manual,86,ibiza,90000,petrol,seat,no,10.0
287,16500,limousine,automatic,150,5er,150000,diesel,bmw,no,8.92
288,23499,suv,manual,110,tiguan,30000,diesel,volkswagen,no,4.67
289,3800,cabrio,manual,136,2_reihe,150000,petrol,peugeot,no,16.67
290,10950,limousine,manual,170,3er,150000,petrol,bmw,no,10.17
291,15450,limousine,manual,150,qashqai,30000,diesel,nissan,no,7.83
292,8750,cabrio,manual,116,cooper,150000,petrol,mini,no,12.83
293,2700,bus,manual,140,s_max,150000,diesel,ford,yes,11.17
294,3450,limousine,manual,105,toledo,150000,petrol,seat,no,16.08
295,9990,bus,manual,131,transporter,150000,diesel,volkswagen,no,13.33
296,600,limousine,manual,125,carisma,150000,petrol,mitsubishi,no,19.5
297,1590,small car,manual,50,polo,150000,petrol,volkswagen,no,18.83
298,2300,small car,manual,75,twingo,70000,petrol,renault,no,15.92
299,4500,small car,manual,75,twingo,70000,petrol,renault,no,7.92
300,799,small car,manual,60,ka,125000,petrol,ford,yes,21.83
303,700,small car,manual,50,fiesta,150000,petrol,ford,no,24.33
305,1700,limousine,automatic,170,5er,150000,petrol,bmw,no,21.58
306,3500,limousine,manual,140,golf,150000,diesel,volkswagen,no,14.08
309,12500,bus,automatic,224,others,150000,diesel,mercedes_benz,no,11.08
310,9500,station wagon,automatic,140,a3,150000,diesel,audi,no,12.08
312,8600,bus,manual,150,zafira,125000,cng,opel,no,9.92
314,5690,small car,manual,75,a2,100000,petrol,audi,no,16.5
315,8900,bus,manual,102,transporter,150000,diesel,volkswagen,no,19.83
316,3600,suv,manual,70,others,60000,petrol,suzuki,no,21.42
317,3899,cabrio,automatic,61,fortwo,30000,petrol,smart,no,16.33
318,1700,coupe,automatic,270,3er,150000,petrol,bmw,yes,19.0
319,9999,bus,manual,170,touran,150000,diesel,volkswagen,no,11.17
320,490,small car,automatic,75,fiesta,60000,petrol,ford,no,22.92
321,8000,cabrio,automatic,84,others,40000,petrol,smart,no,11.0
322,13300,limousine,manual,143,a4,125000,diesel,audi,no,9.75
323,400,station wagon,manual,99,primera,150000,petrol,nissan,no,20.42
324,5000,bus,manual,116,sharan,150000,diesel,volkswagen,no,16.17
327,1699,coupe,automatic,223,clk,150000,petrol,mercedes_benz,no,20.42
328,750,limousine,manual,116,vectra,150000,petrol,opel,no,20.5
330,1099,small car,manual,68,fiesta,150000,diesel,ford,no,14.67
331,7900,station wagon,manual,105,a3,150000,diesel,audi,no,13.58
332,8450,limousine,automatic,218,x_reihe,150000,diesel,bmw,yes,14.33
335,1600,station wagon,manual,120,primera,150000,diesel,nissan,no,15.58
336,24300,bus,manual,140,sharan,70000,diesel,volkswagen,no,6.08
337,4200,limousine,automatic,140,passat,150000,diesel,volkswagen,no,11.58
338,2850,station wagon,manual,143,3er,150000,petrol,bmw,no,17.0
339,23000,coupe,manual,239,a5,125000,diesel,audi,no,8.83
341,18900,cabrio,manual,200,tt,80000,petrol,audi,no,8.17
342,6500,small car,manual,60,citigo,10000,petrol,skoda,no,4.92
345,6990,suv,manual,141,tucson,100000,petrol,hyundai,no,11.92
346,1500,station wagon,manual,125,a4,150000,petrol,audi,no,22.67
348,12500,station wagon,automatic,140,passat,150000,diesel,volkswagen,no,8.42
350,14900,cabrio,manual,280,others,60000,petrol,nissan,no,13.25
351,1499,small car,manual,75,clio,150000,petrol,renault,no,16.33
352,3000,station wagon,manual,80,fabia,150000,petrol,skoda,yes,11.42
353,1800,small car,manual,102,golf,125000,petrol,volkswagen,yes,14.5
357,450,small car,manual,55,polo,125000,petrol,volkswagen,no,21.42
358,800,limousine,manual,136,accord,150000,petrol,honda,no,21.17
359,2490,station wagon,manual,125,passat,150000,petrol,volkswagen,no,17.08
360,1550,station wagon,manual,105,golf,150000,petrol,volkswagen,no,17.58
361,999,station wagon,manual,101,vectra,150000,petrol,opel,no,18.0
362,17999,suv,automatic,150,rav,80000,diesel,toyota,no,8.67
366,2450,small car,manual,75,a2,150000,diesel,audi,yes,16.33
368,13100,bus,manual,140,touran,80000,petrol,volkswagen,no,7.33
369,4999,station wagon,manual,250,156,150000,petrol,alfa_romeo,no,15.0
370,1000,limousine,manual,192,5er,150000,lpg,bmw,no,27.25
371,390,limousine,manual,90,80,150000,petrol,audi,no,28.58
372,5299,limousine,manual,105,golf,150000,diesel,volkswagen,no,14.92
373,2799,station wagon,manual,101,passat,150000,diesel,volkswagen,no,16.92
374,5699,limousine,manual,77,punto,60000,lpg,fiat,no,10.67
375,18900,station wagon,automatic,235,5er,125000,diesel,bmw,no,10.33
376,3500,limousine,manual,109,a_klasse,150000,diesel,mercedes_benz,no,11.17
377,3800,limousine,manual,122,i_reihe,150000,petrol,hyundai,no,11.67
378,750,small car,manual,58,twingo,150000,petrol,renault,no,16.58
380,190,station wagon,manual,90,laguna,150000,petrol,renault,no,20.33
381,150,coupe,manual,100,3er,150000,petrol,bmw,no,21.17
382,5300,cabrio,automatic,82,roadster,125000,petrol,smart,no,16.0
383,22900,coupe,automatic,170,others,90000,diesel,mercedes_benz,no,7.5
385,2600,limousine,manual,118,3er,150000,petrol,bmw,no,18.08
387,2450,bus,manual,116,sharan,150000,diesel,volkswagen,no,17.58
388,31900,limousine,automatic,275,others,90000,diesel,jaguar,no,8.83
389,1900,station wagon,automatic,116,laguna,150000,lpg,renault,no,16.83
393,1690,others,manual,94,others,150000,diesel,fiat,no,18.42
394,1400,limousine,manual,101,bora,150000,petrol,volkswagen,yes,19.75
395,32900,bus,manual,150,others,5000,diesel,bmw,no,2.25
396,17850,suv,manual,200,kuga,70000,petrol,ford,no,7.42
397,950,limousine,manual,116,147,150000,diesel,alfa_romeo,no,17.58
399,2150,small car,manual,68,c1,150000,petrol,citroen,no,12.33
400,550,small car,manual,60,corsa,150000,petrol,opel,no,20.25
401,2990,cabrio,automatic,147,astra,150000,petrol,opel,no,16.17
402,650,limousine,manual,101,focus,150000,petrol,ford,yes,18.08
403,5799,coupe,manual,150,c4,80000,petrol,citroen,no,9.25
405,2799,small car,manual,68,c1,125000,petrol,citroen,no,11.58
406,9800,limousine,manual,140,a4,150000,diesel,audi,no,10.08
408,1000,small car,manual,169,clio,150000,petrol,renault,yes,16.08
411,16900,bus,manual,105,touran,50000,diesel,volkswagen,no,5.08
412,500,small car,automatic,89,civic,150000,petrol,honda,yes,21.25
413,1990,limousine,manual,75,golf,150000,petrol,volkswagen,no,19.5
414,1500,small car,automatic,90,a_klasse,150000,diesel,mercedes_benz,no,19.0
416,5200,limousine,manual,90,corolla,125000,diesel,toyota,no,13.0
417,2990,station wagon,manual,120,3_reihe,150000,diesel,peugeot,no,14.58
418,1600,small car,manual,75,twingo,150000,petrol,renault,no,15.0
419,5990,cabrio,manual,228,mustang,150000,petrol,ford,no,23.42
420,7499,suv,manual,129,grand,150000,diesel,suzuki,no,11.67
422,2950,suv,manual,120,freelander,150000,petrol,land_rover,no,19.42
425,1999,small car,manual,60,punto,150000,petrol,fiat,no,15.0
426,4200,bus,manual,130,corolla,100000,petrol,toyota,no,15.83
427,1250,small car,manual,50,lupo,150000,petrol,volkswagen,no,19.08
428,8700,small car,manual,86,ibiza,60000,petrol,seat,no,6.25
429,2200,limousine,automatic,286,7er,150000,petrol,bmw,yes,20.25
430,2222,limousine,manual,207,c5,150000,petrol,citroen,no,16.75
433,8300,limousine,manual,170,5er,150000,petrol,bmw,no,13.17
434,7000,coupe,manual,220,others,125000,petrol,alfa_romeo,no,19.92
437,17650,station wagon,automatic,184,cooper,90000,petrol,mini,no,7.83
438,6200,limousine,manual,140,a3,150000,diesel,audi,no,14.33
439,250,small car,manual,54,corsa,150000,petrol,opel,yes,20.67
440,7699,small car,manual,80,polo,70000,petrol,volkswagen,no,9.42
441,6300,bus,automatic,170,touran,150000,diesel,volkswagen,no,10.58
443,7500,bus,manual,90,berlingo,150000,diesel,citroen,no,6.92
444,2490,station wagon,manual,118,3er,150000,petrol,bmw,no,17.25
445,27990,limousine,automatic,220,golf,10000,petrol,volkswagen,no,3.33
446,9000,limousine,automatic,140,mondeo,150000,diesel,ford,no,8.92
447,3500,small car,manual,60,panda,60000,petrol,fiat,no,8.25
448,500,coupe,manual,90,others,150000,petrol,ford,no,18.25
450,2400,limousine,manual,90,a2,150000,diesel,audi,no,14.83
451,950,small car,manual,60,polo,150000,petrol,volkswagen,no,24.42
453,7450,small car,manual,120,fiesta,90000,petrol,ford,no,9.25
454,11000,suv,automatic,286,x_reihe,100000,diesel,bmw,no,11.0
458,5900,cabrio,manual,110,mx_reihe,60000,petrol,mazda,no,14.5
459,3490,small car,manual,69,corsa,150000,diesel,opel,no,13.42
461,1900,station wagon,manual,150,a6,150000,diesel,audi,no,19.92
462,8200,limousine,automatic,150,e_klasse,150000,diesel,mercedes_benz,no,13.25
463,799,station wagon,manual,101,astra,150000,petrol,opel,no,24.0
464,31900,cabrio,manual,170,a5,40000,petrol,audi,no,5.58
465,550,small car,manual,75,civic,150000,petrol,honda,no,25.0
466,550,small car,manual,60,ka,150000,petrol,ford,no,19.5
467,12499,suv,automatic,340,cayenne,150000,petrol,porsche,no,14.83
468,3999,station wagon,automatic,163,passat,150000,diesel,volkswagen,no,15.25
469,9950,limousine,automatic,190,e_klasse,150000,diesel,mercedes_benz,yes,11.33
470,4500,coupe,manual,143,others,125000,petrol,mercedes_benz,no,10.67
471,2100,limousine,manual,75,golf,125000,petrol,volkswagen,no,18.33
472,7100,small car,manual,95,2_reihe,90000,petrol,peugeot,no,9.58
473,4500,small car,manual,75,corsa,125000,diesel,opel,no,11.25
476,3500,cabrio,manual,150,2_reihe,60000,petrol,peugeot,yes,11.58
480,850,coupe,manual,75,astra,150000,petrol,opel,no,18.08
481,18499,cabrio,manual,330,others,30000,petrol,opel,no,10.5
483,17500,station wagon,automatic,163,xc_reihe,125000,diesel,volvo,no,8.42
486,1650,limousine,manual,136,3er,150000,diesel,bmw,no,19.33
487,600,small car,manual,50,arosa,150000,petrol,seat,no,21.75
488,18000,coupe,manual,160,tt,40000,petrol,audi,no,7.25
489,2450,limousine,manual,60,ibiza,70000,petrol,seat,no,19.0
490,1700,small car,manual,68,justy,70000,petrol,subaru,no,19.92
492,7990,limousine,automatic,140,golf,150000,diesel,volkswagen,no,12.42
493,850,limousine,manual,75,golf,150000,petrol,volkswagen,no,24.75
496,4250,cabrio,manual,98,golf,150000,petrol,volkswagen,no,28.42
497,1999,station wagon,automatic,143,e_klasse,150000,diesel,mercedes_benz,no,17.5
499,12800,cabrio,automatic,218,z_reihe,150000,petrol,bmw,no,12.0
501,2000,limousine,manual,125,a_klasse,150000,petrol,mercedes_benz,yes,17.08
503,6800,cabrio,automatic,45,fortwo,80000,diesel,smart,no,11.58
505,7900,bus,manual,140,sharan,150000,diesel,volkswagen,no,11.58
506,2200,others,manual,109,others,150000,diesel,volkswagen,no,17.08
508,3350,suv,automatic,170,santa,150000,lpg,hyundai,no,15.67
509,850,bus,manual,86,transit,150000,diesel,ford,no,13.67
510,7999,station wagon,manual,131,a4,150000,diesel,audi,no,14.33
511,2990,limousine,manual,102,golf,125000,petrol,volkswagen,yes,13.5
513,750,small car,manual,75,polo,150000,petrol,volkswagen,no,22.5
514,6499,limousine,manual,140,golf,150000,diesel,volkswagen,no,14.0
515,9999,limousine,manual,143,3er,150000,diesel,bmw,no,7.08
516,4200,station wagon,manual,116,3er,150000,diesel,bmw,no,13.08
517,10890,limousine,manual,102,octavia,30000,petrol,skoda,no,6.17
518,850,small car,automatic,75,corsa,150000,petrol,opel,yes,15.17
519,1200,limousine,manual,101,astra,150000,petrol,opel,no,20.75
522,3400,station wagon,manual,155,mondeo,150000,diesel,ford,yes,13.67
523,5000,cabrio,manual,192,3er,150000,petrol,bmw,no,17.58
524,24999,coupe,automatic,286,3er,150000,diesel,bmw,no,8.5
525,300,small car,manual,75,polo,150000,petrol,volkswagen,no,25.0
526,3800,limousine,automatic,101,focus,50000,petrol,ford,no,13.67
527,9750,limousine,manual,150,qashqai,150000,diesel,nissan,no,10.17
528,21990,suv,automatic,500,cayenne,150000,petrol,porsche,no,11.25
531,3299,suv,automatic,223,grand,150000,petrol,jeep,no,16.17
532,999,cabrio,manual,75,astra,150000,petrol,opel,no,20.08
534,600,limousine,automatic,170,others,150000,petrol,volvo,yes,19.08
535,999,station wagon,manual,131,passat,150000,diesel,volkswagen,yes,14.25
536,750,station wagon,manual,66,passat,150000,petrol,volkswagen,no,22.75
540,7449,limousine,manual,60,up,70000,petrol,volkswagen,no,5.5
541,1450,small car,manual,69,ka,100000,petrol,ford,no,10.42
542,1499,small car,manual,75,twingo,150000,petrol,renault,no,15.75
543,4850,limousine,manual,75,golf,150000,petrol,volkswagen,no,13.83
544,10999,limousine,manual,220,c_klasse,150000,lpg,mercedes_benz,no,17.17
545,749,small car,manual,60,corsa,150000,petrol,opel,no,21.08
546,13999,limousine,manual,86,golf,20000,petrol,volkswagen,no,4.92
547,7000,limousine,manual,110,laguna,90000,petrol,renault,no,8.33
548,3390,station wagon,manual,95,a_klasse,150000,petrol,mercedes_benz,no,15.0
549,16350,suv,manual,110,yeti,50000,diesel,skoda,no,5.25
552,27800,suv,manual,160,tiguan,30000,petrol,volkswagen,no,4.5
553,7250,suv,manual,140,tucson,125000,diesel,hyundai,no,11.75
554,6200,limousine,manual,136,a_klasse,80000,petrol,mercedes_benz,no,11.75
555,5200,small car,manual,101,panda,80000,petrol,fiat,no,11.92
558,11500,limousine,manual,140,astra,20000,petrol,opel,no,6.33
560,3490,small car,manual,80,punto,125000,petrol,fiat,no,16.58
561,3900,bus,automatic,111,modus,80000,petrol,renault,no,13.83
562,10999,limousine,manual,122,1er,100000,petrol,bmw,no,8.25
564,2800,coupe,manual,192,rx_reihe,150000,petrol,mazda,no,14.17
565,11100,limousine,manual,143,1er,150000,diesel,bmw,no,9.08
566,1500,limousine,manual,90,golf,150000,petrol,volkswagen,no,29.5
570,6200,bus,manual,110,transit,150000,diesel,ford,no,10.42
573,16999,bus,manual,163,sprinter,150000,diesel,mercedes_benz,no,6.08
574,7500,station wagon,automatic,150,vectra,125000,diesel,opel,no,10.83
575,4999,small car,manual,95,forfour,100000,petrol,smart,no,12.5
577,1000,suv,automatic,185,cherokee,150000,petrol,jeep,no,25.75
579,3900,station wagon,manual,140,a6,150000,diesel,audi,no,21.25
581,1750,small car,manual,60,punto,150000,petrol,fiat,no,12.42
583,6000,station wagon,automatic,179,a4,150000,diesel,audi,no,11.42
585,1500,limousine,manual,75,e_klasse,150000,diesel,mercedes_benz,yes,23.08
589,4100,limousine,automatic,231,3er,150000,lpg,bmw,no,19.0
591,5699,station wagon,automatic,299,a6,150000,petrol,audi,no,19.42
592,1199,limousine,manual,90,80,150000,petrol,audi,no,26.25
593,10590,station wagon,manual,102,caddy,60000,diesel,volkswagen,no,7.0
594,5800,limousine,automatic,77,others,125000,hybrid,toyota,no,14.5
595,999,limousine,manual,75,cordoba,90000,petrol,seat,no,19.33
596,4490,station wagon,manual,116,transporter,150000,petrol,volkswagen,no,20.58
597,6800,limousine,automatic,143,c_klasse,125000,petrol,mercedes_benz,no,11.33
598,1999,limousine,manual,105,3er,150000,petrol,bmw,no,18.33
600,11500,station wagon,automatic,170,passat,90000,diesel,volkswagen,no,11.25
602,5999,small car,manual,60,polo,60000,petrol,volkswagen,no,9.42
606,4200,station wagon,manual,143,others,150000,diesel,mercedes_benz,no,17.17
608,2500,suv,manual,147,santa,150000,lpg,hyundai,no,14.83
610,250,small car,manual,45,corsa,150000,petrol,opel,no,22.33
611,2850,limousine,automatic,218,c_klasse,150000,petrol,mercedes_benz,no,18.83
612,6900,limousine,automatic,231,5er,150000,petrol,bmw,no,18.83
613,6200,bus,manual,129,sprinter,150000,diesel,mercedes_benz,no,10.83
616,666,small car,manual,60,corsa,150000,petrol,opel,no,22.0
617,3450,limousine,manual,55,80,125000,petrol,audi,no,39.25
618,40000,limousine,automatic,400,others,70000,petrol,porsche,no,9.83
619,800,small car,manual,75,clio,150000,petrol,renault,no,17.25
620,9000,small car,automatic,86,polo,50000,petrol,volkswagen,no,8.42
623,16999,suv,automatic,163,kuga,125000,diesel,ford,no,7.42
626,9999,limousine,manual,99,i_reihe,40000,petrol,hyundai,no,6.92
628,2100,suv,automatic,211,cherokee,150000,petrol,jeep,no,16.25
629,2999,station wagon,manual,102,v40,150000,diesel,volvo,no,15.08
630,5200,coupe,manual,170,3er,150000,lpg,bmw,no,16.08
632,9500,suv,automatic,179,navara,150000,diesel,nissan,yes,13.0
633,1450,limousine,manual,75,civic,125000,petrol,honda,no,21.17
634,10499,limousine,automatic,250,passat,125000,petrol,volkswagen,no,10.0
635,13900,limousine,automatic,204,1er,125000,diesel,bmw,no,10.42
636,650,limousine,automatic,101,astra,150000,petrol,opel,no,22.33
637,1500,small car,manual,88,2_reihe,100000,petrol,peugeot,no,19.42
638,8950,station wagon,manual,136,v70,150000,diesel,volvo,no,9.17
640,2400,limousine,manual,101,golf,150000,diesel,volkswagen,no,16.25
641,5500,cabrio,automatic,143,3er,150000,petrol,bmw,no,16.58
642,2400,limousine,manual,150,5er,150000,petrol,bmw,no,18.08
643,2990,limousine,manual,88,3_reihe,40000,petrol,mazda,no,18.5
644,29800,limousine,automatic,170,q3,40000,petrol,audi,no,5.67
645,6200,station wagon,manual,110,2_reihe,60000,petrol,peugeot,no,9.83
646,10499,limousine,automatic,179,astra,60000,petrol,opel,no,8.33
647,13900,station wagon,automatic,272,e_klasse,150000,petrol,mercedes_benz,no,11.58
648,2900,small car,automatic,69,golf,150000,petrol,volkswagen,no,27.92
649,7980,small car,manual,86,polo,80000,petrol,volkswagen,no,9.83
650,6000,limousine,manual,116,3er,150000,petrol,bmw,no,14.42
651,9199,suv,manual,150,captiva,125000,diesel,chevrolet,no,12.83
652,550,station wagon,automatic,100,focus,150000,petrol,ford,yes,15.25
656,1350,station wagon,automatic,177,e_klasse,150000,diesel,mercedes_benz,no,20.83
658,7600,coupe,manual,179,tt,80000,petrol,audi,no,16.5
659,8299,small car,manual,84,golf,90000,petrol,volkswagen,no,6.58
662,7499,suv,automatic,155,santa,150000,diesel,hyundai,no,12.0
663,6750,suv,automatic,195,sorento,100000,petrol,kia,no,13.42
664,7500,small car,manual,170,cooper,100000,petrol,mini,no,14.58
671,6500,cabrio,manual,170,3er,150000,petrol,bmw,no,17.58
672,16600,coupe,automatic,231,e_klasse,150000,diesel,mercedes_benz,no,9.58
676,2600,small car,manual,101,golf,150000,diesel,volkswagen,no,15.92
677,19900,limousine,automatic,231,e_klasse,150000,diesel,mercedes_benz,no,8.08
682,3699,small car,manual,60,corsa,125000,petrol,opel,no,12.83
683,1550,small car,manual,50,polo,150000,petrol,volkswagen,no,18.5
684,4300,limousine,manual,90,80,125000,petrol,audi,no,30.67
685,3999,bus,manual,177,verso,150000,diesel,toyota,no,11.17
686,7300,station wagon,manual,129,3er,150000,petrol,bmw,no,12.5
689,380,small car,manual,45,polo,150000,petrol,volkswagen,yes,26.0
690,6800,limousine,automatic,224,c_klasse,150000,diesel,mercedes_benz,no,12.75
691,780,small car,manual,60,astra,125000,petrol,opel,no,21.08
692,6000,limousine,automatic,125,astra,50000,petrol,opel,no,15.0
694,7700,station wagon,automatic,150,c_klasse,150000,diesel,mercedes_benz,no,13.25
695,3200,small car,manual,75,forfour,125000,petrol,smart,no,14.33
696,600,station wagon,manual,122,c_klasse,30000,petrol,mercedes_benz,yes,20.25
697,4499,bus,manual,120,zafira,150000,diesel,opel,no,12.42
698,3222,small car,manual,34,kaefer,125000,petrol,volkswagen,no,35.75
699,400,limousine,automatic,100,a4,150000,petrol,audi,yes,23.33
700,1999,station wagon,manual,136,3_reihe,150000,diesel,peugeot,no,14.5
702,950,small car,manual,65,corsa,150000,petrol,opel,no,18.25
704,41800,bus,automatic,163,v_klasse,20000,diesel,mercedes_benz,no,3.25
706,3800,others,manual,76,doblo,125000,diesel,fiat,no,12.25
707,3700,station wagon,manual,105,astra,150000,petrol,opel,no,12.67
708,1500,small car,automatic,75,twingo,150000,petrol,renault,no,16.33
709,10980,limousine,manual,105,golf,100000,diesel,volkswagen,no,7.92
710,1990,station wagon,automatic,150,laguna,150000,diesel,renault,no,15.5
713,17000,limousine,automatic,450,others,150000,petrol,audi,no,12.75
714,8500,bus,manual,60,transporter,150000,petrol,volkswagen,no,39.33
715,4250,small car,manual,68,1_reihe,40000,petrol,peugeot,no,9.33
716,4499,cabrio,manual,110,mx_reihe,150000,petrol,mazda,no,17.58
717,4198,small car,automatic,61,fortwo,60000,petrol,smart,no,11.5
718,4300,limousine,manual,90,focus,150000,diesel,ford,no,10.92
720,3190,small car,manual,54,fox,125000,petrol,volkswagen,no,9.58
725,4400,station wagon,manual,105,a3,150000,diesel,audi,yes,13.08
727,5000,limousine,manual,105,a3,150000,diesel,audi,yes,9.5
728,999,small car,manual,60,polo,150000,petrol,volkswagen,no,20.42
729,2850,limousine,automatic,150,golf,150000,petrol,volkswagen,no,20.75
731,8999,limousine,manual,98,golf,150000,petrol,volkswagen,no,27.33
734,699,coupe,manual,116,astra,150000,petrol,opel,yes,18.33
737,3250,station wagon,manual,143,6_reihe,150000,diesel,mazda,no,10.08
738,3150,station wagon,manual,101,bora,125000,petrol,volkswagen,no,19.58
741,750,small car,manual,60,corsa,150000,petrol,opel,no,20.08
742,3050,limousine,manual,170,altea,150000,diesel,seat,yes,12.67
744,500,station wagon,manual,125,omega,150000,diesel,opel,yes,16.0
746,9500,coupe,manual,160,scirocco,125000,petrol,volkswagen,no,9.33
747,30875,bus,automatic,179,transporter,150000,diesel,volkswagen,no,7.17
748,1900,small car,manual,58,corsa,100000,petrol,opel,no,17.33
749,4000,limousine,manual,192,3er,150000,petrol,bmw,no,16.5
750,990,small car,manual,75,focus,150000,petrol,ford,no,15.75
751,500,limousine,manual,116,mondeo,150000,petrol,ford,no,19.42
752,3400,small car,manual,52,twingo,125000,petrol,renault,no,9.5
753,1300,small car,automatic,41,fortwo,150000,diesel,smart,no,17.42
755,7900,small car,manual,69,corsa,40000,petrol,opel,no,5.08
756,4300,limousine,manual,95,colt,80000,petrol,mitsubishi,no,11.83
757,8999,limousine,manual,102,a4,125000,petrol,audi,no,11.5
759,18300,limousine,automatic,450,others,150000,petrol,audi,no,12.58
761,5888,small car,manual,75,polo,125000,diesel,volkswagen,no,10.0
763,27675,cabrio,automatic,190,a5,60000,diesel,audi,no,7.33
764,1450,station wagon,manual,107,c5,150000,diesel,citroen,no,15.42
765,20000,limousine,automatic,265,c_klasse,50000,diesel,mercedes_benz,no,7.92
766,6300,limousine,manual,116,1er,125000,petrol,bmw,no,13.08
768,8250,bus,manual,131,scenic,125000,petrol,renault,no,8.58
770,3200,bus,automatic,135,scenic,70000,petrol,renault,no,12.83
773,7900,limousine,automatic,200,golf,125000,petrol,volkswagen,no,10.5
776,4660,station wagon,manual,140,passat,150000,diesel,volkswagen,no,12.5
777,2600,small car,manual,68,1_reihe,125000,petrol,peugeot,no,10.5
778,1750,small car,manual,98,almera,125000,petrol,nissan,yes,12.33
779,6990,small car,manual,69,i_reihe,30000,petrol,hyundai,no,5.17
780,1500,bus,automatic,150,others,150000,petrol,honda,no,19.67
781,4800,station wagon,automatic,116,golf,150000,petrol,volkswagen,no,13.33
782,15900,suv,automatic,290,cayenne,150000,petrol,porsche,no,11.42
783,1200,limousine,manual,193,5er,150000,petrol,bmw,yes,22.75
784,6800,small car,automatic,84,fortwo,50000,petrol,smart,no,8.75
791,550,limousine,automatic,105,astra,100000,petrol,opel,no,23.42
793,4900,limousine,manual,116,a_klasse,150000,petrol,mercedes_benz,no,13.5
795,6900,limousine,manual,179,golf,150000,petrol,volkswagen,no,17.67
797,929,limousine,manual,101,a4,150000,petrol,audi,no,22.33
799,1100,station wagon,manual,75,astra,150000,petrol,opel,no,21.58
804,11490,station wagon,manual,105,a3,90000,petrol,audi,no,8.67
806,1300,limousine,manual,101,bora,150000,petrol,volkswagen,no,19.42
808,2600,small car,manual,65,yaris,80000,petrol,toyota,no,14.33
810,18450,cabrio,automatic,184,slk,70000,petrol,mercedes_benz,no,9.5
812,7000,limousine,automatic,231,5er,150000,diesel,bmw,no,14.0
814,2200,limousine,manual,105,leon,150000,petrol,seat,no,16.5
815,700,limousine,manual,113,others,150000,diesel,hyundai,yes,16.5
816,3990,limousine,manual,101,astra,150000,diesel,opel,no,14.33
819,600,small car,manual,65,corsa,150000,petrol,opel,no,19.92
820,900,station wagon,manual,100,astra,150000,petrol,opel,yes,22.58
822,1999,limousine,manual,110,corolla,150000,petrol,toyota,no,17.67
823,4990,limousine,automatic,272,7er,150000,petrol,bmw,no,16.17
824,4899,station wagon,manual,136,passat,150000,diesel,volkswagen,no,13.33
825,4500,limousine,manual,170,3er,150000,petrol,bmw,no,20.92
827,10800,station wagon,manual,344,others,150000,petrol,audi,no,15.83
829,5799,small car,manual,60,up,60000,petrol,volkswagen,no,6.5
831,15800,station wagon,manual,170,octavia,70000,diesel,skoda,no,6.17
833,3000,small car,manual,101,ibiza,125000,petrol,seat,no,15.58
835,13333,station wagon,manual,160,a3,60000,petrol,audi,no,7.83
837,1200,small car,manual,60,2_reihe,150000,petrol,peugeot,no,17.08
838,14490,cabrio,automatic,239,boxster,150000,petrol,porsche,no,13.42
839,4500,limousine,automatic,144,omega,80000,petrol,opel,no,16.58
840,6800,limousine,automatic,224,e_klasse,150000,petrol,mercedes_benz,no,15.58
841,1000,station wagon,manual,170,5er,150000,petrol,bmw,yes,21.75
842,6599,station wagon,manual,140,astra,150000,petrol,opel,no,12.33
843,2500,limousine,manual,84,a_klasse,150000,petrol,mercedes_benz,no,17.42
844,5500,small car,automatic,71,fortwo,40000,petrol,smart,no,10.5
846,3450,limousine,manual,120,147,150000,diesel,alfa_romeo,no,11.33
849,3600,limousine,manual,75,golf,150000,petrol,volkswagen,no,14.5
850,999,bus,manual,107,scenic,150000,petrol,renault,no,19.83
851,4350,limousine,manual,75,golf,70000,petrol,volkswagen,no,17.0
853,6950,bus,manual,102,touran,40000,petrol,volkswagen,no,13.92
855,15850,cabrio,manual,170,tt,90000,diesel,audi,no,11.0
857,14900,bus,automatic,170,touran,100000,petrol,volkswagen,no,10.25
858,39999,station wagon,automatic,487,c_klasse,100000,petrol,mercedes_benz,no,7.25
859,5500,cabrio,manual,163,a4,150000,petrol,audi,no,15.17
860,4850,small car,manual,80,corsa,90000,petrol,opel,no,10.42
862,1200,coupe,manual,116,calibra,150000,petrol,opel,yes,25.5
865,999,small car,manual,50,lupo,150000,petrol,volkswagen,no,19.5
867,6900,limousine,automatic,197,s_klasse,150000,diesel,mercedes_benz,no,17.67
869,2500,coupe,manual,143,others,150000,petrol,hyundai,no,15.58
870,16750,bus,manual,131,transporter,150000,diesel,volkswagen,no,14.33
871,2550,small car,manual,54,polo,100000,petrol,volkswagen,no,15.0
872,37800,suv,automatic,177,q5,70000,diesel,audi,no,5.5
874,8999,small car,manual,174,cooper,100000,petrol,mini,no,11.58
875,13250,station wagon,automatic,170,passat,150000,diesel,volkswagen,no,7.08
877,2800,small car,manual,86,polo,150000,petrol,volkswagen,no,14.25
879,8999,station wagon,automatic,179,a6,150000,diesel,audi,no,10.08
880,14950,station wagon,manual,160,insignia,90000,diesel,opel,no,8.25
885,1490,small car,manual,80,punto,125000,petrol,fiat,no,16.58
888,4590,limousine,manual,105,golf,125000,petrol,volkswagen,no,18.25
889,34850,cabrio,manual,320,911,100000,petrol,porsche,no,15.83
890,11500,limousine,automatic,204,others,150000,petrol,mercedes_benz,no,11.0
892,17000,limousine,manual,116,1er,80000,diesel,bmw,no,4.67
893,15990,coupe,manual,179,a5,150000,petrol,audi,no,6.08
894,2850,limousine,manual,72,others,150000,diesel,mercedes_benz,no,31.58
896,1999,small car,manual,60,2_reihe,150000,petrol,peugeot,no,13.58
897,1999,station wagon,manual,115,focus,150000,petrol,ford,no,19.83
898,16900,bus,manual,86,golf,10000,petrol,volkswagen,no,4.67
899,18900,coupe,manual,300,911,150000,petrol,porsche,no,19.25
900,4650,suv,manual,114,x_trail,150000,diesel,nissan,no,17.0
901,9750,limousine,manual,170,1er,125000,petrol,bmw,no,11.5
902,1500,station wagon,automatic,110,bora,150000,diesel,volkswagen,no,19.92
904,16000,station wagon,manual,184,5er,150000,diesel,bmw,no,7.5
905,11500,station wagon,manual,143,3er,100000,petrol,bmw,no,9.83
906,990,limousine,manual,90,golf,150000,diesel,volkswagen,no,23.25
908,950,small car,manual,55,arosa,150000,petrol,seat,no,19.67
909,10999,small car,manual,105,polo,50000,petrol,volkswagen,no,7.33
910,16900,coupe,automatic,170,3er,150000,petrol,bmw,no,10.58
912,5800,bus,manual,86,transit,150000,diesel,ford,no,8.58
914,10750,small car,manual,90,polo,30000,petrol,volkswagen,no,5.0
915,4750,small car,manual,69,polo,125000,petrol,volkswagen,no,11.67
916,5750,cabrio,automatic,71,fortwo,60000,petrol,smart,no,9.42
917,1999,bus,manual,115,sharan,150000,petrol,volkswagen,no,19.33
918,555,limousine,manual,90,80,150000,petrol,audi,no,25.25
919,7499,station wagon,manual,109,v50,150000,diesel,volvo,no,8.42
923,13600,coupe,manual,200,scirocco,100000,petrol,volkswagen,no,9.33
924,850,station wagon,manual,125,impreza,150000,petrol,subaru,no,19.75
925,4300,station wagon,manual,105,astra,125000,petrol,opel,no,12.25
926,450,small car,manual,50,arosa,150000,petrol,seat,no,19.25
927,10500,bus,manual,105,golf,40000,petrol,volkswagen,no,8.83
931,1190,limousine,automatic,116,6_reihe,150000,petrol,mazda,no,19.92
932,4190,station wagon,manual,125,astra,150000,petrol,opel,no,13.17
935,590,small car,manual,90,2_reihe,150000,petrol,peugeot,no,19.25
938,2990,small car,manual,120,others,100000,petrol,fiat,no,10.58
941,2450,limousine,manual,116,3er,150000,petrol,bmw,no,16.83
943,5200,limousine,manual,116,a_klasse,150000,petrol,mercedes_benz,no,14.42
945,5200,limousine,manual,100,astra,150000,petrol,opel,no,8.42
946,28900,limousine,automatic,170,e_klasse,150000,diesel,mercedes_benz,no,5.42
948,8000,station wagon,automatic,220,v50,125000,petrol,volvo,no,13.67
951,8000,station wagon,automatic,160,insignia,150000,diesel,opel,no,7.25
952,6350,limousine,manual,116,golf,125000,petrol,volkswagen,no,11.25
953,500,small car,manual,58,twingo,150000,petrol,renault,no,20.33
955,950,small car,manual,60,polo,150000,petrol,volkswagen,no,21.92
957,6500,small car,manual,269,corsa,90000,petrol,opel,no,22.33
958,10950,small car,automatic,94,swift,20000,petrol,suzuki,no,4.83
959,8900,limousine,manual,305,golf,150000,petrol,volkswagen,no,17.92
960,750,small car,manual,60,micra,150000,lpg,nissan,no,17.42
961,6350,suv,automatic,163,m_klasse,150000,diesel,mercedes_benz,no,17.0
962,2750,bus,automatic,170,others,150000,petrol,chevrolet,no,29.75
964,8250,limousine,manual,102,golf,70000,petrol,volkswagen,no,10.33
965,1200,limousine,manual,88,3_reihe,125000,petrol,mazda,no,20.58
966,699,small car,manual,54,micra,150000,petrol,nissan,no,19.92
967,1400,station wagon,manual,60,polo,150000,petrol,volkswagen,no,19.92
968,3800,station wagon,manual,101,golf,100000,diesel,volkswagen,no,14.83
969,2200,limousine,manual,75,others,150000,diesel,mercedes_benz,no,28.83
971,5900,bus,manual,102,transporter,150000,diesel,volkswagen,no,16.08
972,3000,limousine,manual,75,golf,150000,petrol,volkswagen,no,15.08
973,500,limousine,manual,115,80,150000,petrol,audi,no,24.5
975,6900,bus,manual,57,transporter,150000,diesel,volkswagen,no,30.17
976,2850,small car,manual,90,golf,150000,diesel,volkswagen,no,19.75
977,6499,bus,manual,131,sharan,150000,diesel,volkswagen,no,13.5
978,5400,limousine,automatic,218,c_klasse,150000,petrol,mercedes_benz,no,17.42
981,5200,coupe,manual,90,others,100000,petrol,ford,no,41.75
983,7500,limousine,manual,105,golf,125000,diesel,volkswagen,no,9.83
987,6500,small car,manual,120,cooper,125000,petrol,mini,no,11.5
989,1999,limousine,manual,90,a_klasse,150000,lpg,mercedes_benz,no,20.67
992,87991,cabrio,automatic,400,911,40000,petrol,porsche,no,6.25
994,1650,bus,manual,75,transit,150000,diesel,ford,yes,11.83
995,15250,limousine,automatic,140,jetta,70000,diesel,volkswagen,no,7.92
997,3400,cabrio,manual,90,escort,150000,petrol,ford,no,29.33
998,4500,bus,manual,131,others,150000,diesel,renault,no,11.17
999,9999,cabrio,automatic,140,eos,100000,diesel,volkswagen,no,10.33
1000,1400,limousine,manual,101,100,150000,petrol,audi,no,27.58
1001,5599,limousine,manual,204,x_reihe,150000,diesel,bmw,no,15.0
1002,2500,cabrio,automatic,61,others,150000,petrol,smart,no,17.83
1003,2800,limousine,manual,101,astra,150000,diesel,opel,no,14.67
1004,1300,coupe,manual,154,others,150000,petrol,saab,no,19.92
1005,9999,bus,manual,131,others,125000,diesel,renault,no,7.08
1006,500,small car,manual,90,golf,150000,diesel,volkswagen,yes,21.0
1007,4399,small car,automatic,61,fortwo,40000,petrol,smart,no,8.0
1009,3690,cabrio,manual,131,megane,150000,diesel,renault,no,12.42
1011,1200,limousine,manual,75,golf,150000,petrol,volkswagen,yes,20.58
1012,21999,limousine,manual,306,3er,125000,petrol,bmw,no,9.17
1015,1999,small car,manual,88,2_reihe,125000,petrol,peugeot,no,13.75
1017,8599,limousine,manual,136,others,80000,petrol,citroen,no,42.58
1020,650,small car,manual,75,sandero,60000,petrol,dacia,yes,9.42
1023,7150,bus,manual,131,meriva,150000,diesel,opel,no,7.58
1024,5790,station wagon,manual,95,3_reihe,60000,petrol,peugeot,no,10.67
1025,530,small car,manual,50,polo,150000,petrol,volkswagen,no,21.25
1027,9000,station wagon,manual,143,3er,150000,diesel,bmw,no,8.5
1028,1500,limousine,manual,122,c_klasse,150000,petrol,mercedes_benz,yes,20.5
1029,4100,small car,manual,101,twingo,125000,petrol,renault,no,9.67
1030,21830,bus,manual,105,touran,20000,diesel,volkswagen,no,5.0
1037,6600,cabrio,manual,110,mx_reihe,60000,petrol,mazda,no,15.75
1039,850,station wagon,manual,74,focus,150000,diesel,ford,yes,14.25
1041,2980,limousine,manual,136,4_reihe,150000,diesel,peugeot,no,13.67
1042,8250,station wagon,automatic,218,300c,150000,diesel,chrysler,no,12.67
1043,400,small car,manual,45,others,150000,petrol,citroen,no,22.83
1044,1999,station wagon,manual,113,e_klasse,150000,diesel,mercedes_benz,no,23.42
1046,15499,bus,manual,156,c4,30000,petrol,citroen,no,4.5
1048,1200,small car,manual,54,micra,150000,petrol,nissan,no,18.33
1049,4595,limousine,manual,150,bravo,150000,diesel,fiat,yes,10.58
1053,4150,station wagon,manual,130,a4,150000,diesel,audi,no,16.25
1054,2290,small car,manual,64,polo,150000,petrol,volkswagen,no,14.08
1059,950,small car,manual,50,arosa,125000,petrol,seat,no,16.25
1060,5750,station wagon,automatic,163,e_klasse,80000,petrol,mercedes_benz,no,15.67
1061,13000,small car,manual,122,cooper,60000,petrol,mini,no,8.92
1063,18500,limousine,automatic,235,5er,125000,diesel,bmw,no,10.42
1065,12500,cabrio,manual,140,eos,100000,diesel,volkswagen,no,10.83
1067,7777,limousine,manual,177,5er,150000,petrol,bmw,no,13.33
1068,7750,station wagon,manual,150,c_klasse,150000,diesel,mercedes_benz,no,11.33
1072,4500,cabrio,manual,98,golf,150000,petrol,volkswagen,no,28.42
1075,7990,limousine,manual,192,3er,125000,petrol,bmw,no,15.58
1076,2900,limousine,manual,118,focus,100000,petrol,ford,no,14.42
1077,800,station wagon,manual,101,astra,150000,diesel,opel,no,19.83
1079,2500,limousine,manual,116,3er,150000,petrol,bmw,no,17.58
1080,8950,limousine,manual,101,astra,70000,petrol,opel,no,7.83
1081,1290,limousine,manual,98,a_klasse,150000,petrol,mercedes_benz,no,19.67
1082,1650,limousine,manual,103,stilo,125000,petrol,fiat,no,15.42
1083,8000,limousine,manual,136,a_klasse,50000,petrol,mercedes_benz,no,11.58
1084,36500,station wagon,automatic,184,5er,40000,diesel,bmw,no,4.58
1087,9500,limousine,automatic,245,golf,125000,petrol,volkswagen,no,11.25
1088,15300,bus,manual,174,transporter,150000,diesel,volkswagen,no,12.42
1093,9500,cabrio,manual,140,astra,125000,petrol,opel,no,10.08
1095,4200,station wagon,automatic,180,a6,150000,diesel,audi,no,17.25
1097,850,limousine,manual,75,80,125000,petrol,audi,no,27.08
1098,2400,small car,manual,60,2_reihe,80000,petrol,peugeot,no,14.42
1099,4500,limousine,manual,101,beetle,125000,petrol,volkswagen,no,18.33
1100,680,small car,manual,54,others,150000,petrol,fiat,no,22.08
1101,2222,cabrio,manual,116,golf,150000,petrol,volkswagen,no,24.75
1102,6999,limousine,manual,75,golf,100000,petrol,volkswagen,no,13.33
1103,850,small car,manual,70,2_reihe,150000,petrol,peugeot,no,18.17
1104,13800,cabrio,automatic,252,a4,150000,diesel,audi,no,12.25
1105,19800,small car,automatic,185,a1,40000,petrol,audi,no,7.83
1106,1700,limousine,manual,150,5er,150000,petrol,bmw,no,24.25
1109,3900,cabrio,manual,125,astra,70000,petrol,opel,no,17.58
1110,6390,small car,manual,69,500,60000,petrol,fiat,no,9.67
1111,6390,small car,manual,60,fiesta,40000,petrol,ford,no,6.08
1112,700,station wagon,manual,120,passat,150000,petrol,volkswagen,yes,23.42
1114,9999,limousine,manual,226,focus,125000,petrol,ford,no,11.75
1116,1700,limousine,manual,95,e_klasse,150000,diesel,mercedes_benz,no,20.33
1118,4300,small car,manual,75,clio,80000,petrol,renault,no,11.67
1122,8499,limousine,automatic,105,golf,100000,diesel,volkswagen,no,11.08
1125,2000,limousine,manual,75,golf,150000,petrol,volkswagen,no,20.0
1127,5300,limousine,manual,105,passat,125000,diesel,volkswagen,no,12.08
1129,650,station wagon,manual,101,astra,150000,petrol,opel,no,19.92
1131,19000,limousine,automatic,320,s_klasse,150000,diesel,mercedes_benz,no,12.0
1134,11900,limousine,automatic,184,c_klasse,80000,petrol,mercedes_benz,no,9.67
1137,31800,cabrio,manual,400,3er,100000,petrol,bmw,no,31.08
1139,999,small car,manual,50,arosa,150000,petrol,seat,no,20.83
1140,36500,limousine,automatic,192,x_reihe,5000,petrol,bmw,no,3.92
1141,3710,bus,manual,102,transporter,150000,diesel,volkswagen,no,21.83
1142,5799,station wagon,manual,122,c_klasse,150000,diesel,mercedes_benz,no,11.5
1143,1450,cabrio,automatic,41,fortwo,150000,diesel,smart,no,17.58
1144,5750,small car,manual,80,polo,80000,petrol,volkswagen,no,9.5
1145,9000,limousine,manual,140,astra,60000,petrol,opel,no,7.92
1146,12499,suv,manual,140,tiguan,125000,diesel,volkswagen,no,9.75
1147,4750,small car,manual,92,swift,100000,petrol,suzuki,no,9.42
1148,1550,limousine,manual,110,corolla,100000,petrol,toyota,no,18.25
1149,4350,bus,manual,116,sharan,150000,diesel,volkswagen,no,17.17
1150,7795,station wagon,manual,140,a4,150000,diesel,audi,no,13.67
1151,3199,small car,manual,109,2_reihe,150000,diesel,peugeot,no,11.5
1152,26500,limousine,automatic,408,5er,150000,petrol,bmw,no,10.0
1153,21980,cabrio,manual,131,mx_reihe,5000,petrol,mazda,no,3.83
1155,1800,station wagon,manual,122,c_klasse,150000,petrol,mercedes_benz,no,19.58
1156,5990,small car,manual,86,ibiza,125000,petrol,seat,no,8.33
1157,9500,bus,automatic,109,others,90000,diesel,citroen,no,9.75
1158,1490,small car,automatic,45,fortwo,150000,diesel,smart,yes,18.0
1159,6400,suv,automatic,184,x_reihe,150000,diesel,bmw,no,15.83
1161,500,limousine,manual,105,others,100000,petrol,fiat,no,21.92
1162,1600,station wagon,manual,88,3_reihe,150000,petrol,mazda,no,21.0
1163,3990,bus,manual,101,zafira,150000,diesel,opel,no,14.0
1164,56000,limousine,automatic,313,others,20000,diesel,audi,no,5.0
1165,1550,small car,manual,64,polo,150000,petrol,volkswagen,no,16.08
1166,5500,station wagon,manual,105,passat,150000,diesel,volkswagen,no,13.75
1168,11750,limousine,automatic,218,x_reihe,150000,diesel,bmw,no,13.08
1169,13199,cabrio,manual,120,2_reihe,30000,petrol,peugeot,no,6.42
1170,18499,limousine,manual,204,c_klasse,100000,diesel,mercedes_benz,no,9.92
1172,10999,coupe,automatic,306,cl,150000,petrol,mercedes_benz,no,17.92
1173,10000,limousine,manual,204,others,5000,petrol,opel,no,38.42
1174,1700,limousine,manual,75,2_reihe,150000,petrol,peugeot,no,12.17
1175,31900,limousine,automatic,177,q3,30000,diesel,audi,no,5.33
1176,6500,station wagon,automatic,224,e_klasse,150000,diesel,mercedes_benz,no,13.75
1177,1100,small car,manual,73,punto,70000,petrol,fiat,no,20.25
1179,3980,limousine,manual,34,kaefer,60000,petrol,volkswagen,no,44.58
1182,5899,station wagon,manual,155,a6,150000,diesel,audi,no,16.5
1183,1800,small car,manual,64,polo,150000,petrol,volkswagen,no,15.0
1184,6990,small car,manual,86,ibiza,100000,petrol,seat,no,9.08
1185,4100,station wagon,manual,105,octavia,150000,diesel,skoda,no,13.5
1187,1500,bus,manual,145,galaxy,150000,petrol,ford,yes,17.42
1190,17490,limousine,manual,184,1er,150000,diesel,bmw,yes,5.92
1191,6000,limousine,automatic,177,3er,125000,diesel,bmw,no,9.67
1194,7500,cabrio,manual,126,mx_reihe,125000,petrol,mazda,no,12.17
1195,500,limousine,manual,102,vectra,150000,petrol,opel,no,29.33
1196,12900,station wagon,automatic,232,a6,150000,diesel,audi,no,10.58
1197,699,station wagon,manual,131,mondeo,150000,diesel,ford,no,14.75
1198,12500,coupe,automatic,252,others,150000,petrol,mercedes_benz,no,29.67
1199,2600,limousine,automatic,170,3er,150000,petrol,bmw,no,19.0
1201,2950,limousine,manual,101,focus,70000,petrol,ford,no,15.0
1202,11250,station wagon,manual,136,c_klasse,150000,diesel,mercedes_benz,no,8.92
1203,16200,station wagon,automatic,170,a6,150000,diesel,audi,no,7.33
1204,4300,small car,manual,120,2_reihe,125000,petrol,peugeot,no,10.42
1206,2199,small car,manual,50,lupo,150000,petrol,volkswagen,no,19.58
1207,2128,station wagon,manual,90,golf,150000,diesel,volkswagen,no,17.25
1209,10200,limousine,manual,160,a4,150000,petrol,audi,no,11.83
1210,622,small car,manual,75,2_reihe,100000,petrol,peugeot,yes,19.0
1211,1450,limousine,manual,122,c_klasse,150000,petrol,mercedes_benz,no,24.5
1213,1399,limousine,automatic,197,others,150000,petrol,hyundai,no,15.42
1214,3800,small car,manual,77,punto,90000,petrol,fiat,no,11.42
1215,16900,station wagon,manual,184,3er,150000,diesel,bmw,no,7.25
1216,850,station wagon,manual,75,astra,150000,petrol,opel,no,19.17
1217,4499,station wagon,manual,179,a6,150000,diesel,audi,no,14.25
1218,20500,limousine,automatic,122,a_klasse,30000,petrol,mercedes_benz,no,4.42
1219,5000,station wagon,manual,149,golf,150000,diesel,volkswagen,no,10.08
1221,2999,limousine,manual,163,5er,150000,diesel,bmw,no,17.67
1224,500,small car,manual,60,punto,150000,petrol,fiat,no,18.25
1226,3150,small car,manual,58,twingo,50000,petrol,renault,no,11.0
1227,6900,station wagon,manual,90,astra,90000,petrol,opel,no,8.5
1231,3799,station wagon,manual,116,passat,150000,diesel,volkswagen,no,19.58
1234,850,bus,manual,82,kangoo,150000,diesel,renault,no,14.92
1238,990,limousine,manual,54,golf,150000,petrol,volkswagen,no,27.58
1241,7998,small car,manual,82,fiesta,60000,petrol,ford,no,7.92
1242,17300,coupe,manual,177,3er,150000,diesel,bmw,no,10.33
1247,7400,limousine,manual,105,octavia,150000,diesel,skoda,no,5.5
1248,4444,bus,manual,136,touran,150000,diesel,volkswagen,no,14.33
1249,26900,cabrio,automatic,306,z_reihe,90000,petrol,bmw,no,7.25
1251,4750,cabrio,manual,90,one,150000,petrol,mini,no,13.58
1252,8000,cabrio,manual,170,3er,125000,petrol,bmw,no,14.33
1254,4800,limousine,manual,116,golf,150000,petrol,volkswagen,no,13.42
1256,6500,small car,manual,60,fabia,50000,petrol,skoda,no,7.92
1258,23900,coupe,manual,305,mustang,40000,petrol,ford,no,9.92
1259,2750,bus,manual,65,others,150000,petrol,daihatsu,no,19.25
1261,750,limousine,manual,90,focus,150000,diesel,ford,no,19.42
1265,14700,bus,manual,102,transporter,150000,diesel,volkswagen,no,10.17
1269,6150,small car,manual,69,500,40000,petrol,fiat,no,9.17
1270,6850,station wagon,manual,102,a3,125000,petrol,audi,no,12.25
1271,8200,cabrio,manual,163,a4,90000,petrol,audi,no,15.42
1272,6250,coupe,manual,192,3er,150000,petrol,bmw,no,17.5
1273,9999,cabrio,manual,120,2_reihe,50000,petrol,peugeot,no,6.5
1274,23900,limousine,automatic,340,s_klasse,150000,petrol,mercedes_benz,no,8.08
1275,4700,small car,manual,116,cooper,125000,petrol,mini,no,15.0
1276,2970,limousine,manual,143,c_klasse,150000,diesel,mercedes_benz,no,17.08
1277,26990,suv,manual,163,xc_reihe,40000,diesel,volvo,no,6.5
1278,600,small car,manual,60,corsa,150000,petrol,opel,no,21.42
1279,4099,limousine,manual,150,3_reihe,150000,petrol,mazda,no,14.17
1283,26200,limousine,manual,140,q3,20000,diesel,audi,no,4.5
1285,2700,coupe,manual,118,3er,150000,petrol,bmw,yes,18.75
1286,12450,bus,manual,110,scenic,10000,petrol,renault,no,4.25
1287,9200,small car,automatic,102,others,30000,petrol,mazda,no,6.17
1288,44500,cabrio,automatic,315,sl,70000,petrol,mercedes_benz,no,8.67
1289,999,small car,manual,54,twingo,150000,petrol,renault,no,21.42
1290,10000,cabrio,automatic,116,others,80000,petrol,opel,no,43.0
1295,599,small car,manual,50,lupo,150000,petrol,volkswagen,no,19.17
1296,22000,station wagon,manual,200,octavia,60000,petrol,skoda,no,7.58
1298,1650,bus,manual,116,almera,150000,petrol,nissan,no,17.0
1301,21900,coupe,manual,170,a5,125000,diesel,audi,no,9.0
1302,1900,bus,manual,101,others,150000,petrol,mazda,no,16.17
1303,950,station wagon,manual,122,c_klasse,150000,petrol,mercedes_benz,no,20.42
1304,1100,station wagon,manual,125,passat,150000,petrol,volkswagen,no,20.33
1305,11200,limousine,automatic,224,c_klasse,150000,diesel,mercedes_benz,no,11.83
1307,1300,small car,manual,60,fiesta,125000,petrol,ford,no,14.83
1308,1350,small car,manual,50,polo,80000,petrol,volkswagen,no,21.08
1310,3800,suv,manual,177,pajero,150000,lpg,mitsubishi,no,19.33
1311,7990,station wagon,manual,109,i_reihe,80000,petrol,hyundai,no,7.67
1312,6280,coupe,manual,122,c_klasse,150000,petrol,mercedes_benz,no,12.5
1313,2250,station wagon,manual,150,impreza,150000,petrol,subaru,no,22.25
1315,950,station wagon,manual,74,golf,150000,petrol,volkswagen,no,21.75
1316,750,small car,manual,140,3er,150000,petrol,bmw,no,23.5
1317,1500,station wagon,manual,90,golf,150000,diesel,volkswagen,no,20.0
1319,12900,suv,manual,135,i_reihe,50000,petrol,hyundai,no,6.92
1320,11990,station wagon,manual,125,a3,125000,petrol,audi,no,9.83
1321,3600,bus,manual,128,others,150000,diesel,fiat,no,15.83
1322,14500,suv,automatic,239,q5,60000,diesel,audi,no,7.5
1323,2350,bus,manual,110,ducato,150000,diesel,fiat,no,17.0
1324,15800,bus,manual,110,golf,20000,petrol,volkswagen,no,4.75
1325,2100,small car,manual,60,punto,90000,petrol,fiat,no,18.25
1326,3599,small car,manual,58,twingo,90000,petrol,renault,no,9.5
1328,1700,limousine,automatic,150,others,150000,petrol,mercedes_benz,no,25.25
1329,650,limousine,manual,114,others,150000,petrol,kia,no,15.33
1330,5000,bus,manual,102,caddy,150000,petrol,volkswagen,no,13.83
1331,24000,station wagon,automatic,177,a4,125000,diesel,audi,no,6.75
1332,500,limousine,manual,88,3_reihe,150000,petrol,mazda,no,21.25
1334,1100,station wagon,manual,110,mondeo,150000,petrol,ford,no,17.33
1335,3799,cabrio,manual,150,3er,150000,petrol,bmw,no,22.0
1336,500,small car,manual,54,fiesta,150000,petrol,ford,yes,21.0
1337,7990,bus,manual,101,vivaro,150000,diesel,opel,no,12.58
1338,18650,bus,automatic,140,touran,100000,diesel,volkswagen,no,7.08
1339,11900,small car,manual,60,polo,20000,petrol,volkswagen,no,4.58
1341,4150,small car,manual,58,clio,40000,petrol,renault,no,8.92
1342,6500,coupe,manual,177,1er,150000,diesel,bmw,no,12.0
1343,1500,small car,manual,55,golf,150000,petrol,volkswagen,no,29.0
1344,12950,station wagon,manual,105,a3,90000,diesel,audi,no,7.17
1346,4850,station wagon,manual,179,a6,150000,diesel,audi,no,18.08
1348,5400,station wagon,automatic,105,octavia,150000,diesel,skoda,no,12.08
1350,1050,station wagon,manual,170,omega,150000,petrol,opel,no,18.0
1351,3750,limousine,manual,140,a3,150000,diesel,audi,yes,15.0
1353,42950,suv,automatic,245,touareg,50000,diesel,volkswagen,no,7.92
1354,2400,cabrio,manual,136,2_reihe,150000,petrol,peugeot,no,14.92
1356,800,station wagon,manual,115,v40,150000,diesel,volvo,yes,16.0
1358,5790,bus,manual,101,others,90000,diesel,peugeot,no,15.75
1360,3990,bus,manual,90,meriva,150000,petrol,opel,no,9.92
1363,13900,limousine,manual,245,3er,150000,diesel,bmw,no,9.33
1364,750,small car,manual,50,lupo,150000,petrol,volkswagen,yes,17.75
1366,500,station wagon,manual,116,5er,150000,petrol,bmw,yes,24.5
1368,6200,station wagon,automatic,220,e_klasse,150000,petrol,mercedes_benz,no,24.58
1369,7999,limousine,manual,200,3er,150000,diesel,bmw,no,14.75
1372,7500,bus,manual,204,sharan,90000,petrol,volkswagen,no,15.67
1373,900,cabrio,manual,88,3_reihe,150000,petrol,peugeot,no,18.17
1375,1200,small car,manual,75,corsa,150000,petrol,opel,no,15.67
1377,15900,suv,automatic,360,touareg,150000,diesel,volkswagen,no,12.67
1378,4499,station wagon,automatic,231,5er,150000,petrol,bmw,no,17.58
1379,5299,coupe,manual,224,tt,150000,petrol,audi,no,19.67
1380,5500,limousine,manual,102,a4,150000,petrol,audi,no,13.33
1381,4550,cabrio,manual,116,3er,150000,petrol,bmw,no,21.17
1382,150,station wagon,manual,136,omega,150000,petrol,opel,yes,20.33
1383,950,limousine,manual,136,vectra,90000,petrol,opel,no,27.92
1385,3150,cabrio,automatic,61,fortwo,125000,petrol,smart,no,15.25
1387,2400,station wagon,manual,118,3er,150000,diesel,bmw,no,16.0
1388,3333,small car,manual,90,golf,150000,diesel,volkswagen,no,17.58
1389,500,small car,automatic,90,golf,150000,petrol,volkswagen,no,25.17
1390,3250,limousine,manual,143,3er,150000,petrol,bmw,yes,15.92
1392,1200,station wagon,manual,115,6_reihe,150000,lpg,mazda,yes,17.08
1394,16900,limousine,manual,165,3_reihe,50000,petrol,mazda,no,4.42
1395,7290,limousine,manual,101,astra,40000,petrol,opel,no,8.33
1396,1100,limousine,manual,116,cordoba,100000,petrol,seat,no,23.08
1400,9999,suv,automatic,150,cr_reihe,150000,petrol,honda,no,12.0
1403,5450,coupe,manual,116,a3,150000,petrol,audi,no,12.5
1405,300,small car,manual,60,fiesta,90000,petrol,ford,yes,16.67
1407,2100,station wagon,manual,80,fabia,150000,petrol,skoda,no,11.42
1410,1300,limousine,manual,75,astra,150000,petrol,opel,no,19.83
1411,950,limousine,manual,140,850,150000,petrol,volvo,no,24.42
1412,1800,bus,manual,101,meriva,100000,petrol,opel,no,15.5
1413,14999,limousine,manual,120,a4,125000,diesel,audi,no,7.42
1414,15000,station wagon,automatic,239,a4,150000,diesel,audi,no,9.33
1415,15300,suv,manual,140,tiguan,80000,diesel,volkswagen,no,8.83
1419,9000,limousine,automatic,232,q7,150000,diesel,audi,no,12.5
1420,6900,limousine,automatic,260,e_klasse,150000,diesel,mercedes_benz,no,15.67
1423,1680,limousine,manual,75,golf,150000,petrol,volkswagen,no,19.92
1426,4999,limousine,manual,150,3er,150000,diesel,bmw,no,14.17
1427,1150,station wagon,manual,101,passat,150000,petrol,volkswagen,no,20.17
1428,8850,suv,manual,105,duster,60000,petrol,dacia,no,7.08
1429,2600,limousine,manual,50,kadett,30000,petrol,opel,no,16.42
1431,20750,suv,automatic,277,cx_reihe,100000,petrol,mazda,no,8.25
1433,7850,small car,manual,60,up,40000,petrol,volkswagen,no,5.17
1435,12999,coupe,manual,200,passat,150000,petrol,volkswagen,no,9.75
1436,4500,cabrio,manual,140,astra,125000,petrol,opel,no,12.67
1437,6999,small car,manual,95,2_reihe,60000,petrol,peugeot,no,6.67
1439,2300,station wagon,manual,150,a6,150000,diesel,audi,no,18.25
1440,14999,others,manual,190,navara,125000,diesel,nissan,no,7.25
1442,1400,station wagon,automatic,193,5er,150000,diesel,bmw,yes,18.92
1443,7899,suv,manual,115,duster,125000,petrol,dacia,no,6.42
1444,750,station wagon,manual,116,astra,150000,petrol,opel,no,19.25
1445,2200,limousine,manual,75,golf,125000,petrol,volkswagen,yes,10.83
1446,14400,station wagon,automatic,140,passat,125000,diesel,volkswagen,no,7.58
1447,4999,limousine,manual,143,1er,150000,diesel,bmw,no,11.25
1448,4800,small car,automatic,71,fortwo,60000,petrol,smart,no,8.92
1449,2200,limousine,manual,150,5er,150000,petrol,bmw,no,19.08
1450,3550,limousine,manual,105,golf,90000,diesel,volkswagen,no,10.67
1451,649,small car,manual,90,golf,150000,petrol,volkswagen,no,25.0
1453,3850,cabrio,automatic,116,golf,150000,petrol,volkswagen,no,19.75
1456,1600,limousine,manual,144,omega,150000,lpg,opel,no,18.5
1457,3790,station wagon,manual,131,passat,150000,diesel,volkswagen,no,15.92
1459,1500,station wagon,manual,150,others,150000,diesel,audi,no,19.58
1460,999,station wagon,manual,101,focus,150000,petrol,ford,no,16.25
1463,2499,bus,manual,101,meriva,150000,diesel,opel,no,14.08
1464,1200,limousine,manual,101,a4,150000,petrol,audi,no,22.5
1465,2300,small car,manual,75,sandero,150000,petrol,dacia,no,9.5
1466,2200,station wagon,manual,101,passat,150000,petrol,volkswagen,no,20.42
1467,3280,limousine,automatic,95,a_klasse,150000,diesel,mercedes_benz,no,14.17
1468,4900,cabrio,manual,147,astra,150000,petrol,opel,no,16.5
1470,2600,bus,manual,116,sharan,150000,diesel,volkswagen,no,16.92
1472,19190,station wagon,manual,177,a4,90000,diesel,audi,no,6.75
1473,6500,cabrio,manual,90,one,125000,petrol,mini,no,14.58
1474,5950,small car,manual,150,fiesta,150000,petrol,ford,no,12.92
1476,20999,station wagon,automatic,239,a6,150000,diesel,audi,no,8.67
1477,1000,small car,manual,65,2_reihe,150000,petrol,peugeot,no,19.83
1478,9500,limousine,manual,102,golf,70000,petrol,volkswagen,no,9.25
1479,500,coupe,manual,113,3er,150000,petrol,bmw,yes,28.67
1481,500,limousine,manual,116,vectra,150000,petrol,opel,no,19.5
1484,3999,coupe,manual,102,a3,150000,petrol,audi,no,17.5
1485,1900,limousine,manual,150,3er,150000,petrol,bmw,no,23.0
1486,5200,station wagon,manual,170,a4,150000,petrol,audi,no,16.33
1487,3999,small car,manual,60,corsa,60000,petrol,opel,no,11.08
1489,1200,station wagon,manual,64,caddy,150000,diesel,volkswagen,no,15.42
1491,555,small car,manual,65,corsa,150000,petrol,opel,yes,19.75
1492,200,small car,manual,90,scenic,150000,petrol,renault,no,19.08
1497,400,limousine,manual,115,mondeo,150000,petrol,ford,no,19.42
1498,12790,station wagon,automatic,170,c_klasse,150000,diesel,mercedes_benz,no,8.42
1500,2350,station wagon,manual,101,golf,150000,diesel,volkswagen,no,16.58
1501,5300,limousine,manual,122,ceed,100000,petrol,kia,no,11.25
1504,2399,station wagon,manual,131,passat,150000,diesel,volkswagen,no,16.25
1505,13900,limousine,automatic,184,3er,150000,diesel,bmw,no,9.0
1506,7900,limousine,manual,143,1er,150000,diesel,bmw,no,10.5
1507,4400,limousine,automatic,150,a3,150000,petrol,audi,yes,14.33
1508,8888,small car,manual,109,rio,40000,petrol,kia,no,6.58
1509,8200,bus,manual,102,transporter,150000,diesel,volkswagen,no,18.83
1512,10500,suv,automatic,170,sorento,125000,diesel,kia,no,11.58
1515,2750,station wagon,automatic,136,3_reihe,150000,petrol,peugeot,no,13.17
1516,6999,station wagon,manual,125,focus,150000,petrol,ford,no,10.33
1517,1290,small car,manual,54,seicento,150000,petrol,fiat,no,18.33
1518,5499,limousine,manual,102,octavia,150000,petrol,skoda,no,11.92
1520,2100,station wagon,manual,150,5er,150000,petrol,bmw,no,22.5
1521,8900,suv,automatic,218,x_reihe,150000,diesel,bmw,no,13.0
1525,5999,cabrio,automatic,82,roadster,60000,petrol,smart,no,15.5
1526,2300,small car,manual,75,twingo,150000,petrol,renault,no,14.75
1528,4299,limousine,manual,145,mondeo,150000,petrol,ford,no,14.25
1529,3299,limousine,automatic,211,others,70000,petrol,jaguar,no,22.67
1531,2400,limousine,manual,102,3er,150000,petrol,bmw,no,20.83
1532,1850,limousine,automatic,169,others,100000,petrol,kia,yes,16.75
1536,2800,bus,manual,84,transporter,150000,petrol,volkswagen,no,25.25
1537,27900,coupe,automatic,204,c_klasse,60000,petrol,mercedes_benz,no,5.58
1538,600,limousine,manual,136,vectra,150000,petrol,opel,no,20.42
1539,3250,limousine,manual,90,golf,150000,diesel,volkswagen,no,13.08
1540,3300,limousine,automatic,177,e_klasse,150000,diesel,mercedes_benz,yes,13.5
1541,3150,limousine,manual,75,beetle,125000,petrol,volkswagen,no,15.42
1542,38900,coupe,manual,241,rx_reihe,50000,petrol,mazda,no,26.67
1543,14800,small car,manual,86,a1,40000,petrol,audi,no,4.17
1544,1999,small car,manual,98,clio,125000,petrol,renault,no,17.58
1545,6500,station wagon,automatic,105,fabia,80000,petrol,skoda,no,10.42
1546,1199,small car,manual,45,corsa,90000,petrol,opel,no,21.83
1548,8499,limousine,manual,102,passat,125000,petrol,volkswagen,no,10.25
1549,7790,small car,manual,69,polo,40000,petrol,volkswagen,no,8.5
1551,1300,small car,manual,125,others,150000,petrol,ford,no,21.67
1552,8200,limousine,automatic,125,others,150000,diesel,mercedes_benz,no,35.58
1553,500,cabrio,manual,75,astra,150000,petrol,opel,no,23.67
1554,2499,station wagon,manual,105,bora,150000,petrol,volkswagen,no,18.67
1555,11500,limousine,automatic,224,c_klasse,150000,diesel,mercedes_benz,no,12.75
1556,1100,station wagon,manual,122,c_klasse,150000,petrol,mercedes_benz,no,19.08
1557,24999,limousine,manual,245,5er,125000,diesel,bmw,no,6.08
1560,2250,small car,manual,105,golf,150000,petrol,volkswagen,no,18.83
1562,1200,small car,manual,50,polo,150000,petrol,volkswagen,no,18.83
1563,3333,small car,manual,75,corsa,80000,petrol,opel,no,14.42
1566,13190,bus,automatic,105,golf,30000,diesel,volkswagen,no,7.83
1568,4600,station wagon,manual,105,astra,150000,petrol,opel,no,12.67
1570,9999,limousine,automatic,306,s_klasse,150000,petrol,mercedes_benz,no,14.42
1571,1200,limousine,manual,60,golf,150000,petrol,volkswagen,no,21.5
1572,2600,small car,manual,54,fox,150000,petrol,volkswagen,no,13.0
1573,7950,limousine,manual,140,a6,150000,diesel,audi,no,12.42
1574,36500,cabrio,manual,245,others,30000,petrol,bmw,no,4.5
1575,14990,cabrio,automatic,200,tt,70000,petrol,audi,no,12.0
1579,14999,small car,manual,105,a1,90000,diesel,audi,no,5.5
1580,6900,limousine,automatic,218,5er,150000,diesel,bmw,no,13.42
1582,8600,small car,manual,60,polo,80000,petrol,volkswagen,no,8.0
1584,3050,limousine,manual,101,golf,150000,diesel,volkswagen,no,15.33
1587,4600,limousine,manual,143,c_klasse,150000,diesel,mercedes_benz,no,18.0
1589,3300,limousine,manual,131,a3,150000,diesel,audi,no,16.33
1590,150,small car,manual,60,corsa,150000,petrol,opel,yes,20.5
1592,3950,cabrio,manual,140,3_reihe,60000,diesel,peugeot,no,9.5
1595,3850,bus,manual,131,sharan,150000,diesel,volkswagen,no,16.83
1596,1600,small car,manual,75,2_reihe,5000,petrol,peugeot,no,16.25
1597,6490,small car,manual,60,corsa,20000,petrol,opel,no,9.83
1600,9400,cabrio,manual,170,cooper,125000,petrol,mini,no,11.33
1601,900,bus,manual,77,transporter,150000,diesel,volkswagen,yes,24.42
1602,9999,small car,manual,63,others,80000,petrol,mini,no,24.33
1603,1999,station wagon,manual,75,2_reihe,125000,petrol,peugeot,yes,13.25
1604,2950,station wagon,manual,144,850,150000,petrol,volvo,no,23.67
1605,14199,limousine,manual,211,golf,90000,petrol,volkswagen,no,9.67
1606,6250,small car,manual,69,polo,60000,petrol,volkswagen,no,11.83
1607,12900,station wagon,manual,122,octavia,30000,petrol,skoda,no,7.0
1608,21749,limousine,manual,140,q3,50000,diesel,audi,no,6.83
1609,3500,limousine,manual,150,3er,150000,diesel,bmw,yes,14.83
1611,9500,limousine,manual,170,3er,100000,petrol,bmw,no,13.5
1613,4700,cabrio,manual,136,slk,150000,petrol,mercedes_benz,no,21.92
1614,12100,limousine,automatic,170,e_klasse,30000,diesel,mercedes_benz,no,9.0
1617,10400,coupe,manual,160,passat,150000,petrol,volkswagen,no,10.75
1619,4900,station wagon,manual,105,golf,150000,diesel,volkswagen,no,10.67
1620,15500,suv,automatic,184,captiva,50000,diesel,chevrolet,no,5.17
1621,8990,small car,manual,75,rio,60000,diesel,kia,no,5.5
1622,3650,small car,automatic,61,fortwo,90000,petrol,smart,no,7.25
1623,5800,bus,manual,126,others,70000,petrol,kia,no,9.42
1624,9499,limousine,automatic,163,c5,150000,diesel,citroen,no,8.0
1626,5100,limousine,manual,95,a_klasse,125000,petrol,mercedes_benz,no,11.83
1627,5400,small car,manual,95,2_reihe,90000,petrol,peugeot,no,8.5
1628,3999,station wagon,manual,109,3_reihe,150000,petrol,peugeot,no,15.92
1630,12500,station wagon,automatic,160,a4,150000,petrol,audi,no,11.0
1632,1990,coupe,manual,136,calibra,150000,petrol,opel,yes,20.75
1633,2800,station wagon,manual,125,astra,150000,petrol,opel,no,13.25
1634,4500,cabrio,manual,193,3er,150000,petrol,bmw,no,21.0
1635,2000,limousine,manual,147,vectra,150000,petrol,opel,yes,15.83
1636,5000,cabrio,manual,61,roadster,90000,petrol,smart,no,15.92
1637,19850,others,automatic,170,touran,50000,petrol,volkswagen,no,6.83
1638,5555,bus,manual,120,zafira,100000,diesel,opel,no,14.0
1639,11800,limousine,automatic,286,7er,150000,petrol,bmw,no,18.83
1640,13600,bus,manual,174,transporter,150000,diesel,volkswagen,no,12.25
1642,3450,coupe,manual,160,156,150000,petrol,alfa_romeo,no,13.08
1643,2700,station wagon,automatic,180,a4,150000,diesel,audi,yes,15.5
1644,1860,limousine,manual,105,3er,150000,petrol,bmw,yes,18.67
1645,14500,station wagon,automatic,163,3er,150000,diesel,bmw,no,8.08
1646,5400,bus,manual,131,galaxy,150000,diesel,ford,yes,11.75
1647,1700,small car,manual,158,beetle,150000,petrol,volkswagen,no,18.67
1648,1150,station wagon,manual,95,megane,150000,petrol,renault,no,18.17
1649,1999,small car,manual,116,golf,150000,petrol,volkswagen,no,25.0
1650,2300,bus,manual,102,others,150000,diesel,mitsubishi,no,13.67
1652,16400,bus,manual,140,altea,60000,diesel,seat,no,4.42
1653,5800,bus,automatic,116,b_klasse,150000,petrol,mercedes_benz,no,12.25
1654,1499,small car,manual,54,corsa,90000,petrol,opel,no,20.0
1656,300,station wagon,manual,59,kangoo,150000,petrol,renault,yes,18.33
1657,2950,small car,manual,95,musa,150000,petrol,lancia,yes,13.33
1658,9999,bus,manual,151,transporter,150000,diesel,volkswagen,no,16.5
1659,1499,limousine,manual,101,golf,150000,petrol,volkswagen,no,20.08
1660,3999,station wagon,automatic,143,c_klasse,150000,diesel,mercedes_benz,no,15.17
1661,25900,station wagon,automatic,258,5er,150000,diesel,bmw,no,7.83
1662,15700,coupe,automatic,170,passat,100000,diesel,volkswagen,no,8.83
1664,7900,limousine,automatic,160,jetta,150000,petrol,volkswagen,no,10.92
1667,499,small car,manual,45,polo,150000,petrol,volkswagen,yes,24.0
1668,900,coupe,manual,90,golf,150000,diesel,volkswagen,yes,19.58
1669,3800,station wagon,automatic,140,a4,150000,diesel,audi,yes,12.08
1670,1300,limousine,manual,110,4_reihe,80000,petrol,peugeot,no,21.33
1673,10700,limousine,manual,156,3_reihe,60000,petrol,peugeot,no,6.42
1674,3700,station wagon,manual,116,c_klasse,125000,diesel,mercedes_benz,no,16.67
1676,1500,station wagon,manual,129,e_klasse,150000,diesel,mercedes_benz,yes,21.75
1677,18490,coupe,manual,160,cc,60000,petrol,volkswagen,no,5.5
1678,5990,limousine,manual,218,5er,150000,diesel,bmw,no,14.5
1680,5200,station wagon,automatic,140,passat,150000,diesel,volkswagen,no,12.42
1681,14850,limousine,manual,120,3_reihe,30000,petrol,mazda,no,5.92
1682,10500,station wagon,manual,160,a3,150000,petrol,audi,no,9.75
1684,1600,bus,manual,103,others,150000,petrol,hyundai,no,17.92
1686,699,small car,manual,75,golf,125000,petrol,volkswagen,no,21.75
1687,34000,limousine,automatic,184,3er,50000,diesel,bmw,no,4.5
1688,1250,limousine,automatic,115,80,150000,petrol,audi,no,26.92
1690,1450,station wagon,manual,26,601,150000,petrol,trabant,no,46.92
1691,1500,station wagon,automatic,170,others,150000,petrol,mercedes_benz,no,21.5
1692,5499,small car,manual,67,i_reihe,20000,petrol,hyundai,no,7.0
1693,4800,coupe,manual,193,3er,150000,petrol,bmw,no,28.58
1694,1200,small car,manual,73,3_reihe,150000,petrol,mazda,no,20.33
1695,3800,station wagon,manual,231,3er,150000,petrol,bmw,no,18.58
1696,16800,limousine,manual,265,leon,50000,petrol,seat,no,6.58
1697,1650,small car,manual,60,fiesta,125000,petrol,ford,no,14.42
1699,2449,station wagon,automatic,116,passat,150000,diesel,volkswagen,no,18.33
1700,400,small car,manual,58,polo,150000,petrol,volkswagen,no,22.67
1701,850,small car,manual,54,corsa,150000,petrol,opel,no,19.33
1702,1890,limousine,manual,75,golf,150000,petrol,volkswagen,no,17.67
1703,1000,limousine,manual,101,a4,150000,petrol,audi,no,21.17
1704,9800,limousine,manual,122,golf,50000,petrol,volkswagen,no,9.92
1707,4250,small car,manual,92,swift,125000,petrol,suzuki,no,9.33
1708,850,limousine,automatic,90,carisma,150000,petrol,mitsubishi,no,21.75
1710,4950,limousine,automatic,105,golf,150000,diesel,volkswagen,no,11.5
1712,650,station wagon,manual,125,passat,150000,petrol,volkswagen,yes,19.25
1713,30900,suv,automatic,204,touareg,70000,diesel,volkswagen,no,7.58
1715,7790,limousine,automatic,140,civic,60000,petrol,honda,no,10.17
1716,17100,station wagon,manual,170,a3,125000,diesel,audi,no,7.17
1717,5540,small car,manual,80,polo,150000,diesel,volkswagen,no,14.0
1719,999,limousine,manual,115,astra,150000,petrol,opel,no,19.42
1723,15000,cabrio,manual,145,focus,50000,petrol,ford,no,8.08
1725,2200,small car,manual,75,sandero,150000,petrol,dacia,no,9.5
1726,14975,bus,manual,125,c_max,30000,petrol,ford,no,4.58
1727,1499,small car,manual,50,swift,150000,petrol,suzuki,no,15.0
1728,4900,small car,manual,80,corsa,100000,petrol,opel,no,10.33
1729,650,limousine,manual,90,escort,60000,petrol,ford,no,22.33
1732,2700,station wagon,automatic,184,3er,150000,diesel,bmw,no,18.33
1733,5800,small car,manual,71,fortwo,60000,petrol,smart,no,8.67
1734,5300,small car,manual,55,polo,125000,petrol,volkswagen,yes,12.75
1735,3500,limousine,manual,220,mondeo,150000,petrol,ford,yes,11.0
1736,6399,limousine,manual,140,passat,150000,diesel,volkswagen,no,13.42
1738,3500,limousine,automatic,170,e_klasse,150000,petrol,mercedes_benz,no,16.08
1739,9500,limousine,manual,160,golf,150000,petrol,volkswagen,no,7.42
1740,21700,station wagon,manual,140,golf,30000,petrol,volkswagen,no,4.42
1741,1650,limousine,manual,116,3er,150000,petrol,bmw,no,21.25
1742,999,small car,automatic,60,ka,150000,petrol,ford,no,18.0
1745,9200,station wagon,automatic,163,a4,100000,petrol,audi,no,12.17
1746,6500,station wagon,manual,177,3er,150000,diesel,bmw,yes,10.92
1748,2350,station wagon,manual,150,5er,150000,petrol,bmw,no,18.42
1749,1500,small car,manual,102,a3,150000,petrol,audi,no,18.83
1750,1000,limousine,manual,114,almera,100000,petrol,nissan,no,18.17
1751,17000,station wagon,manual,140,caddy,90000,diesel,volkswagen,no,8.0
1752,30500,station wagon,automatic,258,5er,80000,diesel,bmw,no,7.83
1754,2990,small car,manual,54,panda,125000,petrol,fiat,no,9.75
1755,14800,cabrio,manual,220,boxster,125000,petrol,porsche,no,17.58
1757,16200,limousine,automatic,170,e_klasse,150000,diesel,mercedes_benz,no,9.42
1758,10950,bus,manual,116,others,60000,diesel,ford,no,7.5
1759,1999,station wagon,automatic,150,a4,150000,diesel,audi,no,17.5
1762,800,station wagon,manual,110,golf,150000,diesel,volkswagen,no,20.08
1765,1950,small car,manual,67,matiz,90000,petrol,chevrolet,no,11.67
1766,3700,small car,manual,80,corsa,150000,petrol,opel,no,12.17
1767,11500,bus,automatic,140,touran,90000,petrol,volkswagen,no,10.92
1768,15500,limousine,automatic,218,x_reihe,150000,diesel,bmw,no,15.0
1769,2750,station wagon,manual,131,mondeo,150000,diesel,ford,no,12.33
1770,7799,limousine,manual,200,a4,125000,petrol,audi,no,13.75
1771,8700,others,manual,130,megane,60000,petrol,renault,no,8.33
1773,500,small car,manual,63,getz,150000,petrol,hyundai,yes,15.83
1774,12950,limousine,manual,122,golf,40000,petrol,volkswagen,no,8.0
1776,8499,limousine,manual,200,golf,150000,petrol,volkswagen,no,13.42
1777,24500,station wagon,manual,184,e_klasse,40000,petrol,mercedes_benz,no,6.58
1783,15799,limousine,automatic,204,x_reihe,150000,diesel,bmw,no,8.08
1787,1300,limousine,manual,155,156,150000,petrol,alfa_romeo,no,21.75
1788,11000,suv,automatic,224,m_klasse,125000,diesel,mercedes_benz,no,9.58
1789,4950,limousine,manual,120,others,150000,diesel,suzuki,no,12.92
1793,700,limousine,manual,90,golf,150000,petrol,volkswagen,no,26.0
1794,26900,suv,automatic,245,x_reihe,125000,diesel,bmw,no,7.08
1795,12600,station wagon,automatic,232,others,150000,diesel,audi,no,10.58
1796,11300,limousine,manual,265,1er,125000,petrol,bmw,no,13.0
1797,15000,station wagon,automatic,179,a6,150000,diesel,audi,no,10.67
1798,1350,small car,manual,58,corsa,150000,petrol,opel,no,16.83
1799,6999,coupe,automatic,170,clk,150000,petrol,mercedes_benz,no,16.58
1800,3500,small car,automatic,103,c2,100000,petrol,citroen,no,15.5
1801,890,limousine,manual,75,astra,125000,petrol,opel,no,20.17
1802,1799,bus,manual,89,verso,150000,petrol,toyota,yes,17.25
1803,9200,limousine,manual,241,astra,150000,petrol,opel,no,12.42
1807,850,small car,manual,58,twingo,150000,petrol,renault,no,19.33
1808,2200,limousine,manual,84,astra,125000,petrol,opel,no,17.5
1809,800,bus,manual,174,galaxy,150000,petrol,ford,yes,22.5
1810,1175,small car,manual,60,twingo,150000,petrol,renault,no,18.67
1812,4900,bus,manual,145,5_reihe,150000,petrol,mazda,no,11.75
1817,4500,cabrio,manual,193,3er,150000,petrol,bmw,no,23.58
1818,10500,limousine,automatic,192,5er,125000,petrol,bmw,no,14.25
1820,2600,station wagon,automatic,105,e_klasse,150000,diesel,mercedes_benz,no,19.5
1822,999,coupe,manual,86,900,150000,petrol,saab,no,33.58
1823,3600,small car,manual,95,others,125000,petrol,fiat,no,12.58
1825,11200,small car,manual,86,a1,70000,petrol,audi,no,8.0
1827,5499,limousine,manual,150,golf,150000,diesel,volkswagen,no,16.83
1828,4750,cabrio,manual,98,golf,150000,petrol,volkswagen,no,27.17
1831,10999,suv,manual,140,tiguan,125000,diesel,volkswagen,no,10.5
1832,1900,station wagon,manual,110,mondeo,150000,petrol,ford,no,13.83
1833,2600,small car,manual,72,kalos,50000,petrol,daewoo,no,10.25
1834,850,small car,manual,60,astra,150000,petrol,opel,no,19.33
1836,18490,cabrio,automatic,170,3er,125000,petrol,bmw,no,8.33
1837,2900,cabrio,automatic,61,fortwo,125000,petrol,smart,no,15.42
1841,33000,station wagon,automatic,220,octavia,20000,petrol,skoda,no,3.75
1843,950,limousine,manual,102,a_klasse,150000,petrol,mercedes_benz,no,20.5
1845,24999,cabrio,manual,241,others,60000,petrol,honda,no,14.33
1846,1500,limousine,manual,105,golf,150000,petrol,volkswagen,no,18.33
1847,10500,limousine,automatic,163,5er,150000,diesel,bmw,no,11.08
1855,22000,limousine,automatic,150,golf,50000,diesel,volkswagen,no,5.33
1856,14000,cabrio,automatic,306,sl,150000,petrol,mercedes_benz,no,16.83
1857,890,small car,manual,58,clio,150000,petrol,renault,no,18.5
1859,3500,bus,manual,77,transporter,150000,diesel,volkswagen,no,23.33
1860,7200,limousine,manual,116,a_klasse,80000,petrol,mercedes_benz,no,10.42
1861,800,station wagon,manual,101,astra,150000,petrol,opel,no,19.75
1864,3300,cabrio,manual,110,mx_reihe,150000,petrol,mazda,no,20.58
1867,1900,limousine,manual,116,others,150000,diesel,rover,yes,20.0
1868,1250,small car,manual,54,seicento,100000,petrol,fiat,no,17.08
1869,3999,limousine,manual,143,3er,150000,petrol,bmw,no,16.42
1870,4300,suv,manual,150,cr_reihe,150000,petrol,honda,no,15.42
1871,1999,station wagon,manual,109,v40,150000,petrol,volvo,no,17.25
1873,3450,limousine,manual,105,golf,150000,diesel,volkswagen,no,14.58
1874,6990,bus,manual,204,sharan,90000,petrol,volkswagen,no,15.67
1876,3399,bus,manual,112,scenic,100000,petrol,renault,no,12.5
1877,3800,small car,manual,80,corsa,125000,petrol,opel,no,12.0
1878,3999,small car,manual,75,ypsilon,150000,diesel,lancia,no,10.58
1879,5200,cabrio,manual,125,astra,90000,petrol,opel,no,16.33
1880,1199,limousine,manual,75,golf,150000,petrol,volkswagen,no,18.33
1881,21500,limousine,automatic,179,leon,30000,petrol,seat,no,4.08
1882,15200,limousine,manual,170,3er,60000,petrol,bmw,no,8.92
1883,4999,coupe,automatic,279,clk,150000,lpg,mercedes_benz,yes,19.33
1885,9500,suv,manual,141,qashqai,90000,petrol,nissan,no,11.25
1887,16000,station wagon,automatic,204,5er,150000,diesel,bmw,no,8.83
1888,5000,limousine,manual,60,fiesta,125000,petrol,ford,no,9.58
1889,1250,station wagon,manual,90,escort,50000,petrol,ford,yes,22.92
1890,4399,bus,manual,105,meriva,150000,petrol,opel,no,11.92
1891,3100,bus,manual,75,kangoo,150000,petrol,renault,no,13.92
1892,5600,coupe,manual,192,3er,125000,petrol,bmw,no,19.0
1893,4500,station wagon,manual,140,a4,150000,diesel,audi,yes,14.0
1894,24495,coupe,automatic,306,1er,60000,petrol,bmw,no,7.42
1895,3650,limousine,automatic,250,a3,150000,petrol,audi,yes,14.58
1896,11990,station wagon,automatic,232,a6,150000,diesel,audi,no,11.92
1900,799,station wagon,manual,60,polo,150000,petrol,volkswagen,no,20.83
1901,11200,suv,automatic,218,grand,150000,diesel,jeep,no,13.0
1903,500,small car,manual,75,clio,150000,petrol,renault,no,18.58
1904,549,small car,manual,60,swift,20000,petrol,suzuki,yes,29.25
1905,8499,station wagon,automatic,163,3er,150000,diesel,bmw,no,12.17
1906,7699,coupe,manual,179,megane,150000,petrol,renault,no,9.08
1907,3350,cabrio,manual,95,ka,70000,petrol,ford,no,15.0
1909,890,limousine,manual,60,golf,150000,petrol,volkswagen,no,23.42
1913,1790,small car,manual,76,others,125000,petrol,suzuki,no,16.42
1917,8500,small car,manual,75,up,60000,petrol,volkswagen,no,6.08
1920,2400,station wagon,manual,170,3er,150000,petrol,bmw,no,17.83
1926,1080,small car,manual,60,lupo,150000,petrol,volkswagen,yes,16.75
1927,7200,station wagon,manual,129,3er,125000,petrol,bmw,no,12.58
1930,850,small car,manual,65,corsa,150000,petrol,opel,no,20.33
1931,15300,small car,manual,122,cooper,30000,petrol,mini,no,6.58
1935,1100,limousine,manual,90,others,150000,petrol,volkswagen,no,21.92
1936,1999,limousine,manual,155,others,150000,petrol,alfa_romeo,no,19.08
1937,10900,limousine,automatic,190,e_klasse,150000,diesel,mercedes_benz,no,12.5
1939,300,small car,manual,60,1_reihe,150000,petrol,peugeot,yes,22.58
1940,9599,limousine,manual,143,1er,150000,diesel,bmw,no,11.75
1942,3650,limousine,manual,143,3er,150000,petrol,bmw,no,16.0
1943,980,small car,manual,65,corsa,150000,petrol,opel,no,18.5
1944,14500,suv,manual,136,kuga,125000,diesel,ford,no,8.33
1945,14650,limousine,manual,179,astra,20000,petrol,opel,no,7.08
1947,2700,bus,manual,75,combo,150000,diesel,opel,no,12.08
1948,3800,bus,manual,101,zafira,150000,diesel,opel,no,12.83
1950,11500,station wagon,automatic,170,c_klasse,150000,diesel,mercedes_benz,no,9.25
1951,15980,limousine,manual,160,insignia,70000,diesel,opel,no,8.92
1952,4299,small car,manual,54,polo,125000,petrol,volkswagen,no,11.08
1955,4495,cabrio,manual,140,3_reihe,150000,petrol,peugeot,no,13.25
1956,2000,limousine,manual,75,ibiza,150000,petrol,seat,yes,12.17
1957,2490,small car,manual,54,polo,150000,petrol,volkswagen,no,14.42
1958,8770,bus,manual,75,i_reihe,90000,diesel,hyundai,no,7.08
1959,2200,small car,manual,83,jazz,150000,petrol,honda,no,15.08
1960,750,limousine,manual,141,ptcruiser,150000,petrol,chrysler,yes,18.25
1961,1950,limousine,automatic,143,c_klasse,150000,diesel,mercedes_benz,no,17.92
1962,600,small car,manual,45,corsa,150000,petrol,opel,no,23.67
1963,3500,limousine,automatic,150,3er,150000,diesel,bmw,no,17.92
1966,2000,limousine,manual,170,5er,150000,petrol,bmw,no,23.92
1970,16900,limousine,automatic,272,c_klasse,150000,petrol,mercedes_benz,no,11.58
1971,1950,small car,manual,58,corsa,125000,petrol,opel,no,15.25
1972,700,limousine,manual,110,golf,150000,diesel,volkswagen,yes,22.75
1973,3100,cabrio,manual,101,astra,80000,petrol,opel,no,15.33
1975,2000,station wagon,manual,120,megane,150000,diesel,renault,no,14.67
1976,12000,limousine,automatic,131,insignia,100000,diesel,opel,no,9.75
1978,14990,limousine,automatic,190,a4,150000,diesel,audi,no,10.92
1979,16000,limousine,manual,122,a3,30000,petrol,audi,no,6.5
1985,600,station wagon,manual,101,vectra,150000,petrol,opel,yes,21.33
1986,1490,small car,manual,50,lupo,125000,petrol,volkswagen,no,17.83
1987,2350,station wagon,automatic,116,laguna,150000,petrol,renault,no,15.08
1988,3499,bus,manual,64,kangoo,150000,diesel,renault,no,20.0
1989,698,small car,manual,60,1_reihe,150000,petrol,peugeot,yes,16.75
1990,3222,small car,manual,102,a_klasse,90000,petrol,mercedes_benz,no,17.17
1991,6150,limousine,manual,140,a3,150000,diesel,audi,no,12.75
1993,6500,small car,manual,86,fabia,50000,petrol,skoda,no,9.17
1996,898,limousine,manual,125,carisma,150000,petrol,mitsubishi,no,20.33
1997,3500,small car,manual,60,c2,50000,petrol,citroen,no,11.83
1998,1250,station wagon,manual,101,passat,150000,petrol,volkswagen,no,22.25
2000,3300,limousine,manual,147,vectra,150000,petrol,opel,no,16.17
2002,5200,limousine,manual,163,a4,150000,petrol,audi,yes,14.33
2003,1450,small car,manual,55,astra,125000,petrol,opel,no,26.42
2004,990,small car,automatic,72,golf,125000,petrol,volkswagen,no,30.0
2005,21500,limousine,automatic,272,s_klasse,150000,petrol,mercedes_benz,no,9.75
2006,10800,cabrio,manual,163,others,150000,petrol,audi,no,12.08
2010,15799,cabrio,manual,160,a5,150000,petrol,audi,no,10.0
2011,5000,station wagon,manual,179,a4,150000,diesel,audi,no,16.42
2012,9500,suv,automatic,313,touareg,150000,diesel,volkswagen,no,13.67
2013,500,limousine,manual,90,6_reihe,150000,petrol,mazda,no,21.25
2015,13800,station wagon,manual,140,mondeo,125000,diesel,ford,no,7.08
2016,2800,small car,manual,88,clio,150000,petrol,renault,no,12.58
2017,3000,limousine,manual,143,c_klasse,150000,petrol,mercedes_benz,no,17.0
2018,4200,small car,manual,77,jazz,50000,petrol,honda,no,12.58
2021,850,small car,manual,60,ka,125000,petrol,ford,no,17.92
2022,8700,station wagon,manual,140,a6,150000,diesel,audi,no,12.08
2023,15900,station wagon,automatic,231,e_klasse,150000,diesel,mercedes_benz,no,9.92
2024,25500,suv,automatic,140,kuga,20000,diesel,ford,no,5.5
2025,20990,limousine,manual,156,a_klasse,20000,petrol,mercedes_benz,no,4.58
2027,8299,limousine,automatic,122,e_klasse,150000,diesel,mercedes_benz,no,12.5
2028,3500,station wagon,automatic,170,5er,150000,lpg,bmw,no,17.33
2029,11500,small car,manual,75,polo,20000,petrol,volkswagen,no,4.67
2030,888,small car,manual,60,punto,150000,petrol,fiat,no,17.42
2033,2350,station wagon,manual,179,octavia,150000,petrol,skoda,no,15.25
2034,15500,small car,manual,105,a1,60000,diesel,audi,no,6.83
2035,500,station wagon,manual,139,laguna,150000,petrol,renault,no,20.75
2037,300,small car,manual,54,corsa,150000,petrol,opel,no,19.33
2038,1250,small car,manual,60,others,125000,petrol,citroen,no,17.83
2039,12500,limousine,automatic,177,1er,80000,diesel,bmw,no,9.17
2040,6750,limousine,manual,70,fabia,70000,petrol,skoda,no,6.42
2041,5500,suv,manual,141,sportage,150000,lpg,kia,no,12.0
2042,9250,small car,manual,75,one,40000,petrol,mini,no,6.92
2043,1250,limousine,automatic,150,golf,150000,petrol,volkswagen,yes,20.92
2044,100,small car,manual,75,punto,125000,petrol,fiat,no,24.92
2045,600,limousine,manual,98,3_reihe,150000,petrol,mazda,no,17.83
2049,10000,station wagon,automatic,218,300c,150000,diesel,chrysler,no,9.25
2051,3999,small car,manual,54,polo,80000,petrol,volkswagen,no,13.92
2053,3699,station wagon,manual,131,a4,150000,petrol,audi,no,15.42
2055,6250,station wagon,manual,160,octavia,125000,petrol,skoda,yes,9.25
2056,1950,station wagon,manual,116,v40,150000,diesel,volvo,no,15.08
2057,5900,limousine,automatic,143,c_klasse,125000,petrol,mercedes_benz,yes,15.08
2058,8000,station wagon,manual,143,3er,150000,diesel,bmw,no,10.92
2059,4700,coupe,manual,116,3er,125000,petrol,bmw,no,14.83
2061,3300,limousine,manual,105,astra,125000,petrol,opel,yes,12.5
2062,1499,station wagon,automatic,197,e_klasse,150000,diesel,mercedes_benz,no,17.67
2063,450,limousine,automatic,74,clio,125000,petrol,renault,no,25.0
2066,3500,small car,manual,180,a3,150000,petrol,audi,no,19.33
2067,950,limousine,manual,102,a_klasse,150000,petrol,mercedes_benz,no,17.92
2069,1650,limousine,manual,101,vectra,125000,petrol,opel,no,20.25
2072,10500,bus,manual,131,transporter,150000,diesel,volkswagen,no,12.42
2074,650,limousine,manual,75,golf,150000,petrol,volkswagen,no,22.33
2075,1800,limousine,manual,101,golf,150000,petrol,volkswagen,no,19.17
2077,10199,small car,manual,120,cooper,100000,petrol,mini,no,10.83
2078,2999,limousine,manual,286,5er,150000,petrol,bmw,yes,21.92
2079,1100,small car,manual,51,others,150000,petrol,mazda,no,18.25
2080,25500,coupe,manual,184,3er,40000,diesel,bmw,no,5.58
2081,5250,small car,manual,69,500,125000,petrol,fiat,no,9.5
2082,11290,station wagon,manual,184,3er,150000,diesel,bmw,no,8.0
2083,2599,bus,manual,84,kangoo,5000,diesel,renault,no,12.17
2084,2999,bus,manual,128,others,150000,diesel,citroen,no,16.0
2085,1350,small car,manual,60,punto,150000,petrol,fiat,no,15.17
2086,8400,limousine,manual,102,golf,100000,petrol,volkswagen,no,10.25
2088,1500,cabrio,automatic,163,others,125000,petrol,chrysler,no,22.75
2089,1599,small car,manual,94,others,150000,petrol,chevrolet,no,11.33
2092,7900,limousine,manual,60,ka,30000,petrol,ford,no,7.58
2095,1050,small car,automatic,75,kadett,150000,petrol,opel,no,36.75
2097,26900,station wagon,automatic,143,a4,90000,diesel,audi,no,6.42
2098,999,station wagon,manual,174,passat,150000,petrol,volkswagen,yes,24.83
2099,950,small car,manual,58,agila,150000,petrol,opel,no,17.42
2101,1395,limousine,manual,184,5er,150000,diesel,bmw,no,19.42
2102,1999,limousine,manual,116,3er,150000,petrol,bmw,no,17.67
2103,6000,limousine,manual,107,others,125000,petrol,suzuki,no,12.5
2104,1300,limousine,manual,75,golf,150000,petrol,volkswagen,no,19.17
2105,19900,bus,manual,163,vito,80000,diesel,mercedes_benz,no,5.58
2106,2550,small car,manual,86,clio,150000,diesel,renault,no,12.5
2107,21450,cabrio,manual,160,a5,60000,petrol,audi,no,7.25
2108,5700,limousine,manual,150,passat,150000,petrol,volkswagen,no,13.25
2109,2345,limousine,automatic,105,passat,150000,petrol,volkswagen,no,21.42
2110,6300,limousine,automatic,150,3er,150000,petrol,bmw,no,12.08
2111,2900,cabrio,automatic,109,c3,125000,petrol,citroen,no,15.0
2114,450,station wagon,automatic,122,c_klasse,150000,petrol,mercedes_benz,yes,22.67
2115,1299,limousine,manual,101,golf,150000,petrol,volkswagen,no,20.83
2119,9500,bus,manual,102,transporter,150000,diesel,volkswagen,no,15.25
2120,8500,cabrio,manual,140,z_reihe,70000,petrol,bmw,no,20.25
2121,9200,coupe,automatic,140,megane,50000,petrol,renault,no,9.83
2122,6299,limousine,manual,143,1er,125000,petrol,bmw,no,10.08
2123,1250,limousine,manual,90,golf,150000,diesel,volkswagen,no,19.92
2124,6800,coupe,manual,143,cl,150000,lpg,mercedes_benz,no,14.83
2125,700,limousine,manual,73,escort,125000,petrol,ford,no,29.83
2126,9800,limousine,manual,105,a3,125000,diesel,audi,no,11.83
2127,10700,station wagon,automatic,272,5er,150000,diesel,bmw,no,13.42
2128,2750,limousine,manual,109,others,150000,petrol,mercedes_benz,no,28.67
2129,650,station wagon,manual,75,golf,150000,petrol,volkswagen,yes,21.0
2130,8300,coupe,manual,60,fiesta,10000,petrol,ford,no,3.25
2131,8990,limousine,manual,105,golf,80000,diesel,volkswagen,no,10.17
2132,4940,station wagon,manual,115,c_max,100000,petrol,ford,no,13.83
2133,320,small car,automatic,70,golf,125000,petrol,volkswagen,no,37.58
2134,1600,small car,manual,60,clio,150000,petrol,renault,no,14.25
2135,3500,limousine,automatic,101,vectra,60000,petrol,opel,no,19.5
2139,2200,station wagon,manual,155,signum,150000,petrol,opel,no,15.92
2141,3990,limousine,manual,54,golf,50000,petrol,volkswagen,no,26.58
2142,3300,small car,manual,84,aveo,100000,petrol,chevrolet,no,10.42
2147,4150,cabrio,manual,110,2_reihe,100000,petrol,peugeot,no,12.25
2149,2590,small car,manual,80,corsa,150000,petrol,opel,no,13.42
2153,3980,small car,manual,77,punto,80000,petrol,fiat,no,10.83
2156,1400,bus,manual,140,others,150000,petrol,renault,no,19.25
2157,5999,small car,manual,125,swift,80000,petrol,suzuki,no,10.33
2158,2200,limousine,manual,136,3_reihe,150000,petrol,peugeot,no,13.25
2160,24200,station wagon,manual,265,others,150000,petrol,audi,no,9.42
2161,1100,limousine,manual,170,5er,150000,petrol,bmw,yes,19.92
2162,2350,limousine,manual,136,3_reihe,125000,petrol,peugeot,no,15.17
2163,700,small car,manual,65,corsa,150000,petrol,opel,no,19.92
2164,2990,station wagon,manual,102,v40,150000,diesel,volvo,yes,15.17
2165,4800,suv,automatic,163,m_klasse,150000,diesel,mercedes_benz,no,16.83
2166,6590,station wagon,manual,120,6_reihe,100000,petrol,mazda,no,15.0
2167,8800,station wagon,manual,163,3er,150000,diesel,bmw,no,7.42
2168,7980,limousine,manual,109,i_reihe,50000,petrol,hyundai,no,6.17
2169,43000,limousine,automatic,190,x_reihe,20000,diesel,bmw,no,3.33
2170,4444,small car,manual,54,polo,60000,petrol,volkswagen,no,11.08
2171,9480,small car,manual,90,jazz,50000,petrol,honda,no,5.33
2173,4499,small car,manual,75,clio,80000,petrol,renault,no,8.75
2175,6950,limousine,manual,129,1er,150000,petrol,bmw,no,11.08
2176,10990,suv,manual,86,jimny,60000,petrol,suzuki,no,6.67
2177,1500,limousine,manual,136,others,125000,petrol,mercedes_benz,no,19.67
2178,100,coupe,manual,45,polo,125000,petrol,volkswagen,yes,27.5
2179,13500,limousine,manual,141,qashqai,50000,petrol,nissan,no,7.25
2180,2300,bus,manual,114,almera,150000,petrol,nissan,no,15.25
2181,9950,bus,manual,116,zafira,60000,petrol,opel,no,7.25
2182,8900,station wagon,manual,110,astra,90000,diesel,opel,no,8.83
2183,30000,cabrio,manual,179,sl,125000,petrol,mercedes_benz,no,34.17
2185,750,small car,manual,54,others,90000,petrol,citroen,no,20.25
2186,2950,limousine,automatic,132,others,150000,petrol,mercedes_benz,no,29.0
2187,12500,limousine,manual,75,a4,40000,petrol,audi,no,18.25
2188,8500,bus,manual,88,note,20000,petrol,nissan,no,5.08
2190,9300,cabrio,manual,193,z_reihe,150000,petrol,bmw,no,19.25
2191,6200,limousine,manual,116,1er,90000,petrol,bmw,no,13.0
2192,2000,small car,manual,143,3er,150000,petrol,bmw,yes,16.83
2193,24950,bus,automatic,179,transporter,150000,diesel,volkswagen,no,8.83
2194,14000,coupe,manual,200,scirocco,90000,petrol,volkswagen,no,10.92
2196,5999,small car,manual,68,1_reihe,30000,petrol,peugeot,no,6.92
2197,2000,limousine,manual,110,bora,5000,petrol,volkswagen,no,20.92
2200,1599,station wagon,manual,141,6_reihe,150000,lpg,mazda,no,15.92
2201,5300,bus,manual,80,golf,150000,petrol,volkswagen,yes,9.75
2203,1300,station wagon,manual,125,mondeo,150000,petrol,ford,no,17.33
2205,1500,limousine,automatic,211,omega,150000,petrol,opel,no,21.0
2206,5799,small car,automatic,18,others,10000,electro,renault,no,5.5
2207,990,coupe,manual,150,calibra,150000,petrol,opel,no,26.75
2208,5000,station wagon,automatic,184,3er,150000,diesel,bmw,no,18.92
2210,2750,station wagon,manual,120,zafira,150000,diesel,opel,no,13.75
2212,11490,station wagon,manual,160,insignia,100000,diesel,opel,no,8.25
2213,1500,station wagon,manual,109,focus,150000,diesel,ford,yes,12.92
2215,1000,others,manual,82,others,100000,petrol,mitsubishi,no,17.5
2216,5999,cabrio,manual,192,slk,125000,petrol,mercedes_benz,no,19.92
2219,21500,limousine,manual,156,c_klasse,60000,petrol,mercedes_benz,no,6.67
2222,5500,bus,manual,143,5_reihe,150000,diesel,mazda,no,10.08
2223,2850,small car,manual,68,others,125000,diesel,mazda,no,11.25
2225,2321,limousine,manual,110,bora,150000,diesel,volkswagen,no,16.08
2226,14500,coupe,manual,200,scirocco,90000,petrol,volkswagen,no,9.5
2227,4499,limousine,automatic,150,3er,150000,diesel,bmw,no,17.0
2229,1900,small car,manual,69,golf,100000,petrol,volkswagen,no,27.42
2230,2000,coupe,automatic,61,fortwo,60000,petrol,smart,no,12.33
2232,8000,station wagon,manual,204,a4,150000,diesel,audi,no,13.25
2233,2950,limousine,manual,75,golf,150000,petrol,volkswagen,no,14.92
2234,1949,limousine,manual,75,astra,100000,petrol,opel,no,19.33
2236,6700,station wagon,manual,177,avensis,150000,diesel,toyota,no,12.5
2237,14500,coupe,automatic,343,m_reihe,150000,petrol,bmw,no,16.83
2238,600,small car,manual,54,micra,150000,petrol,nissan,no,18.42
2239,1000,station wagon,manual,109,others,150000,diesel,peugeot,no,14.92
2241,8950,coupe,manual,75,others,100000,petrol,opel,no,40.83
2243,2250,small car,automatic,61,lupo,150000,diesel,volkswagen,no,16.33
2244,3480,limousine,manual,102,a4,60000,petrol,audi,no,18.5
2245,8650,station wagon,manual,105,passat,150000,diesel,volkswagen,no,7.42
2246,17500,bus,manual,131,transporter,150000,diesel,volkswagen,no,9.08
2247,4000,limousine,manual,65,micra,125000,petrol,nissan,no,10.0
2248,1200,small car,manual,60,2_reihe,150000,petrol,peugeot,no,16.25
2251,2299,small car,manual,41,fortwo,150000,diesel,smart,no,14.0
2252,13900,limousine,manual,105,jetta,70000,diesel,volkswagen,no,7.67
2256,5000,bus,manual,120,others,150000,diesel,renault,yes,10.25
2257,18500,station wagon,automatic,204,e_klasse,125000,petrol,mercedes_benz,no,8.92
2259,14900,station wagon,automatic,232,a6,150000,diesel,audi,no,11.92
2261,12000,limousine,automatic,190,e_klasse,150000,diesel,mercedes_benz,no,11.83
2262,1450,limousine,manual,145,omega,150000,petrol,opel,no,17.33
2265,15500,station wagon,automatic,99,auris,30000,hybrid,toyota,no,5.83
2266,18500,coupe,automatic,265,z_reihe,60000,petrol,bmw,no,11.67
2267,1990,limousine,manual,54,escort,60000,petrol,ford,no,36.25
2268,35990,suv,automatic,150,x_reihe,5000,diesel,bmw,no,3.92
2269,14000,limousine,automatic,476,e_klasse,20000,petrol,mercedes_benz,no,15.25
2271,1790,station wagon,manual,136,3er,150000,diesel,bmw,no,17.42
2272,1900,station wagon,automatic,136,c5,150000,diesel,citroen,no,12.17
2273,2600,bus,manual,122,v_klasse,150000,diesel,mercedes_benz,no,19.5
2276,11400,bus,manual,102,transporter,150000,diesel,volkswagen,no,17.67
2277,1100,limousine,manual,90,others,125000,petrol,toyota,no,28.08
2278,7999,limousine,manual,230,golf,80000,petrol,volkswagen,no,11.58
2281,400,small car,automatic,102,a_klasse,150000,petrol,mercedes_benz,yes,21.92
2282,2999,station wagon,manual,131,mondeo,150000,diesel,ford,no,14.0
2285,35999,suv,automatic,245,touareg,20000,diesel,volkswagen,no,6.42
2286,4500,limousine,manual,116,a_klasse,125000,petrol,mercedes_benz,no,13.33
2288,5890,station wagon,manual,131,a4,150000,diesel,audi,no,14.5
2289,8750,limousine,manual,226,focus,150000,petrol,ford,no,12.75
2290,7777,station wagon,automatic,224,e_klasse,150000,petrol,mercedes_benz,no,15.0
2291,5300,bus,manual,116,sharan,150000,diesel,volkswagen,no,14.0
2293,4650,small car,manual,69,polo,150000,diesel,volkswagen,no,9.5
2294,6400,small car,manual,174,cooper,150000,petrol,mini,no,15.67
2295,1300,limousine,manual,125,toledo,150000,petrol,seat,no,19.67
2296,4999,station wagon,automatic,150,e_klasse,150000,diesel,mercedes_benz,no,15.92
2297,7990,limousine,manual,80,golf,80000,petrol,volkswagen,no,9.17
2298,5000,station wagon,manual,101,golf,150000,diesel,volkswagen,no,15.42
2299,800,small car,manual,60,corsa,150000,petrol,opel,no,22.42
2302,2499,bus,manual,116,zafira,5000,lpg,opel,no,19.58
2304,900,limousine,manual,125,passat,150000,petrol,volkswagen,no,21.25
2308,6990,limousine,manual,110,passat,150000,diesel,volkswagen,yes,9.58
2309,1350,limousine,manual,75,3_reihe,150000,petrol,peugeot,no,15.42
2310,1550,station wagon,manual,136,5er,150000,diesel,bmw,no,17.08
2311,11111,limousine,manual,226,focus,80000,petrol,ford,no,12.58
2312,2900,limousine,manual,75,golf,125000,petrol,volkswagen,no,15.25
2313,4399,bus,manual,101,galaxy,150000,diesel,ford,yes,11.42
2318,16299,limousine,manual,140,golf,60000,petrol,volkswagen,no,5.5
2319,1950,small car,manual,60,2_reihe,90000,petrol,peugeot,no,18.75
2320,500,small car,manual,54,fabia,100000,petrol,skoda,yes,16.83
2322,4500,limousine,manual,90,bravo,100000,petrol,fiat,no,10.17
2323,4300,limousine,manual,90,golf,150000,diesel,volkswagen,no,11.17
2324,1590,station wagon,manual,75,astra,150000,petrol,opel,no,19.33
2325,3999,bus,manual,90,berlingo,150000,diesel,citroen,no,7.67
2326,1999,limousine,manual,110,leon,150000,diesel,seat,no,15.5
2327,2600,station wagon,automatic,170,5er,150000,petrol,bmw,no,21.42
2329,2490,limousine,automatic,125,e_klasse,150000,diesel,mercedes_benz,no,19.08
2330,1800,limousine,manual,98,almera,150000,petrol,nissan,no,15.17
2334,6800,limousine,manual,140,civic,150000,petrol,honda,no,11.0
2339,2450,limousine,manual,110,golf,150000,petrol,volkswagen,no,16.75
2340,16490,small car,manual,184,cooper,50000,petrol,mini,no,6.83
2341,11900,cabrio,manual,160,eos,70000,petrol,volkswagen,no,9.25
2342,13900,limousine,automatic,109,a_klasse,80000,diesel,mercedes_benz,no,7.83
2344,14900,cabrio,manual,170,3er,150000,petrol,bmw,no,11.67
2346,18990,suv,manual,140,others,20000,petrol,opel,no,4.92
2347,5500,limousine,manual,102,a3,150000,petrol,audi,no,11.33
2348,2900,station wagon,automatic,140,passat,150000,diesel,volkswagen,yes,12.42
2350,8800,limousine,manual,122,e_klasse,150000,diesel,mercedes_benz,no,13.67
2352,3900,small car,manual,54,fox,90000,petrol,volkswagen,no,12.42
2354,4000,limousine,automatic,116,c_klasse,150000,diesel,mercedes_benz,no,16.08
2357,4500,small car,manual,80,corsa,60000,petrol,opel,no,11.42
2358,5800,bus,manual,70,transporter,150000,diesel,volkswagen,no,30.67
2360,19500,suv,manual,150,kuga,30000,petrol,ford,no,5.42
2361,2499,bus,automatic,177,espace,150000,diesel,renault,no,14.5
2362,3000,cabrio,manual,103,astra,150000,petrol,opel,no,15.5
2363,5499,limousine,manual,150,bravo,125000,petrol,fiat,no,12.0
2366,1100,limousine,manual,75,golf,150000,petrol,volkswagen,no,25.92
2367,2900,small car,manual,65,picanto,70000,petrol,kia,no,11.25
2368,6999,limousine,manual,122,e_klasse,150000,diesel,mercedes_benz,no,14.25
2369,550,small car,manual,58,twingo,150000,petrol,renault,no,19.5
2370,450,cabrio,manual,136,others,150000,petrol,chrysler,no,22.0
2374,2350,small car,manual,68,fiesta,150000,petrol,ford,no,13.5
2375,16800,limousine,automatic,224,e_klasse,150000,diesel,mercedes_benz,no,10.67
2376,4500,station wagon,manual,163,3er,150000,diesel,bmw,no,11.75
2377,1650,limousine,manual,101,a4,150000,petrol,audi,no,23.42
2378,4200,limousine,automatic,131,a3,150000,diesel,audi,no,17.67
2379,8300,station wagon,automatic,170,c_klasse,150000,diesel,mercedes_benz,no,10.33
2380,3250,bus,manual,136,others,150000,diesel,mitsubishi,no,12.5
2382,6500,bus,manual,105,touran,125000,diesel,volkswagen,no,13.17
2383,3200,limousine,automatic,101,bora,125000,petrol,volkswagen,no,18.17
2385,17999,station wagon,automatic,231,e_klasse,150000,diesel,mercedes_benz,no,8.33
2387,4000,station wagon,manual,101,astra,150000,diesel,opel,no,13.58
2389,9000,limousine,manual,299,astra,100000,petrol,opel,no,26.67
2391,880,bus,manual,107,scenic,150000,petrol,renault,no,19.92
2393,11500,limousine,automatic,177,5er,150000,diesel,bmw,yes,12.33
2394,3800,small car,manual,58,twingo,70000,petrol,renault,no,9.17
2395,999,limousine,automatic,90,escort,90000,petrol,ford,no,22.5
2396,15900,cabrio,manual,177,3er,150000,diesel,bmw,no,8.42
2397,4900,limousine,manual,90,beetle,100000,diesel,volkswagen,no,19.42
2398,17350,small car,manual,200,juke,30000,petrol,nissan,no,5.58
2401,4200,small car,manual,77,i_reihe,100000,petrol,hyundai,no,8.75
2402,5499,limousine,manual,140,astra,150000,petrol,opel,no,12.58
2404,1850,station wagon,manual,131,golf,150000,diesel,volkswagen,no,16.5
2405,1350,small car,manual,68,yaris,150000,petrol,toyota,yes,19.58
2406,2700,coupe,automatic,105,3er,100000,petrol,bmw,no,18.25
2407,900,small car,manual,90,a_klasse,150000,diesel,mercedes_benz,no,17.17
2409,600,bus,automatic,177,espace,150000,diesel,renault,yes,16.33
2411,14250,limousine,manual,150,x_reihe,150000,diesel,bmw,no,11.58
2414,950,small car,manual,58,twingo,150000,petrol,renault,no,16.17
2415,13500,small car,manual,109,rio,20000,petrol,kia,no,4.5
2417,650,bus,manual,90,others,150000,diesel,ford,yes,15.5
2418,9100,small car,manual,156,others,90000,petrol,citroen,no,7.83
2420,10000,limousine,automatic,143,lancer,40000,petrol,mitsubishi,no,10.0
2421,20490,cabrio,manual,160,tt,40000,petrol,audi,no,7.5
2423,2999,limousine,manual,143,3er,150000,petrol,bmw,no,15.5
2425,12700,station wagon,manual,170,a4,150000,diesel,audi,no,11.67
2428,1999,small car,manual,88,2_reihe,100000,petrol,peugeot,no,13.42
2429,2200,limousine,manual,90,golf,150000,diesel,volkswagen,no,18.75
2431,3999,limousine,automatic,116,c_klasse,150000,diesel,mercedes_benz,no,16.08
2432,17700,coupe,automatic,231,e_klasse,150000,diesel,mercedes_benz,no,8.58
2433,2750,limousine,manual,122,vectra,150000,petrol,opel,no,16.25
2434,6500,bus,manual,105,caddy,150000,diesel,volkswagen,no,9.25
2435,12300,cabrio,automatic,163,clk,80000,petrol,mercedes_benz,no,14.17
2436,3300,station wagon,manual,150,3er,150000,diesel,bmw,no,15.25
2438,799,small car,manual,50,lupo,150000,petrol,volkswagen,no,21.0
2440,22500,small car,automatic,150,golf,30000,diesel,volkswagen,no,5.0
2441,2100,coupe,automatic,136,clk,150000,petrol,mercedes_benz,no,19.75
2442,4720,station wagon,manual,140,passat,150000,diesel,volkswagen,no,10.33
2444,2200,cabrio,manual,109,2_reihe,150000,petrol,peugeot,no,14.67
2447,8900,bus,automatic,163,grand,150000,diesel,chrysler,no,10.92
2448,8000,limousine,manual,116,1er,125000,petrol,bmw,no,14.92
2449,17999,limousine,automatic,170,e_klasse,90000,diesel,mercedes_benz,no,9.5
2451,550,limousine,manual,75,twingo,125000,petrol,renault,no,15.83
2452,22900,coupe,automatic,286,6er,125000,diesel,bmw,no,8.92
2453,7688,limousine,automatic,333,7er,150000,lpg,bmw,no,14.75
2454,3500,limousine,automatic,203,others,125000,petrol,chrysler,no,16.0
2455,400,small car,manual,86,justy,150000,petrol,subaru,no,16.83
2459,5250,small car,manual,69,ka,60000,petrol,ford,no,6.75
2460,1600,small car,manual,106,tigra,150000,petrol,opel,no,18.17
2461,770,small car,manual,60,others,150000,petrol,citroen,no,19.83
2462,799,limousine,manual,75,astra,150000,petrol,opel,no,21.92
2463,1500,limousine,manual,116,3er,150000,petrol,bmw,yes,14.83
2464,5900,small car,manual,75,clio,70000,petrol,renault,no,8.67
2465,1699,limousine,manual,150,147,150000,petrol,alfa_romeo,no,15.42
2475,31000,suv,automatic,150,rav,20000,diesel,toyota,no,3.25
2479,1290,small car,manual,60,punto,150000,petrol,fiat,no,18.67
2480,1999,station wagon,manual,75,astra,150000,diesel,opel,no,16.92
2481,6400,coupe,manual,190,golf,40000,petrol,volkswagen,no,22.17
2482,4000,limousine,manual,115,golf,150000,petrol,volkswagen,no,22.5
2487,300,small car,manual,45,micra,150000,petrol,nissan,yes,26.0
2488,1100,limousine,automatic,78,astra,150000,petrol,opel,no,19.33
2489,17400,cabrio,automatic,218,3er,100000,petrol,bmw,no,11.5
2490,2250,small car,manual,60,fiesta,150000,petrol,ford,no,12.5
2491,10900,limousine,automatic,232,phaeton,150000,diesel,volkswagen,no,10.08
2492,15350,station wagon,manual,126,avensis,60000,diesel,toyota,no,6.17
2493,590,limousine,manual,75,cordoba,150000,petrol,seat,no,20.5
2494,7399,limousine,manual,125,leon,90000,petrol,seat,yes,8.67
2495,900,small car,manual,150,corsa,125000,petrol,opel,no,24.42
2496,6500,limousine,manual,170,5er,150000,petrol,bmw,no,14.33
2498,4999,limousine,automatic,230,x_type,150000,lpg,jaguar,no,17.75
2500,1450,small car,automatic,54,fortwo,125000,petrol,smart,no,17.75
2501,8900,cabrio,automatic,184,clk,150000,petrol,mercedes_benz,no,11.33
2502,550,limousine,manual,105,3er,150000,petrol,bmw,no,23.0
2503,19999,suv,automatic,190,range_rover_sport,80000,diesel,land_rover,no,12.92
2504,4000,limousine,manual,105,astra,150000,other,opel,no,13.33
2505,600,small car,manual,50,polo,150000,petrol,volkswagen,no,20.5
2506,900,cabrio,manual,71,astra,90000,petrol,opel,no,24.0
2507,6490,limousine,manual,101,focus,125000,petrol,ford,no,7.17
2508,12750,station wagon,manual,170,octavia,125000,diesel,skoda,no,8.25
2511,3200,small car,manual,60,corsa,150000,petrol,opel,no,11.5
2512,2300,cabrio,manual,120,megane,150000,diesel,renault,no,14.58
2513,6300,limousine,manual,218,5er,150000,diesel,bmw,no,15.5
2514,3000,small car,manual,69,polo,150000,diesel,volkswagen,no,12.25
2515,4150,small car,automatic,80,corsa,150000,petrol,opel,no,11.42
2516,4799,cabrio,automatic,193,3er,150000,petrol,bmw,no,21.5
2517,8500,limousine,automatic,150,e_klasse,150000,diesel,mercedes_benz,no,13.75
2518,7499,limousine,manual,226,focus,150000,petrol,ford,no,12.42
2520,25000,limousine,manual,184,1er,70000,diesel,bmw,no,5.17
2521,950,small car,manual,65,corsa,150000,petrol,opel,no,19.58
2525,5999,cabrio,manual,170,z_reihe,150000,lpg,bmw,no,14.42
2526,1600,limousine,manual,90,golf,150000,petrol,volkswagen,no,26.58
2528,19999,bus,manual,140,sharan,90000,diesel,volkswagen,no,7.42
2532,3000,limousine,manual,105,astra,90000,petrol,opel,yes,12.33
2534,3550,station wagon,manual,131,passat,150000,diesel,volkswagen,no,14.83
2536,1199,small car,manual,69,fiesta,125000,petrol,ford,yes,13.17
2538,14000,limousine,manual,143,1er,90000,petrol,bmw,no,7.58
2539,6500,limousine,automatic,170,mondeo,50000,petrol,ford,no,12.33
2540,1200,station wagon,manual,116,passat,150000,diesel,volkswagen,no,19.5
2541,7500,cabrio,manual,136,clk,125000,petrol,mercedes_benz,no,18.08
2542,4500,bus,manual,69,transporter,150000,diesel,volkswagen,yes,33.5
2543,3300,small car,manual,60,up,20000,petrol,volkswagen,yes,6.83
2544,13990,small car,manual,211,corsa,70000,petrol,opel,no,6.5
2545,8450,coupe,manual,180,tt,150000,petrol,audi,no,14.67
2546,900,limousine,manual,75,golf,150000,petrol,volkswagen,yes,16.92
2547,7650,limousine,manual,109,focus,90000,diesel,ford,no,7.17
2549,11000,limousine,automatic,204,5er,90000,diesel,bmw,no,8.5
2550,22000,coupe,automatic,309,mustang,80000,petrol,ford,no,5.58
2551,1200,limousine,manual,147,vectra,150000,petrol,opel,yes,14.17
2552,7490,limousine,manual,190,a4,150000,petrol,audi,no,14.33
2554,5890,small car,manual,69,ka,40000,petrol,ford,no,7.0
2555,3000,station wagon,manual,120,primera,125000,diesel,nissan,no,15.25
2556,19990,coupe,manual,177,1er,125000,diesel,bmw,no,9.33
2557,12995,bus,manual,90,combo,20000,petrol,opel,no,5.17
2558,4100,cabrio,manual,143,3er,150000,petrol,bmw,no,17.0
2559,3199,limousine,manual,109,colt,150000,petrol,mitsubishi,no,14.5
2560,23990,cabrio,manual,140,eos,30000,diesel,volkswagen,no,4.42
2561,4300,station wagon,manual,103,kangoo,150000,diesel,renault,no,9.17
2562,17000,coupe,manual,265,megane,70000,petrol,renault,no,5.5
2564,1450,limousine,manual,75,leon,150000,petrol,seat,no,18.58
2566,4100,limousine,manual,90,colt,90000,petrol,mitsubishi,no,12.58
2567,3100,limousine,manual,101,a3,150000,petrol,audi,no,19.92
2569,1200,small car,manual,105,3er,150000,petrol,bmw,no,20.58
2571,5799,station wagon,automatic,150,c_klasse,150000,diesel,mercedes_benz,no,14.0
2572,12000,coupe,automatic,252,others,150000,petrol,mercedes_benz,no,27.75
2574,25000,suv,automatic,170,q3,60000,petrol,audi,no,5.17
2575,10950,coupe,automatic,150,clk,125000,diesel,mercedes_benz,no,13.75
2576,2550,small car,manual,60,2_reihe,125000,petrol,peugeot,no,13.25
2577,300,small car,manual,60,corsa,150000,petrol,opel,yes,24.83
2578,650,small car,manual,82,others,150000,diesel,hyundai,yes,14.17
2579,2300,limousine,automatic,218,omega,150000,petrol,opel,no,16.33
2580,6799,limousine,manual,140,a3,150000,diesel,audi,no,13.0
2582,17000,coupe,manual,313,others,125000,petrol,nissan,no,10.5
2586,44900,coupe,automatic,313,others,40000,diesel,audi,no,4.42
2587,5399,small car,manual,82,spark,30000,petrol,chevrolet,no,6.42
2588,5100,station wagon,manual,105,golf,150000,diesel,volkswagen,no,9.5
2590,2000,limousine,automatic,160,5er,150000,petrol,bmw,no,20.83
2591,5000,station wagon,automatic,140,a4,150000,diesel,audi,yes,13.42
2592,31000,bus,automatic,163,viano,40000,diesel,mercedes_benz,no,5.67
2593,800,station wagon,manual,101,passat,150000,petrol,volkswagen,yes,20.75
2596,700,limousine,automatic,150,c_klasse,150000,diesel,mercedes_benz,yes,11.58
2597,2680,limousine,manual,105,3er,150000,petrol,bmw,no,19.67
2599,2300,cabrio,manual,101,astra,150000,petrol,opel,yes,17.58
2600,5490,cabrio,manual,193,3er,150000,petrol,bmw,no,21.83
2601,6950,bus,manual,131,transporter,150000,diesel,volkswagen,no,20.42
2602,1200,station wagon,manual,101,focus,150000,petrol,ford,no,17.83
2603,5650,station wagon,manual,140,passat,150000,diesel,volkswagen,no,10.08
2604,7880,small car,manual,34,kaefer,60000,petrol,volkswagen,no,34.42
2605,1650,small car,manual,45,polo,150000,petrol,volkswagen,no,23.42
2606,8799,small car,manual,101,yaris,10000,petrol,toyota,no,8.67
2607,1750,limousine,manual,101,toledo,150000,petrol,seat,no,20.83
2609,1700,limousine,automatic,165,a6,125000,petrol,audi,yes,18.42
2610,21650,limousine,automatic,204,c_klasse,80000,diesel,mercedes_benz,no,7.92
2611,9950,bus,manual,105,golf,30000,diesel,volkswagen,no,12.0
2613,1150,cabrio,manual,135,others,150000,petrol,fiat,yes,21.42
2615,37800,bus,automatic,224,viano,80000,diesel,mercedes_benz,no,6.67
2617,2700,bus,manual,120,zafira,150000,diesel,opel,no,12.0
2620,900,limousine,manual,75,golf,150000,petrol,volkswagen,no,24.33
2621,5900,small car,automatic,54,fortwo,100000,diesel,smart,no,8.08
2623,1999,small car,manual,64,polo,150000,petrol,volkswagen,no,14.83
2625,550,limousine,manual,125,a4,150000,petrol,audi,no,22.83
2627,7399,small car,manual,75,up,30000,petrol,volkswagen,yes,6.42
2629,500,station wagon,manual,116,mondeo,150000,petrol,ford,yes,23.67
2630,333,station wagon,manual,75,focus,150000,petrol,ford,yes,19.75
2633,2500,station wagon,automatic,102,3er,125000,petrol,bmw,no,20.5
2635,17450,limousine,manual,120,3_reihe,30000,petrol,mazda,no,4.67
2636,7950,bus,manual,116,sharan,150000,diesel,volkswagen,no,12.83
2637,5500,bus,manual,129,sprinter,150000,diesel,mercedes_benz,no,15.08
2639,2800,limousine,manual,170,e_klasse,125000,petrol,mercedes_benz,no,20.75
2642,9300,small car,manual,117,juke,90000,petrol,nissan,no,8.83
2644,1300,limousine,automatic,102,a_klasse,150000,petrol,mercedes_benz,no,18.42
2648,4000,cabrio,manual,98,golf,90000,petrol,volkswagen,no,27.58
2650,600,limousine,automatic,101,vectra,150000,petrol,opel,no,18.0
2652,32500,cabrio,automatic,306,sl,80000,petrol,mercedes_benz,no,14.92
2653,5999,station wagon,manual,204,3er,150000,diesel,bmw,no,15.75
2654,700,small car,manual,58,twingo,150000,petrol,renault,no,18.33
2655,27600,limousine,automatic,220,golf,30000,petrol,volkswagen,no,3.25
2656,5500,station wagon,automatic,184,signum,150000,diesel,opel,no,12.5
2657,9600,cabrio,manual,122,eos,50000,petrol,volkswagen,no,10.33
2658,2300,station wagon,manual,125,a4,150000,petrol,audi,no,22.17
2659,950,station wagon,manual,145,mondeo,150000,petrol,ford,no,19.0
2660,500,limousine,manual,70,vectra,150000,petrol,opel,yes,24.33
2662,24700,limousine,automatic,408,7er,90000,petrol,bmw,no,10.92
2663,700,small car,manual,140,3er,150000,petrol,bmw,yes,22.0
2665,2300,small car,manual,68,fiesta,150000,diesel,ford,no,16.5
2668,8295,limousine,automatic,170,passat,150000,diesel,volkswagen,no,11.33
2669,11750,small car,manual,122,cooper,50000,petrol,mini,no,8.75
2670,11200,small car,manual,95,fiesta,50000,diesel,ford,no,5.58
2671,4200,small car,manual,131,polo,150000,diesel,volkswagen,no,12.5
2672,1700,limousine,manual,75,golf,150000,petrol,volkswagen,no,18.5
2673,16850,suv,manual,120,others,70000,diesel,toyota,no,9.75
2674,22900,limousine,automatic,260,superb,20000,petrol,skoda,no,7.33
2675,4650,small car,automatic,62,forfour,60000,petrol,smart,no,7.17
2677,4500,small car,automatic,71,fortwo,125000,petrol,smart,no,11.75
2680,5750,suv,manual,48,others,70000,petrol,volkswagen,no,41.92
2681,1222,bus,manual,136,others,150000,diesel,mazda,yes,15.25
2682,580,small car,manual,69,others,150000,petrol,suzuki,no,19.58
2684,7200,cabrio,manual,118,z_reihe,125000,petrol,bmw,no,16.83
2685,17300,limousine,manual,109,b_klasse,50000,diesel,mercedes_benz,no,6.75
2687,5500,limousine,automatic,115,astra,100000,petrol,opel,no,11.17
2688,8500,station wagon,manual,232,a6,150000,diesel,audi,yes,12.83
2689,1490,station wagon,automatic,200,v70,150000,petrol,volvo,yes,18.58
2690,4950,small car,manual,76,twingo,50000,petrol,renault,no,9.83
2691,1200,station wagon,manual,116,100,150000,petrol,audi,no,26.92
2692,14900,station wagon,manual,170,passat,125000,diesel,volkswagen,no,7.75
2693,11968,cabrio,manual,239,others,150000,petrol,porsche,no,26.42
2695,7990,cabrio,manual,170,a4,150000,petrol,audi,no,16.83
2696,2750,small car,manual,75,corsa,100000,petrol,opel,no,16.92
2698,2499,small car,manual,60,corsa,100000,petrol,opel,no,13.83
2699,4500,station wagon,manual,131,a4,150000,diesel,audi,no,13.42
2700,5750,limousine,manual,147,vectra,150000,petrol,opel,no,15.67
2701,499,small car,manual,50,lupo,150000,petrol,volkswagen,no,18.33
2702,20900,suv,manual,140,others,20000,petrol,opel,no,4.58
2703,2800,limousine,automatic,279,s_klasse,150000,petrol,mercedes_benz,no,18.5
2704,6500,cabrio,automatic,45,fortwo,50000,diesel,smart,no,10.92
2707,14550,limousine,manual,250,focus,60000,petrol,ford,no,6.75
2708,1200,small car,manual,58,corsa,100000,petrol,opel,no,17.42
2709,1700,station wagon,manual,144,v70,150000,petrol,volvo,no,20.08
2711,9400,limousine,automatic,218,5er,150000,diesel,bmw,no,14.92
2712,7900,limousine,automatic,150,e_klasse,150000,diesel,mercedes_benz,no,14.42
2714,1300,limousine,manual,165,others,150000,petrol,mazda,no,26.67
2715,1000,station wagon,automatic,211,omega,150000,petrol,opel,no,18.08
2718,7499,small car,manual,60,polo,40000,petrol,volkswagen,no,9.17
2719,3900,station wagon,manual,115,touran,150000,petrol,volkswagen,no,15.25
2720,850,station wagon,manual,109,others,100000,petrol,citroen,yes,18.83
2721,2500,station wagon,manual,121,6_reihe,150000,diesel,mazda,no,15.75
2722,999,limousine,manual,82,others,125000,petrol,fiat,no,19.75
2723,1600,bus,manual,115,zafira,150000,petrol,opel,no,17.0
2724,950,coupe,manual,107,megane,150000,petrol,renault,no,19.25
2725,850,station wagon,manual,165,a6,150000,petrol,audi,no,19.42
2726,2350,bus,automatic,150,others,150000,petrol,honda,no,18.25
2727,450,small car,manual,54,3_reihe,150000,petrol,peugeot,no,25.83
2730,10500,limousine,automatic,272,7er,150000,petrol,bmw,no,16.5
2731,8500,limousine,automatic,218,5er,150000,diesel,bmw,no,15.5
2733,1500,small car,manual,58,corsa,60000,petrol,opel,no,17.5
2734,2650,station wagon,manual,129,c_klasse,150000,petrol,mercedes_benz,no,17.67
2736,14999,suv,manual,170,tiguan,125000,diesel,volkswagen,no,9.17
2739,2650,cabrio,manual,118,3er,150000,petrol,bmw,no,24.0
2740,1890,limousine,manual,84,astra,150000,petrol,opel,no,16.58
2743,2200,small car,manual,54,polo,150000,lpg,volkswagen,no,15.25
2744,2999,limousine,manual,113,3er,150000,petrol,bmw,no,30.0
2747,12900,bus,automatic,140,sharan,70000,diesel,volkswagen,no,7.17
2750,4995,suv,manual,114,pajero,70000,petrol,mitsubishi,no,16.0
2754,1250,small car,manual,48,polo,150000,petrol,volkswagen,no,20.5
2755,12000,bus,manual,105,transporter,150000,diesel,volkswagen,no,13.83
2756,1250,small car,manual,75,2_reihe,150000,petrol,peugeot,no,16.42
2758,599,station wagon,manual,75,3_reihe,150000,petrol,peugeot,no,21.83
2759,9499,suv,automatic,190,m_klasse,150000,diesel,mercedes_benz,no,13.0
2760,2950,limousine,manual,125,a3,150000,petrol,audi,no,15.08
2761,4000,cabrio,manual,136,2_reihe,125000,petrol,peugeot,no,15.25
2762,3450,small car,manual,54,polo,150000,petrol,volkswagen,no,13.58
2763,749,station wagon,manual,60,astra,150000,petrol,opel,no,24.0
2765,3350,bus,manual,75,modus,70000,petrol,renault,no,13.58
2766,500,station wagon,manual,116,focus,150000,petrol,ford,no,18.83
2767,16490,station wagon,automatic,235,5er,150000,diesel,bmw,no,9.58
2768,1450,limousine,manual,101,astra,150000,petrol,opel,no,17.67
2770,3800,bus,manual,115,touran,150000,petrol,volkswagen,no,14.0
2772,3100,small car,manual,75,lupo,150000,petrol,volkswagen,no,17.83
2774,24900,suv,automatic,286,grand,60000,lpg,jeep,no,7.58
2775,500,small car,automatic,69,others,150000,petrol,suzuki,yes,20.17
2776,2299,small car,manual,90,one,150000,petrol,mini,yes,17.92
2777,2500,small car,manual,61,fortwo,90000,petrol,smart,no,11.25
2780,4999,station wagon,manual,140,a4,150000,diesel,audi,no,13.75
2781,6500,small car,manual,69,ibiza,90000,petrol,seat,no,9.17
2783,12600,bus,manual,150,vito,125000,diesel,mercedes_benz,no,13.83
2786,3450,limousine,manual,150,3er,70000,petrol,bmw,no,26.75
2787,19800,limousine,manual,125,a3,20000,petrol,audi,no,4.33
2788,2100,limousine,manual,122,c_klasse,150000,petrol,mercedes_benz,no,22.5
2789,750,limousine,manual,75,astra,150000,diesel,opel,no,18.25
2791,16499,station wagon,automatic,140,passat,80000,diesel,volkswagen,no,7.92
2792,2600,limousine,manual,170,mondeo,150000,lpg,ford,no,16.0
2793,1400,coupe,manual,105,civic,150000,petrol,honda,no,20.5
2795,1499,station wagon,automatic,131,mondeo,150000,petrol,ford,no,18.5
2796,3299,station wagon,manual,136,3er,150000,diesel,bmw,no,17.33
2797,1850,limousine,manual,84,astra,100000,petrol,opel,no,16.17
2798,6700,bus,manual,80,golf,125000,petrol,volkswagen,no,9.42
2799,3500,limousine,manual,99,3er,125000,petrol,bmw,no,28.08
2802,14700,coupe,manual,210,scirocco,150000,petrol,volkswagen,no,8.67
2803,2800,limousine,automatic,245,5er,150000,petrol,bmw,no,19.92
2804,3199,limousine,manual,143,3er,150000,petrol,bmw,no,15.25
2805,3500,limousine,automatic,326,7er,150000,petrol,bmw,no,20.5
2807,900,small car,manual,60,polo,150000,petrol,volkswagen,no,20.83
2808,3500,small car,manual,120,fabia,150000,diesel,skoda,no,16.42
2809,6499,coupe,manual,179,tt,150000,petrol,audi,no,19.92
2810,3000,limousine,manual,116,c_klasse,150000,diesel,mercedes_benz,no,17.5
2811,550,station wagon,manual,116,megane,150000,diesel,renault,no,15.0
2812,5200,limousine,automatic,163,superb,150000,diesel,skoda,no,13.25
2814,1600,station wagon,manual,101,passat,150000,petrol,volkswagen,no,18.17
2815,600,small car,manual,45,polo,150000,petrol,volkswagen,no,24.0
2816,4500,limousine,manual,54,polo,150000,petrol,volkswagen,no,16.0
2817,1250,small car,manual,75,2_reihe,125000,petrol,peugeot,no,19.33
2818,2000,station wagon,manual,115,passat,150000,petrol,volkswagen,no,22.08
2819,10499,suv,manual,250,cayenne,150000,petrol,porsche,no,13.08
2821,4100,bus,manual,90,meriva,125000,petrol,opel,no,12.67
2822,26990,small car,manual,231,others,10000,petrol,audi,no,3.42
2823,944,station wagon,manual,170,850,150000,petrol,volvo,no,23.58
2824,3600,station wagon,automatic,150,a4,150000,petrol,audi,no,18.33
2825,4700,limousine,manual,140,a4,150000,diesel,audi,no,13.75
2826,4999,bus,manual,105,touran,150000,diesel,volkswagen,no,13.67
2828,9900,small car,manual,95,2_reihe,40000,petrol,peugeot,no,6.33
2829,75900,suv,automatic,382,cayenne,30000,diesel,porsche,no,4.5
2830,8200,limousine,manual,170,a3,125000,diesel,audi,no,12.0
2831,5990,cabrio,automatic,193,clk,150000,petrol,mercedes_benz,no,18.42
2832,3990,bus,manual,136,touran,150000,diesel,volkswagen,no,16.0
2833,11500,station wagon,automatic,204,c_klasse,150000,diesel,mercedes_benz,no,8.92
2834,14000,limousine,automatic,211,golf,100000,petrol,volkswagen,no,9.92
2835,2900,small car,manual,58,twingo,90000,petrol,renault,no,10.92
2836,399,coupe,manual,113,colt,125000,petrol,mitsubishi,yes,23.83
2837,3650,coupe,automatic,218,clk,150000,petrol,mercedes_benz,no,18.17
2839,800,station wagon,manual,75,3_reihe,150000,petrol,peugeot,no,21.42
2840,10500,station wagon,manual,105,golf,90000,diesel,volkswagen,no,8.0
2841,1950,bus,manual,70,berlingo,150000,petrol,citroen,no,18.58
2843,550,bus,automatic,193,espace,150000,petrol,renault,yes,20.0
2844,2500,small car,manual,60,ibiza,50000,petrol,seat,yes,18.42
2845,950,limousine,manual,75,colt,100000,petrol,mitsubishi,no,22.42
2846,17900,limousine,manual,120,a4,80000,diesel,audi,no,7.67
2847,1150,limousine,manual,120,megane,150000,diesel,renault,no,13.25
2849,2650,small car,manual,75,ibiza,150000,petrol,seat,yes,14.33
2850,1690,limousine,manual,80,corsa,150000,petrol,opel,no,13.75
2851,750,station wagon,automatic,131,mondeo,150000,diesel,ford,no,16.67
2853,10200,small car,manual,120,cooper,50000,petrol,mini,no,9.5
2854,18276,bus,manual,102,transporter,150000,diesel,volkswagen,no,11.0
2856,850,small car,manual,54,corsa,70000,petrol,opel,yes,19.08
2857,78500,cabrio,automatic,449,6er,20000,petrol,bmw,no,5.67
2858,10750,limousine,automatic,218,x_reihe,150000,diesel,bmw,no,13.83
2859,15750,suv,automatic,140,kuga,90000,diesel,ford,no,7.83
2860,10000,limousine,automatic,179,fabia,100000,petrol,skoda,no,7.75
2862,1800,limousine,manual,101,golf,150000,petrol,volkswagen,yes,19.08
2863,24900,limousine,automatic,184,golf,40000,diesel,volkswagen,no,4.33
2864,2399,small car,manual,54,polo,125000,petrol,volkswagen,no,16.0
2865,4800,limousine,automatic,192,5er,150000,petrol,bmw,no,16.92
2866,15500,cabrio,manual,228,boxster,100000,petrol,porsche,no,13.08
2868,675,small car,manual,55,twingo,150000,petrol,renault,no,23.67
2869,5500,small car,manual,68,others,50000,petrol,suzuki,no,8.25
2870,3000,bus,manual,100,combo,125000,diesel,opel,no,12.5
2872,2900,cabrio,automatic,60,fortwo,125000,petrol,smart,no,18.58
2874,2450,suv,manual,80,others,60000,petrol,suzuki,no,26.67
2875,470,small car,manual,45,polo,125000,petrol,volkswagen,no,26.17
2876,1950,small car,manual,75,clio,150000,petrol,renault,no,16.33
2877,3999,bus,manual,125,zafira,5000,diesel,opel,no,14.92
2878,1750,small car,automatic,54,fortwo,125000,petrol,smart,no,17.25
2880,1299,bus,manual,136,others,150000,diesel,mazda,no,14.75
2882,8499,suv,manual,140,tiguan,150000,diesel,volkswagen,no,11.92
2885,1800,small car,manual,75,others,125000,petrol,suzuki,no,16.0
2886,8099,cabrio,manual,150,2_reihe,90000,petrol,peugeot,no,7.17
2888,7598,cabrio,manual,170,astra,150000,petrol,opel,no,12.58
2891,4500,bus,automatic,140,touran,150000,diesel,volkswagen,yes,11.92
2893,5500,small car,automatic,71,fortwo,20000,petrol,smart,no,8.17
2894,6900,limousine,manual,116,a_klasse,100000,petrol,mercedes_benz,no,11.42
2895,888,small car,manual,65,corsa,125000,petrol,opel,no,19.58
2896,3000,small car,manual,75,clio,150000,petrol,renault,no,12.17
2897,5300,small car,manual,69,ka,30000,petrol,ford,no,6.58
2900,5500,limousine,automatic,150,vectra,150000,diesel,opel,no,12.92
2901,2600,small car,manual,64,polo,125000,petrol,volkswagen,no,14.33
2902,12200,limousine,manual,174,cooper,70000,petrol,mini,no,9.67
2903,2699,limousine,manual,75,golf,125000,petrol,volkswagen,no,17.5
2904,400,small car,manual,50,ka,150000,petrol,ford,no,22.92
2906,5200,limousine,manual,200,golf,150000,petrol,volkswagen,no,13.92
2908,8895,small car,manual,75,one,80000,petrol,mini,no,8.42
2910,10000,limousine,manual,215,focus,125000,petrol,ford,no,14.25
2911,29990,station wagon,automatic,184,5er,60000,diesel,bmw,no,7.0
2912,1499,limousine,manual,68,astra,150000,petrol,opel,no,19.17
2913,1299,station wagon,manual,75,astra,100000,petrol,opel,no,20.42
2914,12700,bus,manual,105,touran,100000,diesel,volkswagen,no,8.75
2915,3500,bus,manual,105,touran,150000,diesel,volkswagen,yes,14.75
2916,5590,limousine,automatic,109,a_klasse,150000,diesel,mercedes_benz,no,11.42
2918,1900,small car,manual,60,lupo,150000,petrol,volkswagen,no,17.33
2919,3900,bus,automatic,147,zafira,150000,petrol,opel,no,13.33
2921,1000,station wagon,manual,116,vectra,150000,petrol,opel,no,19.75
2922,11000,suv,automatic,218,grand,150000,diesel,jeep,no,14.0
2923,300,station wagon,manual,90,passat,150000,petrol,volkswagen,yes,24.0
2924,10800,station wagon,automatic,156,c_klasse,30000,petrol,mercedes_benz,no,7.67
2925,1890,station wagon,manual,145,mondeo,150000,petrol,ford,no,17.83
2926,2950,small car,manual,75,polo,125000,petrol,volkswagen,no,14.83
2927,5500,limousine,manual,75,golf,125000,petrol,volkswagen,no,13.08
2930,10000,suv,automatic,185,xc_reihe,90000,diesel,volvo,no,10.08
2932,520,small car,manual,60,polo,150000,petrol,volkswagen,no,22.92
2933,1200,station wagon,manual,143,5er,150000,diesel,bmw,no,19.67
2934,1900,limousine,manual,101,astra,150000,diesel,opel,no,18.5
2935,2200,small car,manual,54,seicento,10000,petrol,fiat,no,13.42
2936,499,limousine,manual,101,3er,150000,petrol,bmw,no,23.75
2937,4000,station wagon,manual,105,golf,150000,diesel,volkswagen,no,8.83
2941,2299,suv,manual,120,freelander,150000,petrol,land_rover,no,18.67
2942,17950,limousine,automatic,140,passat,60000,diesel,volkswagen,no,6.42
2943,3999,coupe,automatic,71,fortwo,60000,petrol,smart,no,12.0
2944,7900,station wagon,automatic,200,passat,150000,petrol,volkswagen,no,12.58
2945,600,station wagon,automatic,122,c_klasse,150000,petrol,mercedes_benz,no,20.75
2947,2999,limousine,manual,115,passat,150000,petrol,volkswagen,no,16.08
2948,10900,station wagon,manual,129,3er,60000,petrol,bmw,no,11.33
2954,2290,limousine,automatic,150,passat,150000,diesel,volkswagen,no,17.83
2956,1190,small car,manual,82,clio,150000,diesel,renault,no,15.25
2957,8333,limousine,automatic,185,others,150000,diesel,volvo,no,12.58
2958,9990,limousine,manual,105,leon,70000,petrol,seat,no,7.67
2959,750,station wagon,manual,90,passat,125000,petrol,volkswagen,no,23.67
2960,14990,limousine,manual,143,3er,125000,petrol,bmw,no,9.25
2961,5290,station wagon,manual,170,3er,150000,petrol,bmw,no,17.83
2963,4199,limousine,manual,87,sandero,150000,petrol,dacia,no,8.25
2964,3600,limousine,manual,116,golf,150000,petrol,volkswagen,no,14.17
2965,14800,limousine,manual,250,golf,150000,petrol,volkswagen,no,12.17
2967,3650,station wagon,manual,116,3er,150000,diesel,bmw,no,14.42
2968,1990,limousine,manual,180,a6,150000,diesel,audi,yes,15.33
2971,2950,limousine,manual,150,golf,150000,petrol,volkswagen,no,20.58
2973,14750,station wagon,manual,160,a4,90000,petrol,audi,no,9.17
2975,1300,limousine,manual,87,logan,150000,petrol,dacia,no,13.5
2976,9700,suv,manual,86,jimny,60000,petrol,suzuki,no,7.33
2977,4250,small car,automatic,71,fortwo,125000,petrol,smart,no,11.25
2978,5200,bus,manual,101,meriva,150000,diesel,opel,no,14.25
2979,999,limousine,manual,101,a3,150000,petrol,audi,no,21.58
2980,350,station wagon,manual,114,mondeo,150000,petrol,ford,yes,18.67
2981,2800,small car,manual,34,others,150000,petrol,citroen,no,33.25
2982,10400,station wagon,manual,150,159,150000,diesel,alfa_romeo,no,9.25
2984,8800,small car,manual,75,one,50000,petrol,mini,no,9.5
2986,200,small car,manual,40,others,100000,petrol,fiat,yes,23.58
2987,6100,station wagon,automatic,150,e_klasse,150000,diesel,mercedes_benz,no,14.42
2988,2100,station wagon,automatic,279,e_klasse,150000,petrol,mercedes_benz,no,19.08
2989,8900,small car,manual,87,corsa,60000,petrol,opel,no,5.08
2991,4799,small car,manual,60,corsa,70000,petrol,opel,no,10.0
2993,500,limousine,manual,88,3_reihe,100000,petrol,mazda,no,21.92
2995,2999,station wagon,automatic,150,3er,150000,diesel,bmw,no,17.92
2996,17000,coupe,manual,250,golf,125000,petrol,volkswagen,no,12.92
2998,6290,small car,manual,68,c1,30000,petrol,citroen,no,5.25
2999,950,limousine,manual,75,3_reihe,90000,petrol,peugeot,no,21.67
3003,1600,bus,manual,150,sharan,150000,petrol,volkswagen,no,18.5
3004,2750,small car,manual,54,fox,150000,petrol,volkswagen,no,11.08
3006,560,limousine,manual,101,a4,150000,petrol,audi,no,22.58
3008,4950,bus,manual,116,alhambra,125000,petrol,seat,no,14.08
3011,699,cabrio,manual,108,3_reihe,150000,petrol,peugeot,no,21.58
3014,3750,limousine,automatic,101,focus,60000,petrol,ford,no,18.75
3015,1050,small car,automatic,65,corsa,150000,petrol,opel,no,19.08
3016,23500,limousine,manual,150,a3,20000,diesel,audi,no,4.75
3019,5950,bus,manual,110,5_reihe,150000,diesel,mazda,no,12.17
3021,3995,small car,manual,75,fusion,80000,petrol,ford,no,11.67
3022,16600,coupe,manual,239,a5,150000,diesel,audi,no,10.83
3024,12500,bus,manual,170,alhambra,150000,diesel,seat,no,13.0
3025,2500,limousine,manual,118,3er,150000,petrol,bmw,no,18.25
3026,12200,cabrio,manual,120,2_reihe,20000,petrol,peugeot,no,7.17
3027,1350,small car,manual,58,twingo,150000,petrol,renault,no,14.08
3028,3800,limousine,automatic,173,5er,150000,petrol,bmw,no,17.33
3029,1850,small car,manual,60,2_reihe,150000,petrol,peugeot,no,16.5
3030,2000,coupe,manual,54,polo,100000,petrol,volkswagen,no,24.42
3032,4900,small car,manual,58,twingo,30000,petrol,renault,no,9.0
3033,5500,small car,manual,120,cooper,150000,petrol,mini,no,11.58
3034,1800,limousine,manual,101,golf,125000,petrol,volkswagen,no,20.42
3037,5199,limousine,manual,94,others,125000,petrol,mercedes_benz,no,41.25
3038,300,coupe,manual,81,3_reihe,150000,petrol,mazda,yes,22.83
3039,2850,small car,manual,116,beetle,150000,petrol,volkswagen,no,20.58
3040,450,station wagon,manual,75,escort,30000,petrol,ford,no,19.25
3041,1100,station wagon,manual,125,passat,150000,petrol,volkswagen,no,19.92
3043,3333,station wagon,manual,102,passat,150000,petrol,volkswagen,no,15.25
3044,13500,cabrio,automatic,200,a3,125000,petrol,audi,no,10.33
3045,3500,bus,manual,128,ducato,150000,diesel,fiat,no,16.08
3046,7800,limousine,manual,116,1er,100000,petrol,bmw,no,11.58
3049,5500,coupe,manual,105,civic,90000,petrol,honda,no,22.42
3050,4800,bus,manual,116,c_max,60000,petrol,ford,yes,13.5
3051,3590,limousine,manual,143,e_klasse,150000,diesel,mercedes_benz,no,19.0
3054,5900,limousine,automatic,299,7er,150000,petrol,bmw,no,30.25
3057,15900,bus,automatic,204,viano,150000,diesel,mercedes_benz,no,12.92
3059,11900,cabrio,manual,170,z_reihe,125000,petrol,bmw,no,13.33
3060,1299,small car,manual,60,corsa,150000,petrol,opel,no,15.33
3061,1290,small car,automatic,54,fortwo,150000,petrol,smart,no,19.67
3062,12500,limousine,manual,184,c_klasse,125000,petrol,mercedes_benz,no,10.67
3064,1999,limousine,automatic,156,156,150000,petrol,alfa_romeo,no,18.67
3065,4900,station wagon,manual,109,2_reihe,125000,diesel,peugeot,no,10.08
3067,4499,cabrio,automatic,41,fortwo,90000,diesel,smart,no,12.08
3068,4999,small car,manual,71,fortwo,40000,petrol,smart,no,10.5
3070,7900,bus,manual,102,transporter,150000,diesel,volkswagen,no,17.83
3071,1950,coupe,manual,129,c_klasse,150000,petrol,mercedes_benz,no,18.0
3072,500,station wagon,manual,132,4_reihe,150000,petrol,peugeot,no,21.83
3074,200,limousine,manual,111,mondeo,150000,petrol,ford,yes,24.0
3076,1500,station wagon,manual,155,signum,150000,petrol,opel,yes,15.5
3081,11999,small car,manual,122,cooper,70000,petrol,mini,no,6.17
3082,6790,station wagon,manual,115,astra,90000,petrol,opel,no,10.5
3086,1000,station wagon,manual,101,passat,150000,petrol,volkswagen,no,20.58
3087,6450,limousine,manual,160,159,50000,petrol,alfa_romeo,no,11.42
3088,1600,station wagon,manual,193,3er,150000,petrol,bmw,no,19.42
3089,2500,limousine,manual,205,others,150000,petrol,saab,yes,17.08
3090,1199,limousine,manual,101,a4,150000,petrol,audi,no,21.5
3091,13000,limousine,manual,184,c_klasse,30000,petrol,mercedes_benz,no,11.42
3097,21900,coupe,manual,177,1er,60000,diesel,bmw,no,7.75
3100,22000,bus,automatic,179,transporter,150000,diesel,volkswagen,yes,8.5
3102,59990,coupe,manual,480,911,150000,petrol,porsche,no,10.42
3104,998,small car,automatic,60,micra,125000,petrol,nissan,no,25.0
3106,1800,limousine,manual,155,superb,150000,diesel,skoda,yes,16.67
3107,3690,limousine,manual,143,c_klasse,150000,lpg,mercedes_benz,no,14.25
3108,2500,bus,manual,135,others,150000,petrol,renault,no,13.33
3110,2350,station wagon,manual,163,v70,150000,diesel,volvo,no,16.75
3111,6399,cabrio,manual,170,3er,150000,petrol,bmw,no,16.75
3113,7900,station wagon,manual,86,ibiza,40000,petrol,seat,no,7.75
3114,5500,limousine,automatic,143,c_klasse,150000,diesel,mercedes_benz,no,15.08
3116,3700,bus,manual,105,touran,150000,diesel,volkswagen,no,12.33
3117,19500,station wagon,automatic,163,insignia,70000,diesel,opel,no,4.25
3119,1290,limousine,manual,75,astra,150000,petrol,opel,no,19.75
3120,2990,suv,automatic,140,grand,150000,diesel,jeep,no,18.25
3122,2999,station wagon,automatic,163,a4,150000,diesel,audi,yes,12.42
3123,32990,bus,automatic,140,transporter,70000,diesel,volkswagen,no,5.58
3125,11250,limousine,manual,340,golf,150000,petrol,volkswagen,no,11.83
3126,1550,station wagon,manual,75,others,5000,diesel,mercedes_benz,no,15.0
3128,600,station wagon,manual,116,3er,150000,petrol,bmw,no,20.75
3130,5700,limousine,automatic,280,a8,150000,petrol,audi,no,15.25
3131,2400,station wagon,manual,101,focus,150000,petrol,ford,no,14.25
3132,6550,cabrio,automatic,280,boxster,70000,petrol,porsche,no,13.67
3134,250,limousine,manual,120,mondeo,30000,petrol,ford,yes,20.67
3135,1499,small car,manual,50,lupo,150000,petrol,volkswagen,yes,16.58
3136,11800,cabrio,automatic,220,a4,90000,petrol,audi,no,15.42
3137,11999,limousine,manual,105,beetle,40000,petrol,volkswagen,no,5.25
3138,590,small car,manual,75,fiesta,150000,petrol,ford,no,19.17
3139,2000,limousine,manual,105,golf,150000,petrol,volkswagen,no,19.0
3140,800,station wagon,manual,116,legacy,150000,petrol,subaru,no,23.83
3141,9880,small car,manual,69,ibiza,20000,petrol,seat,no,6.67
3142,7200,bus,manual,110,scenic,50000,petrol,renault,no,9.67
3145,499,small car,manual,72,fiesta,125000,petrol,ford,no,28.75
3146,4499,small car,manual,87,yaris,90000,petrol,toyota,no,12.83
3147,5600,limousine,automatic,188,7er,100000,petrol,bmw,no,25.58
3149,9700,station wagon,manual,140,a3,125000,diesel,audi,no,11.83
3151,5200,coupe,manual,210,3er,150000,petrol,bmw,yes,26.67
3152,1500,small car,manual,60,fabia,150000,petrol,skoda,no,16.75
3153,27500,suv,manual,180,amarok,50000,diesel,volkswagen,no,4.33
3154,15900,small car,automatic,90,polo,20000,diesel,volkswagen,no,3.42
3155,49500,cabrio,automatic,421,slk,30000,petrol,mercedes_benz,no,6.5
3158,2000,limousine,manual,116,passat,150000,diesel,volkswagen,no,19.67
3159,10800,limousine,manual,150,159,125000,diesel,alfa_romeo,no,10.08
3160,3333,station wagon,manual,163,5er,150000,diesel,bmw,no,15.75
3161,2500,limousine,manual,131,passat,150000,diesel,volkswagen,no,14.75
3162,4000,bus,manual,143,5_reihe,150000,diesel,mazda,yes,12.5
3163,4200,station wagon,automatic,122,c_klasse,150000,petrol,mercedes_benz,no,19.42
3165,20990,station wagon,manual,105,a3,40000,diesel,audi,no,5.75
3166,10500,cabrio,manual,143,3er,80000,petrol,bmw,no,15.5
3168,9999,small car,manual,120,cooper,100000,petrol,mini,no,9.75
3169,6000,limousine,manual,72,others,150000,diesel,mercedes_benz,no,40.92
3170,8850,cabrio,manual,118,z_reihe,100000,petrol,bmw,no,19.92
3171,15000,station wagon,manual,122,passat,70000,petrol,volkswagen,no,7.08
3172,26500,limousine,automatic,306,5er,90000,petrol,bmw,no,9.83
3173,250,small car,manual,58,twingo,100000,petrol,renault,no,21.0
3175,550,small car,manual,60,corsa,150000,petrol,opel,no,22.25
3176,15400,limousine,automatic,204,x_reihe,150000,diesel,bmw,no,8.25
3177,1498,limousine,automatic,116,primera,150000,petrol,nissan,no,21.25
3178,9300,limousine,automatic,218,5er,150000,diesel,bmw,no,14.33
3181,3999,others,manual,109,3_reihe,150000,diesel,peugeot,no,11.92
3182,5500,station wagon,manual,101,fabia,125000,diesel,skoda,no,13.5
3183,8000,station wagon,manual,260,octavia,150000,petrol,skoda,no,12.83
3184,9100,limousine,automatic,177,5er,150000,diesel,bmw,no,14.83
3186,2199,limousine,manual,174,80,150000,petrol,audi,no,27.92
3188,2599,small car,manual,75,corsa,150000,diesel,opel,no,12.92
3190,15499,limousine,automatic,170,golf,125000,diesel,volkswagen,no,7.25
3191,5500,limousine,automatic,150,a3,125000,petrol,audi,no,15.08
3193,1500,limousine,manual,126,c_klasse,150000,petrol,mercedes_benz,no,20.67
3195,12450,limousine,manual,116,1er,50000,diesel,bmw,no,7.08
3196,1100,small car,manual,67,matiz,150000,petrol,chevrolet,no,12.5
3197,6900,small car,automatic,97,fiesta,60000,petrol,ford,no,9.42
3198,4390,bus,manual,109,vito,150000,diesel,mercedes_benz,no,12.17
3199,9000,station wagon,manual,116,b_klasse,125000,petrol,mercedes_benz,no,10.75
3200,1950,limousine,manual,90,a_klasse,125000,diesel,mercedes_benz,no,18.67
3201,2599,limousine,manual,118,3er,150000,petrol,bmw,no,19.42
3202,3900,limousine,manual,90,golf,150000,petrol,volkswagen,no,27.42
3203,4500,limousine,manual,170,golf,150000,petrol,volkswagen,no,11.42
3204,550,station wagon,manual,125,mondeo,150000,diesel,ford,no,16.42
3205,2350,small car,manual,60,fiesta,80000,petrol,ford,no,12.67
3206,3750,cabrio,manual,109,2_reihe,90000,lpg,peugeot,no,13.17
3208,1600,limousine,automatic,122,c_klasse,150000,petrol,mercedes_benz,no,18.25
3209,3500,limousine,manual,102,a_klasse,100000,petrol,mercedes_benz,no,17.58
3210,8500,small car,manual,60,fiesta,20000,petrol,ford,no,4.83
3211,3950,small car,manual,68,fiesta,125000,diesel,ford,no,10.5
3212,10200,small car,automatic,80,micra,80000,petrol,nissan,no,6.17
3213,11750,bus,automatic,174,transporter,125000,diesel,volkswagen,yes,13.5
3214,1350,station wagon,manual,90,mondeo,100000,petrol,ford,no,23.0
3217,3600,station wagon,manual,101,astra,150000,diesel,opel,no,12.25
3219,4850,cabrio,automatic,82,roadster,100000,petrol,smart,no,14.5
3220,7200,station wagon,manual,170,octavia,150000,diesel,skoda,no,11.67
3221,6999,limousine,manual,122,1er,150000,diesel,bmw,no,12.17
3224,9000,limousine,automatic,218,5er,150000,diesel,bmw,no,13.58
3225,5200,station wagon,manual,163,3er,150000,diesel,bmw,no,12.25
3226,1850,small car,manual,67,getz,150000,lpg,hyundai,no,12.33
3227,5500,small car,automatic,71,fortwo,50000,petrol,smart,no,7.42
3228,1200,limousine,manual,75,golf,150000,petrol,volkswagen,no,20.42
3230,25750,cabrio,automatic,231,e_klasse,150000,diesel,mercedes_benz,no,9.0
3231,2499,station wagon,manual,101,megane,150000,diesel,renault,no,14.5
3233,3500,station wagon,manual,170,a4,150000,petrol,audi,yes,15.5
3234,15000,station wagon,manual,105,golf,40000,diesel,volkswagen,no,7.83
3237,5900,limousine,manual,150,3_reihe,125000,petrol,mazda,no,10.17
3238,14499,bus,manual,105,transporter,150000,diesel,volkswagen,no,14.58
3239,2500,small car,manual,80,corsa,150000,petrol,opel,no,14.0
3242,1950,limousine,manual,144,omega,150000,petrol,opel,no,17.42
3243,6500,cabrio,automatic,279,clk,150000,petrol,mercedes_benz,no,17.25
3244,2990,limousine,manual,143,3er,150000,petrol,bmw,yes,16.75
3245,14700,station wagon,automatic,105,a3,70000,diesel,audi,no,8.0
3246,400,small car,manual,75,others,150000,petrol,toyota,no,24.0
3247,3500,limousine,manual,143,3er,150000,petrol,bmw,yes,15.0
3248,3150,station wagon,manual,163,a4,150000,diesel,audi,no,14.83
3249,3070,small car,manual,69,polo,125000,diesel,volkswagen,no,10.92
3250,2999,limousine,automatic,179,s_klasse,150000,petrol,mercedes_benz,no,28.5
3251,1600,small car,manual,50,polo,5000,petrol,volkswagen,no,17.33
3256,7490,station wagon,manual,105,octavia,150000,diesel,skoda,no,11.75
3257,3200,limousine,manual,116,bora,150000,petrol,volkswagen,no,17.17
3258,3750,small car,manual,75,polo,150000,lpg,volkswagen,no,13.83
3259,1650,station wagon,automatic,101,golf,150000,petrol,volkswagen,yes,18.67
3260,2599,coupe,automatic,61,fortwo,90000,petrol,smart,no,13.92
3261,4400,limousine,automatic,130,c_klasse,150000,petrol,mercedes_benz,no,17.0
3262,8300,bus,manual,136,others,150000,diesel,volkswagen,no,12.0
3263,2000,limousine,automatic,170,5er,150000,petrol,bmw,no,22.17
3264,19900,station wagon,manual,147,forester,60000,diesel,subaru,no,6.33
3266,8000,bus,automatic,140,sharan,70000,diesel,volkswagen,no,7.17
3267,3800,station wagon,manual,193,a6,150000,petrol,audi,no,20.58
3268,13600,limousine,manual,177,x_reihe,150000,diesel,bmw,no,10.42
3269,2990,station wagon,manual,131,passat,150000,diesel,volkswagen,no,15.5
3270,5700,limousine,manual,116,golf,125000,petrol,volkswagen,no,13.83
3271,1400,limousine,manual,75,vectra,125000,petrol,opel,no,22.42
3272,1380,limousine,manual,101,golf,150000,petrol,volkswagen,no,20.42
3273,2490,small car,manual,77,jazz,125000,petrol,honda,no,15.25
3274,790,station wagon,manual,116,passat,150000,diesel,volkswagen,yes,19.83
3275,2300,limousine,manual,95,colt,150000,petrol,mitsubishi,no,13.42
3276,7455,small car,manual,60,polo,30000,petrol,volkswagen,no,8.17
3278,12000,station wagon,automatic,170,e_klasse,150000,diesel,mercedes_benz,no,10.33
3282,12900,limousine,manual,143,1er,20000,diesel,bmw,yes,4.33
3283,510,limousine,manual,90,escort,100000,petrol,ford,no,21.33
3284,13900,suv,manual,140,kuga,100000,diesel,ford,no,7.58
3286,139000,coupe,manual,408,911,100000,petrol,porsche,no,24.0
3287,4800,limousine,automatic,160,others,150000,petrol,mercedes_benz,no,28.17
3288,8499,station wagon,manual,150,3er,150000,diesel,bmw,no,13.92
3289,1950,coupe,automatic,193,3er,150000,petrol,bmw,no,21.42
3291,4349,bus,manual,150,zafira,150000,diesel,opel,no,13.83
3299,799,limousine,manual,101,vectra,150000,petrol,opel,no,22.17
3301,11950,station wagon,automatic,150,c_klasse,125000,petrol,mercedes_benz,yes,8.17
3302,6500,limousine,manual,129,avensis,60000,petrol,toyota,no,15.92
3303,750,small car,manual,65,corsa,125000,petrol,opel,no,18.25
3304,4850,station wagon,manual,140,caddy,150000,diesel,volkswagen,no,9.33
3305,5950,limousine,manual,163,3er,150000,diesel,bmw,no,12.5
3306,2600,small car,manual,101,polo,150000,diesel,volkswagen,no,15.33
3307,6600,small car,manual,82,fiesta,30000,petrol,ford,no,9.58
3309,7800,suv,manual,173,others,150000,diesel,renault,no,9.33
3310,1500,limousine,manual,102,a_klasse,150000,petrol,mercedes_benz,no,19.83
3312,1000,small car,manual,75,clio,150000,petrol,renault,no,19.92
3313,1690,small car,manual,58,twingo,125000,petrol,renault,no,15.33
3315,2800,small car,manual,55,fox,125000,petrol,volkswagen,no,11.67
3318,6799,cabrio,manual,193,3er,150000,petrol,bmw,no,16.42
3319,2950,limousine,automatic,102,golf,80000,petrol,volkswagen,no,17.92
3320,4650,cabrio,manual,150,others,150000,petrol,saab,no,16.92
3322,7590,small car,manual,156,others,150000,petrol,citroen,no,8.83
3323,4500,station wagon,automatic,299,a6,150000,petrol,audi,no,16.5
3326,6900,cabrio,automatic,197,slk,150000,lpg,mercedes_benz,no,17.25
3327,9800,cabrio,manual,34,kaefer,80000,petrol,volkswagen,no,41.0
3329,2500,limousine,automatic,220,a4,150000,petrol,audi,no,17.42
3331,6900,small car,manual,69,polo,80000,petrol,volkswagen,no,8.25
3332,500,small car,manual,60,fiesta,150000,petrol,ford,no,19.75
3334,4500,limousine,manual,150,passat,150000,petrol,volkswagen,no,11.08
3335,850,station wagon,manual,125,vectra,150000,diesel,opel,no,17.58
3336,850,small car,manual,44,fortwo,150000,petrol,smart,no,17.08
3337,17900,coupe,manual,179,a5,80000,petrol,audi,no,8.58
3338,7000,limousine,automatic,177,3er,125000,diesel,bmw,no,9.5
3342,850,limousine,manual,150,e_klasse,150000,petrol,mercedes_benz,no,21.33
3343,2599,limousine,manual,140,6_reihe,150000,petrol,mazda,no,15.08
3344,1100,small car,manual,70,almera,125000,petrol,nissan,no,21.0
3345,12500,bus,automatic,174,transporter,150000,diesel,volkswagen,no,12.17
3346,5150,suv,automatic,163,others,150000,diesel,hyundai,no,14.67
3348,10200,cabrio,automatic,170,z_reihe,150000,petrol,bmw,no,13.42
3349,2555,bus,manual,204,galaxy,150000,petrol,ford,no,17.0
3350,18790,small car,automatic,122,a1,20000,petrol,audi,no,6.58
3353,6500,limousine,automatic,205,others,150000,petrol,jaguar,no,34.67
3355,1900,small car,manual,65,micra,150000,petrol,nissan,no,14.67
3359,15500,coupe,manual,133,5_reihe,150000,petrol,peugeot,no,41.33
3362,6550,limousine,manual,69,others,70000,petrol,renault,no,39.25
3363,4900,small car,manual,116,a_klasse,100000,petrol,mercedes_benz,no,13.58
3364,650,limousine,manual,146,a4,150000,petrol,audi,yes,22.0
3366,4400,station wagon,manual,140,signum,150000,petrol,opel,no,12.75
3367,9699,station wagon,manual,140,golf,150000,diesel,volkswagen,no,6.08
3368,14999,limousine,manual,163,3er,150000,diesel,bmw,no,8.42
3370,1999,station wagon,manual,193,v70,150000,petrol,volvo,no,21.5
3372,1750,small car,manual,60,2_reihe,150000,petrol,peugeot,no,14.17
3373,7900,cabrio,manual,116,cooper,150000,petrol,mini,no,10.5
3374,8250,small car,manual,87,corsa,50000,petrol,opel,no,6.08
3375,3990,cabrio,manual,110,3_reihe,150000,petrol,peugeot,no,13.25
3376,350,limousine,automatic,150,galant,150000,petrol,mitsubishi,yes,22.0
3377,14599,limousine,automatic,170,c_klasse,150000,diesel,mercedes_benz,no,10.42
3378,5999,limousine,manual,150,leon,150000,diesel,seat,no,13.42
3379,9290,limousine,manual,140,golf,150000,diesel,volkswagen,no,9.58
3380,3900,station wagon,manual,143,c_klasse,150000,petrol,mercedes_benz,no,15.42
3381,3650,limousine,manual,150,a3,150000,petrol,audi,no,17.25
3383,10000,limousine,manual,125,focus,80000,petrol,ford,no,9.83
3384,2200,station wagon,manual,170,omega,150000,petrol,opel,no,18.25
3388,2300,limousine,manual,86,corolla,90000,petrol,toyota,no,21.75
3390,4850,station wagon,manual,137,legacy,150000,petrol,subaru,no,14.5
3393,2600,limousine,manual,125,a_klasse,150000,petrol,mercedes_benz,no,16.67
3395,3990,station wagon,manual,155,mondeo,150000,diesel,ford,no,15.0
3397,1990,bus,manual,120,espace,150000,diesel,renault,no,16.0
3398,12900,station wagon,manual,170,a4,90000,diesel,audi,no,10.08
3399,11111,cabrio,manual,116,cooper,60000,petrol,mini,no,10.33
3400,7999,small car,manual,82,fiesta,60000,petrol,ford,no,7.08
3401,3500,cabrio,manual,136,2_reihe,125000,petrol,peugeot,no,15.5
3402,599,limousine,manual,75,golf,150000,petrol,volkswagen,no,25.83
3403,3200,small car,manual,77,punto,150000,petrol,fiat,no,11.83
3404,3499,small car,manual,95,forfour,150000,diesel,smart,no,12.42
3406,6100,limousine,automatic,299,a6,150000,petrol,audi,no,19.92
3408,2300,small car,automatic,61,fortwo,125000,petrol,smart,no,13.5
3409,4150,limousine,manual,105,golf,150000,diesel,volkswagen,no,14.92
3410,9900,station wagon,manual,204,3er,150000,diesel,bmw,no,15.92
3412,6299,bus,manual,88,transporter,150000,diesel,volkswagen,no,17.17
3414,850,limousine,automatic,160,others,150000,petrol,mercedes_benz,yes,34.42
3416,7990,suv,manual,177,rav,150000,diesel,toyota,no,12.67
3418,8990,small car,manual,69,polo,30000,petrol,volkswagen,no,4.08
3419,10400,limousine,manual,90,astra,80000,petrol,opel,no,10.25
3421,2200,station wagon,manual,75,fabia,150000,petrol,skoda,no,14.5
3424,5500,bus,manual,102,transporter,150000,diesel,volkswagen,no,16.25
3425,800,limousine,manual,101,vectra,125000,petrol,opel,no,20.67
3428,7500,limousine,automatic,200,golf,150000,petrol,volkswagen,no,12.42
3430,550,station wagon,manual,71,astra,150000,petrol,opel,no,22.67
3431,5300,limousine,manual,185,s60,150000,diesel,volvo,no,12.5
3432,16500,suv,automatic,306,m_klasse,150000,diesel,mercedes_benz,no,10.5
3433,550,limousine,manual,115,3er,150000,petrol,bmw,no,22.58
3435,4444,station wagon,automatic,150,passat,150000,lpg,volkswagen,no,14.92
3436,1400,small car,manual,82,a_klasse,5000,petrol,mercedes_benz,no,15.0
3438,16900,station wagon,manual,179,a4,90000,petrol,audi,no,8.33
3440,950,station wagon,manual,75,berlingo,125000,petrol,citroen,yes,17.08
3443,8900,limousine,manual,140,passat,125000,diesel,volkswagen,no,12.75
3447,8990,small car,manual,86,i_reihe,20000,petrol,hyundai,no,4.75
3448,3600,limousine,automatic,143,e_klasse,150000,diesel,mercedes_benz,no,17.92
3449,10000,limousine,automatic,108,b_klasse,100000,diesel,mercedes_benz,no,12.17
3452,62890,cabrio,automatic,450,others,40000,petrol,audi,no,5.33
3453,83000,cabrio,manual,408,911,40000,petrol,porsche,no,7.08
3456,8500,cabrio,manual,90,one,125000,petrol,mini,no,12.33
3457,7550,bus,manual,145,5_reihe,125000,petrol,mazda,no,10.42
3460,6300,station wagon,manual,105,a3,150000,diesel,audi,yes,11.58
3461,2850,small car,manual,88,c3,150000,petrol,citroen,no,11.67
3463,2650,cabrio,manual,150,2_reihe,100000,petrol,peugeot,yes,10.25
3465,950,station wagon,manual,60,polo,150000,petrol,volkswagen,no,19.83
3468,280,small car,manual,56,corsa,150000,petrol,opel,yes,19.33
3470,4500,limousine,automatic,163,c_klasse,100000,petrol,mercedes_benz,no,16.08
3471,2999,limousine,manual,95,colt,150000,lpg,mitsubishi,no,12.58
3473,13950,limousine,automatic,224,a6,150000,diesel,audi,no,14.42
3474,999,limousine,manual,84,astra,125000,petrol,opel,yes,17.58
3475,11450,station wagon,manual,143,a4,150000,diesel,audi,no,8.42
3476,3900,coupe,manual,170,3er,150000,petrol,bmw,no,16.25
3477,17300,limousine,automatic,170,golf,150000,diesel,volkswagen,no,7.25
3478,5400,small car,manual,75,clio,20000,petrol,renault,no,7.83
3479,12500,limousine,automatic,286,5er,150000,diesel,bmw,no,12.0
3480,5900,bus,manual,105,doblo,125000,diesel,fiat,no,6.08
3481,2400,small car,manual,100,a3,150000,diesel,audi,no,18.0
3482,9900,bus,manual,105,caddy,125000,diesel,volkswagen,no,8.42
3483,6800,small car,manual,98,one,30000,petrol,mini,yes,6.75
3484,450,limousine,manual,101,a3,150000,petrol,audi,yes,21.92
3485,9900,cabrio,manual,102,beetle,80000,cng,volkswagen,no,10.17
3487,11990,limousine,manual,136,1er,70000,petrol,bmw,no,6.25
3488,8450,limousine,manual,105,golf,90000,petrol,volkswagen,no,8.42
3489,8790,limousine,manual,122,1er,125000,petrol,bmw,no,9.83
3491,999,small car,automatic,54,fortwo,150000,petrol,smart,no,18.83
3492,5800,cabrio,automatic,250,others,150000,petrol,saab,no,12.92
3493,3799,cabrio,manual,125,tigra,125000,petrol,opel,no,13.25
3495,1000,limousine,manual,109,e_klasse,150000,petrol,mercedes_benz,yes,27.0
3496,1500,limousine,automatic,125,a4,150000,petrol,audi,no,21.5
3498,84000,limousine,automatic,455,others,5000,petrol,mercedes_benz,no,3.92
3499,5800,small car,automatic,102,swift,70000,petrol,suzuki,no,11.92
3501,10490,suv,manual,224,touareg,150000,diesel,volkswagen,no,12.67
3502,9000,small car,manual,95,fiesta,50000,diesel,ford,no,6.33
3503,5750,bus,automatic,102,transporter,150000,diesel,volkswagen,no,16.83
3504,400,station wagon,manual,118,vectra,150000,petrol,opel,yes,20.17
3505,4350,suv,automatic,217,m_klasse,150000,petrol,mercedes_benz,no,17.17
3506,6750,station wagon,automatic,299,a6,150000,petrol,audi,no,14.33
3507,8200,cabrio,manual,163,a4,90000,petrol,audi,no,15.42
3508,5400,coupe,manual,188,clk,150000,lpg,mercedes_benz,no,16.92
3509,15999,station wagon,manual,143,a4,90000,diesel,audi,no,8.08
3510,1950,suv,manual,116,others,150000,petrol,opel,no,24.42
3511,550,bus,manual,102,scenic,150000,diesel,renault,no,15.5
3512,32980,cabrio,manual,211,tt,10000,petrol,audi,no,4.33
3514,3800,limousine,manual,68,c1,60000,petrol,citroen,no,9.58
3517,1700,bus,manual,107,scenic,150000,petrol,renault,no,18.17
3518,9500,station wagon,manual,163,5er,150000,diesel,bmw,no,8.42
3520,5200,bus,manual,131,galaxy,150000,diesel,ford,no,14.67
3522,2800,others,automatic,109,c_max,150000,diesel,ford,no,12.67
3523,200,limousine,manual,155,156,150000,petrol,alfa_romeo,yes,20.58
3524,13990,bus,manual,122,golf,40000,petrol,volkswagen,no,6.33
3525,9900,station wagon,automatic,170,passat,150000,diesel,volkswagen,no,10.08
3527,8550,bus,manual,170,touran,150000,diesel,volkswagen,no,10.33
3529,500,small car,manual,54,seicento,150000,petrol,fiat,yes,16.25
3531,1450,small car,manual,75,corsa,60000,petrol,opel,yes,15.83
3532,6450,bus,automatic,140,touran,150000,diesel,volkswagen,no,13.33
3533,1550,limousine,manual,116,3er,150000,petrol,bmw,yes,16.83
3535,9150,small car,manual,99,jazz,20000,petrol,honda,no,6.83
3536,9700,station wagon,manual,140,focus,150000,diesel,ford,no,6.92
3537,700,station wagon,manual,75,astra,150000,petrol,opel,yes,18.42
3538,8200,station wagon,automatic,179,a6,150000,diesel,audi,no,12.08
3539,14999,cabrio,manual,170,3er,125000,petrol,bmw,no,10.42
3541,12500,limousine,automatic,408,others,150000,petrol,mercedes_benz,no,24.42
3543,4999,limousine,manual,140,golf,150000,diesel,volkswagen,no,11.42
3545,19230,bus,automatic,150,viano,90000,diesel,mercedes_benz,no,12.5
3546,399,others,manual,102,3er,150000,petrol,bmw,no,22.33
3547,3499,station wagon,manual,140,v70,150000,petrol,volvo,no,19.75
3548,2499,small car,manual,60,punto,125000,petrol,fiat,no,14.42
3552,1399,station wagon,automatic,150,100,150000,petrol,audi,no,25.83
3553,1899,station wagon,manual,166,156,150000,petrol,alfa_romeo,no,16.83
3554,29000,station wagon,automatic,306,e_klasse,70000,petrol,mercedes_benz,no,6.25
3555,7100,small car,manual,69,i_reihe,20000,petrol,hyundai,no,4.25
3556,200,small car,manual,54,micra,150000,petrol,nissan,no,22.5
3557,400,limousine,manual,75,3_reihe,150000,petrol,peugeot,no,21.75
3558,1250,small car,manual,58,twingo,150000,petrol,renault,no,18.67
3560,5999,small car,manual,85,ibiza,100000,petrol,seat,no,7.75
3561,7500,cabrio,manual,143,ptcruiser,60000,petrol,chrysler,no,12.0
3562,12500,limousine,automatic,349,e_klasse,150000,petrol,mercedes_benz,no,16.25
3563,13350,station wagon,automatic,232,a6,150000,diesel,audi,no,10.17
3564,7999,station wagon,automatic,140,a3,150000,diesel,audi,no,13.5
3565,6499,limousine,manual,102,leon,150000,petrol,seat,no,10.83
3566,1999,limousine,manual,143,3er,150000,petrol,bmw,no,16.42
3567,4700,small car,manual,68,others,150000,diesel,mazda,no,9.25
3568,7395,limousine,manual,140,superb,100000,diesel,skoda,no,10.17
3569,2990,station wagon,automatic,125,c_klasse,125000,diesel,mercedes_benz,no,18.42
3574,18250,limousine,manual,110,golf,30000,diesel,volkswagen,no,4.42
3575,1300,limousine,manual,75,golf,150000,petrol,volkswagen,no,21.0
3576,650,small car,manual,50,polo,150000,petrol,volkswagen,no,21.33
3577,18900,cabrio,automatic,140,megane,30000,petrol,renault,no,6.0
3578,700,coupe,manual,90,megane,150000,petrol,renault,yes,21.67
3579,20900,suv,automatic,170,glk,125000,diesel,mercedes_benz,no,9.83
3581,5500,station wagon,automatic,177,e_klasse,150000,diesel,mercedes_benz,no,14.5
3583,999,limousine,manual,95,c_klasse,150000,diesel,mercedes_benz,no,20.42
3586,3600,small car,manual,58,twingo,40000,petrol,renault,no,9.75
3587,16599,bus,manual,170,others,125000,diesel,hyundai,no,6.5
3588,2950,limousine,manual,150,a3,150000,petrol,audi,no,19.75
3590,18500,suv,automatic,177,wrangler,150000,diesel,jeep,no,10.33
3591,850,station wagon,manual,115,focus,150000,petrol,ford,yes,17.33
3592,1490,limousine,manual,116,6_reihe,150000,petrol,mazda,no,17.75
3593,3000,small car,manual,77,others,150000,petrol,fiat,no,12.5
3594,2400,limousine,manual,90,leon,125000,diesel,seat,no,17.08
3595,699,small car,manual,60,punto,150000,petrol,fiat,no,17.92
3596,12900,station wagon,manual,224,c_klasse,150000,diesel,mercedes_benz,no,11.33
3598,23650,bus,manual,177,alhambra,60000,diesel,seat,no,5.83
3599,10350,cabrio,automatic,220,a4,100000,petrol,audi,no,15.08
3601,4800,coupe,manual,170,3er,150000,petrol,bmw,no,18.08
3603,22996,cabrio,manual,300,911,150000,petrol,porsche,no,19.75
3604,6500,coupe,manual,300,911,100000,petrol,porsche,no,17.5
3607,1450,station wagon,manual,101,astra,150000,petrol,opel,no,16.25
3608,2350,small car,manual,60,punto,125000,petrol,fiat,no,15.5
3609,7900,small car,manual,87,corsa,60000,petrol,opel,no,7.67
3610,13489,limousine,manual,105,octavia,30000,diesel,skoda,no,5.25
3611,24000,limousine,automatic,184,5er,100000,diesel,bmw,no,6.33
3613,10900,small car,manual,109,rio,40000,petrol,kia,no,7.92
3616,4850,small car,manual,82,spark,80000,petrol,chevrolet,no,9.0
3617,11999,station wagon,manual,235,5er,150000,diesel,bmw,no,11.83
3619,300,limousine,manual,75,megane,150000,petrol,renault,yes,22.25
3620,2500,bus,manual,101,touran,150000,diesel,volkswagen,no,15.17
3622,2000,limousine,manual,116,3er,150000,petrol,bmw,no,16.42
3624,690,limousine,automatic,170,9000,150000,petrol,saab,no,20.25
3625,16500,suv,automatic,174,touareg,90000,diesel,volkswagen,no,9.5
3626,24450,limousine,manual,184,5er,30000,petrol,bmw,no,6.25
3628,2250,limousine,manual,105,147,125000,petrol,alfa_romeo,no,16.17
3629,500,small car,manual,60,polo,150000,petrol,volkswagen,no,19.92
3631,2300,station wagon,automatic,116,3er,150000,petrol,bmw,no,22.0
3632,1000,small car,manual,58,agila,150000,petrol,opel,no,17.75
3633,900,limousine,automatic,136,omega,150000,lpg,opel,yes,22.08
3634,7000,limousine,automatic,280,passat,150000,petrol,volkswagen,no,11.83
3635,1599,station wagon,manual,101,passat,150000,petrol,volkswagen,yes,18.25
3636,17500,limousine,manual,143,a4,125000,diesel,audi,no,10.33
3638,1495,small car,manual,60,punto,125000,cng,fiat,no,9.25
3641,1699,bus,manual,80,transporter,150000,diesel,volkswagen,no,24.33
3642,3000,bus,manual,172,sprinter,150000,diesel,mercedes_benz,no,25.83
3643,6900,limousine,manual,140,a3,150000,petrol,audi,no,13.5
3647,3990,bus,manual,102,transporter,150000,diesel,volkswagen,no,19.0
3648,700,limousine,manual,75,others,150000,petrol,rover,no,20.5
3649,999,small car,manual,60,micra,150000,petrol,nissan,no,17.33
3650,2000,station wagon,manual,82,rio,60000,petrol,kia,no,15.33
3652,999,small car,manual,58,agila,150000,petrol,opel,no,15.58
3653,1700,coupe,automatic,132,others,150000,petrol,mercedes_benz,no,28.42
3656,500,small car,manual,58,corsa,150000,petrol,opel,yes,17.5
3657,10000,limousine,manual,177,a4,150000,diesel,audi,no,6.25
3658,1450,station wagon,manual,90,escort,125000,diesel,ford,no,20.42
3659,15499,station wagon,automatic,239,a6,150000,diesel,audi,no,9.33
3660,700,small car,manual,60,corsa,150000,petrol,opel,no,22.83
3661,5900,bus,manual,140,touran,150000,diesel,volkswagen,no,15.0
3662,2600,station wagon,manual,110,octavia,150000,diesel,skoda,yes,18.0
3663,3500,limousine,manual,109,3_reihe,150000,diesel,mazda,no,12.25
3664,39999,limousine,automatic,383,golf,30000,petrol,volkswagen,no,4.58
3665,11700,station wagon,manual,190,5er,150000,petrol,bmw,no,9.25
3667,750,limousine,manual,100,bravo,150000,petrol,fiat,no,20.42
3670,4900,limousine,manual,120,3_reihe,50000,petrol,peugeot,no,10.25
3671,890,station wagon,manual,90,focus,150000,diesel,ford,yes,16.42
3673,5780,cabrio,automatic,193,slk,150000,petrol,mercedes_benz,no,21.42
3674,1900,limousine,manual,150,a6,150000,petrol,audi,yes,20.0
3675,999,limousine,manual,105,147,125000,petrol,alfa_romeo,no,17.33
3676,1399,bus,manual,103,others,150000,petrol,fiat,no,19.08
3677,5300,limousine,manual,116,1er,150000,petrol,bmw,no,12.25
3678,24999,station wagon,automatic,204,a6,150000,diesel,audi,no,5.25
3679,10500,station wagon,manual,120,astra,50000,petrol,opel,no,8.0
3681,44900,coupe,manual,381,911,70000,petrol,porsche,no,10.08
3683,24500,limousine,automatic,177,x_reihe,60000,diesel,bmw,no,8.5
3685,31000,limousine,automatic,184,5er,40000,diesel,bmw,no,4.25
3688,8499,limousine,automatic,224,c_klasse,150000,diesel,mercedes_benz,no,12.83
3690,10999,small car,manual,117,juke,60000,petrol,nissan,no,7.25
3691,1200,small car,automatic,95,forfour,150000,diesel,smart,yes,13.75
3694,17600,station wagon,automatic,190,a4,125000,diesel,audi,no,9.83
3695,9499,bus,manual,105,golf,70000,diesel,volkswagen,no,8.83
3696,999,cabrio,manual,120,others,150000,petrol,rover,no,18.33
3697,9900,station wagon,manual,110,passat,100000,diesel,volkswagen,no,9.42
3701,9990,limousine,manual,105,golf,125000,diesel,volkswagen,no,8.33
3702,23900,coupe,automatic,374,others,50000,petrol,ford,no,47.5
3703,6390,small car,manual,105,ibiza,125000,diesel,seat,no,8.42
3704,6300,small car,manual,69,corsa,70000,petrol,opel,no,5.17
3706,600,small car,manual,60,ka,125000,petrol,ford,no,13.5
3708,6800,limousine,manual,102,octavia,70000,petrol,skoda,no,12.5
3710,14800,limousine,automatic,231,7er,150000,diesel,bmw,no,10.42
3711,7490,cabrio,manual,116,eos,125000,petrol,volkswagen,no,12.75
3712,749,station wagon,manual,116,passat,150000,petrol,volkswagen,no,26.33
3714,7600,station wagon,automatic,170,e_klasse,150000,diesel,mercedes_benz,no,11.92
3716,1650,limousine,manual,115,others,100000,petrol,volvo,no,20.25
3719,3989,station wagon,manual,90,2_reihe,150000,diesel,peugeot,no,10.5
3720,2900,limousine,manual,116,focus,125000,petrol,ford,no,15.58
3722,21600,limousine,manual,177,a6,80000,diesel,audi,no,6.25
3724,1400,small car,manual,55,others,125000,petrol,hyundai,no,17.17
3725,8500,suv,manual,99,others,20000,diesel,mitsubishi,no,17.0
3726,3999,small car,manual,80,corsa,80000,petrol,opel,no,11.92
3729,3200,cabrio,manual,113,megane,125000,lpg,renault,no,13.42
3730,9500,station wagon,manual,132,a6,150000,diesel,audi,no,12.83
3731,2499,small car,manual,65,fabia,125000,petrol,skoda,no,14.67
3732,1600,small car,manual,75,polo,150000,petrol,volkswagen,no,16.33
3733,500,station wagon,manual,75,focus,150000,diesel,ford,no,17.25
3734,9500,limousine,manual,250,golf,150000,petrol,volkswagen,no,12.25
3735,2700,limousine,manual,100,focus,150000,petrol,ford,no,13.42
3736,2990,limousine,manual,102,others,150000,diesel,kia,no,12.42
3737,20600,suv,manual,132,tucson,5000,petrol,hyundai,no,3.83
3738,950,small car,automatic,97,fiesta,40000,petrol,ford,yes,6.42
3742,3200,small car,manual,120,others,150000,diesel,fiat,no,12.33
3743,299,limousine,manual,115,passat,150000,petrol,volkswagen,yes,25.83
3746,740,small car,manual,60,ka,125000,petrol,ford,no,19.0
3747,3700,station wagon,manual,150,passat,150000,diesel,volkswagen,no,17.75
3750,140,small car,manual,60,polo,150000,petrol,volkswagen,yes,20.25
3751,2550,limousine,manual,118,3er,150000,petrol,bmw,no,19.33
3752,2900,small car,manual,77,others,150000,petrol,fiat,no,9.25
3753,2200,cabrio,automatic,41,others,150000,diesel,smart,no,15.58
3754,17850,limousine,automatic,204,e_klasse,150000,diesel,mercedes_benz,no,9.67
3756,2850,station wagon,automatic,109,3_reihe,150000,petrol,peugeot,no,14.42
3758,7200,small car,manual,77,punto,60000,petrol,fiat,no,9.0
3759,3980,bus,manual,143,5_reihe,125000,diesel,mazda,yes,11.17
3760,2890,limousine,manual,150,5er,150000,lpg,bmw,no,21.0
3761,6500,small car,manual,150,corsa,125000,petrol,opel,no,9.08
3763,19950,limousine,manual,140,cc,40000,diesel,volkswagen,no,5.83
3764,8100,limousine,manual,143,1er,150000,diesel,bmw,no,10.42
3765,8200,small car,manual,90,sandero,20000,petrol,dacia,no,4.83
3766,3850,coupe,manual,105,astra,150000,petrol,opel,no,12.92
3768,16500,coupe,manual,200,others,150000,petrol,bmw,yes,45.5
3770,10999,limousine,manual,140,a3,125000,diesel,audi,no,7.75
3771,6190,limousine,manual,109,i_reihe,60000,petrol,hyundai,no,9.5
3772,3999,small car,manual,64,polo,125000,petrol,volkswagen,no,14.5
3773,3800,small car,manual,69,corsa,150000,diesel,opel,yes,12.5
3774,200,limousine,manual,140,others,150000,petrol,mazda,yes,20.67
3776,13500,bus,manual,174,transporter,150000,diesel,volkswagen,no,13.0
3778,5750,suv,automatic,194,sorento,150000,petrol,kia,no,14.33
3779,4000,bus,manual,109,sprinter,150000,diesel,mercedes_benz,no,14.5
3780,700,bus,manual,75,transporter,150000,diesel,volkswagen,no,20.75
3782,2200,limousine,automatic,230,a8,150000,petrol,audi,no,23.83
3787,37880,coupe,automatic,420,m_reihe,90000,petrol,bmw,no,8.5
3788,5800,station wagon,manual,143,c_klasse,150000,petrol,mercedes_benz,no,13.92
3789,4000,limousine,automatic,235,5er,150000,petrol,bmw,no,21.83
3790,300,bus,manual,134,espace,150000,petrol,renault,yes,20.0
3791,3600,bus,manual,79,sprinter,150000,diesel,mercedes_benz,no,22.08
3793,3800,cabrio,manual,109,2_reihe,125000,petrol,peugeot,no,13.33
3795,3500,coupe,manual,150,others,150000,diesel,alfa_romeo,no,12.17
3796,250,small car,manual,75,astra,100000,petrol,opel,yes,21.25
3797,3250,limousine,automatic,136,4_reihe,150000,petrol,peugeot,yes,13.5
3798,10000,suv,automatic,140,tiguan,100000,diesel,volkswagen,no,7.67
3800,5000,bus,manual,90,roomster,150000,diesel,skoda,no,8.5
3801,10500,limousine,automatic,340,others,150000,lpg,audi,no,15.33
3803,16666,limousine,automatic,143,a4,150000,diesel,audi,no,9.25
3804,5990,station wagon,manual,163,a4,150000,petrol,audi,no,16.92
3805,6299,cabrio,manual,231,3er,150000,petrol,bmw,no,15.83
3806,4190,bus,manual,69,roomster,150000,petrol,skoda,no,9.75
3807,2995,cabrio,manual,150,80,150000,petrol,audi,no,23.25
3810,7399,limousine,manual,102,golf,100000,petrol,volkswagen,no,10.58
3811,1100,limousine,automatic,170,mondeo,150000,petrol,ford,no,16.67
3812,20800,limousine,automatic,131,qashqai,20000,diesel,nissan,no,4.33
3813,1600,station wagon,manual,101,focus,125000,petrol,ford,yes,18.25
3814,7900,limousine,manual,87,astra,80000,petrol,opel,yes,7.67
3815,15900,station wagon,automatic,184,3er,150000,diesel,bmw,no,8.75
3816,1849,small car,manual,54,clio,90000,petrol,renault,no,19.67
3817,25000,station wagon,manual,150,octavia,50000,diesel,skoda,no,6.0
3819,11500,limousine,manual,143,3er,80000,petrol,bmw,no,9.83
3820,525,station wagon,manual,122,v40,150000,petrol,volvo,no,18.25
3824,2600,suv,manual,54,caddy,150000,diesel,volkswagen,no,28.75
3825,1499,coupe,manual,90,tigra,125000,petrol,opel,no,21.67
3826,4999,bus,manual,120,ducato,150000,diesel,fiat,no,8.5
3827,3850,station wagon,manual,150,astra,125000,diesel,opel,no,11.83
3828,12500,limousine,manual,120,others,40000,petrol,alfa_romeo,no,6.08
3829,4000,coupe,automatic,136,others,150000,petrol,mercedes_benz,no,35.25
3830,9950,limousine,manual,86,golf,70000,petrol,volkswagen,no,6.58
3831,24500,station wagon,manual,306,3er,125000,petrol,bmw,no,8.08
3832,2700,station wagon,manual,75,golf,150000,petrol,volkswagen,no,12.17
3833,2000,small car,automatic,41,fortwo,100000,diesel,smart,no,18.75
3834,850,small car,manual,60,polo,150000,petrol,volkswagen,no,22.83
3835,900,limousine,manual,101,focus,150000,petrol,ford,no,17.5
3837,23500,station wagon,manual,170,passat,100000,diesel,volkswagen,no,6.25
3838,23999,coupe,automatic,272,tt,125000,petrol,audi,no,9.5
3839,1400,station wagon,automatic,125,others,150000,diesel,mercedes_benz,no,18.75
3840,14500,limousine,automatic,156,c_klasse,30000,petrol,mercedes_benz,no,10.0
3841,1100,bus,manual,129,carnival,150000,diesel,kia,no,17.92
3843,2350,small car,manual,100,meriva,150000,diesel,opel,no,14.0
3844,6250,coupe,manual,143,c_klasse,150000,petrol,mercedes_benz,no,13.42
3845,3800,station wagon,manual,120,6_reihe,125000,petrol,mazda,no,13.08
3846,2999,others,manual,116,sharan,150000,diesel,volkswagen,no,18.83
3847,2100,small car,automatic,61,fortwo,80000,petrol,smart,no,17.58
3850,12190,cabrio,automatic,200,a4,125000,petrol,audi,no,12.83
3851,599,small car,manual,65,corsa,150000,petrol,opel,no,19.67
3852,500,coupe,manual,105,3er,150000,petrol,bmw,yes,19.08
3853,4650,cabrio,manual,118,3er,150000,petrol,bmw,no,21.25
3854,1690,station wagon,automatic,141,ptcruiser,125000,petrol,chrysler,no,18.67
3855,18999,cabrio,automatic,245,sl,150000,petrol,mercedes_benz,no,14.33
3856,890,station wagon,manual,101,golf,150000,petrol,volkswagen,no,19.75
3857,1999,small car,manual,95,forfour,150000,petrol,smart,no,13.42
3858,4499,small car,manual,75,corsa,150000,diesel,opel,no,11.58
3860,6200,station wagon,automatic,114,vivaro,150000,diesel,opel,no,8.92
3861,1800,limousine,manual,132,e_klasse,150000,petrol,mercedes_benz,no,26.33
3862,2450,limousine,automatic,147,vectra,150000,petrol,opel,no,14.17
3863,7399,limousine,automatic,306,e_klasse,150000,petrol,mercedes_benz,no,16.25
3864,4599,limousine,manual,193,5er,150000,petrol,bmw,no,21.0
3865,8700,station wagon,automatic,140,passat,150000,diesel,volkswagen,no,10.5
3866,650,bus,manual,63,others,150000,petrol,mazda,no,17.67
3867,1200,limousine,manual,101,focus,150000,petrol,ford,no,16.33
3871,23445,limousine,manual,230,golf,30000,petrol,volkswagen,no,6.0
3872,2599,limousine,manual,131,a3,150000,diesel,audi,no,17.42
3873,4700,limousine,automatic,163,s60,150000,diesel,volvo,no,16.75
3874,1450,station wagon,manual,75,fabia,150000,petrol,skoda,no,16.25
3875,5200,station wagon,manual,200,astra,150000,petrol,opel,no,16.92
3876,15000,station wagon,manual,24,500,40000,petrol,fiat,no,42.58
3877,16499,station wagon,manual,190,a6,150000,diesel,audi,no,9.5
3878,1200,limousine,automatic,204,e_klasse,150000,petrol,mercedes_benz,no,17.42
3880,3700,station wagon,manual,69,fabia,150000,petrol,skoda,no,9.08
3883,2500,small car,manual,75,polo,150000,diesel,volkswagen,no,14.0
3884,5000,cabrio,automatic,71,fortwo,70000,petrol,smart,no,9.67
3886,1500,limousine,manual,125,toledo,125000,petrol,seat,no,18.08
3887,4000,small car,manual,54,polo,80000,petrol,volkswagen,no,13.25
3890,16500,suv,manual,141,qashqai,50000,petrol,nissan,no,6.25
3891,9000,bus,manual,131,transporter,150000,diesel,volkswagen,no,10.08
3892,1250,small car,manual,60,corsa,150000,petrol,opel,no,22.67
3894,29500,coupe,automatic,258,others,50000,petrol,jaguar,no,10.75
3895,5200,small car,manual,69,500,50000,petrol,fiat,no,9.58
3896,1500,station wagon,manual,150,5er,150000,petrol,bmw,no,20.5
3897,700,station wagon,manual,136,omega,150000,petrol,opel,no,19.75
3900,6800,small car,manual,90,jazz,60000,petrol,honda,no,7.58
3901,3150,small car,manual,54,fox,125000,petrol,volkswagen,no,13.67
3902,3590,small car,manual,95,forfour,80000,petrol,smart,no,12.08
3903,32490,limousine,automatic,170,c_klasse,20000,diesel,mercedes_benz,no,4.75
3905,5999,limousine,manual,116,focus,90000,petrol,ford,no,10.75
3906,2750,coupe,manual,118,3er,150000,petrol,bmw,no,18.17
3910,2200,small car,automatic,102,golf,150000,petrol,volkswagen,no,15.17
3911,7700,bus,manual,75,golf,40000,petrol,volkswagen,no,12.25
3912,4700,small car,manual,90,one,150000,petrol,mini,no,15.33
3914,19900,station wagon,automatic,190,a6,150000,diesel,audi,no,8.17
3916,1900,limousine,automatic,140,s60,150000,petrol,volvo,yes,17.0
3917,8499,suv,manual,173,others,150000,diesel,renault,no,10.25
3918,800,limousine,manual,125,passat,150000,petrol,volkswagen,no,23.0
3921,3000,limousine,manual,141,6_reihe,150000,petrol,mazda,no,15.75
3924,1450,limousine,manual,75,cordoba,20000,petrol,seat,no,21.25
3925,2500,small car,manual,75,a2,150000,petrol,audi,no,18.75
3931,1250,limousine,manual,150,passat,150000,petrol,volkswagen,yes,19.0
3934,1100,limousine,manual,102,a_klasse,150000,petrol,mercedes_benz,no,20.67
3935,22500,cabrio,manual,160,tt,50000,petrol,audi,no,8.33
3936,1850,limousine,manual,90,vectra,70000,petrol,opel,no,24.58
3940,2999,small car,manual,80,polo,150000,petrol,volkswagen,no,26.42
3941,13100,limousine,manual,110,i_reihe,40000,diesel,hyundai,no,4.17
3942,2900,limousine,automatic,231,others,150000,petrol,mercedes_benz,no,26.25
3943,5500,limousine,automatic,165,a6,150000,lpg,audi,no,18.25
3946,300,coupe,manual,73,3_reihe,150000,petrol,mazda,no,18.83
3947,700,coupe,automatic,75,astra,150000,petrol,opel,yes,19.92
3948,7400,station wagon,manual,197,5er,150000,diesel,bmw,no,11.0
3949,4500,bus,automatic,105,touran,150000,diesel,volkswagen,yes,15.0
3950,800,small car,manual,60,polo,150000,petrol,volkswagen,no,20.33
3952,6500,limousine,manual,192,3er,150000,petrol,bmw,no,16.25
3953,11300,suv,manual,156,4_reihe,100000,diesel,peugeot,no,11.92
3954,9690,station wagon,manual,170,3er,150000,petrol,bmw,no,10.5
3957,1799,small car,manual,60,fiesta,150000,petrol,ford,no,13.67
3958,15990,station wagon,automatic,170,c_klasse,150000,diesel,mercedes_benz,no,6.58
3962,850,small car,manual,54,fox,150000,petrol,volkswagen,yes,13.83
3964,12900,limousine,automatic,340,300c,150000,petrol,chrysler,no,11.33
3965,180,limousine,manual,95,megane,150000,petrol,renault,no,17.58
3966,4800,small car,manual,69,polo,125000,petrol,volkswagen,no,10.08
3967,4590,bus,manual,86,roomster,150000,petrol,skoda,no,9.42
3969,5200,bus,manual,136,touran,150000,diesel,volkswagen,no,16.0
3974,700,small car,manual,55,golf,150000,petrol,volkswagen,yes,19.58
3975,1600,small car,manual,58,corsa,150000,petrol,opel,no,18.75
3978,6500,small car,manual,69,500,80000,petrol,fiat,no,7.67
3980,200,station wagon,manual,107,laguna,150000,petrol,renault,yes,19.25
3983,8500,cabrio,automatic,163,a4,150000,petrol,audi,no,13.08
3984,22500,station wagon,manual,204,5er,90000,diesel,bmw,no,7.17
3987,3495,coupe,manual,102,a3,150000,petrol,audi,no,13.17
3988,9990,station wagon,manual,90,logan,125000,diesel,dacia,no,6.0
3990,3300,small car,manual,69,polo,150000,diesel,volkswagen,no,11.0
3991,14700,station wagon,automatic,190,a6,150000,diesel,audi,no,7.5
3993,4900,small car,manual,70,polo,150000,diesel,volkswagen,no,11.58
3994,2499,limousine,manual,150,3er,150000,petrol,bmw,no,20.5
3995,1300,station wagon,manual,97,astra,150000,cng,opel,yes,13.5
3996,5390,limousine,manual,80,golf,150000,petrol,volkswagen,no,10.17
3997,2900,cabrio,automatic,61,fortwo,125000,petrol,smart,no,16.58
3999,4350,station wagon,manual,105,caddy,150000,diesel,volkswagen,no,12.0
4001,7500,limousine,manual,177,i3,150000,diesel,bmw,no,14.75
4002,4850,small car,manual,95,ypsilon,60000,petrol,lancia,no,9.25
4003,199,small car,manual,55,punto,150000,petrol,fiat,no,22.0
4004,6400,small car,manual,87,corsa,70000,petrol,opel,no,7.92
4005,13700,station wagon,automatic,224,e_klasse,150000,diesel,mercedes_benz,no,12.83
4006,4250,limousine,automatic,333,7er,150000,petrol,bmw,yes,16.33
4007,1999,limousine,manual,150,passat,150000,petrol,volkswagen,no,19.75
4008,26500,bus,manual,150,golf,40000,diesel,volkswagen,no,5.0
4010,24400,suv,automatic,200,pajero,70000,diesel,mitsubishi,no,6.25
4011,2900,station wagon,manual,177,vectra,150000,diesel,opel,no,15.92
4016,9750,station wagon,manual,110,passat,100000,diesel,volkswagen,no,9.5
4018,13500,suv,automatic,218,x_reihe,150000,diesel,bmw,no,12.5
4019,22500,limousine,automatic,170,q5,150000,diesel,audi,no,8.25
4020,14480,small car,manual,90,polo,50000,diesel,volkswagen,no,5.83
4021,2500,limousine,manual,90,others,100000,petrol,fiat,no,42.67
4022,14390,suv,automatic,141,qashqai,40000,petrol,nissan,no,10.0
4023,600,limousine,manual,90,80,150000,petrol,audi,yes,31.33
4025,27999,station wagon,automatic,204,e_klasse,60000,diesel,mercedes_benz,no,7.25
4028,600,limousine,automatic,75,golf,125000,petrol,volkswagen,yes,23.75
4029,1990,limousine,manual,122,carisma,60000,petrol,mitsubishi,yes,18.42
4030,13200,limousine,manual,125,astra,80000,diesel,opel,no,7.67
4032,5375,station wagon,manual,140,a3,150000,diesel,audi,no,12.42
4033,3980,bus,automatic,116,sharan,150000,diesel,volkswagen,no,17.08
4034,900,small car,manual,50,fiesta,150000,petrol,ford,no,18.17
4035,5200,bus,manual,102,altea,125000,petrol,seat,no,14.0
4036,980,small car,manual,60,2_reihe,150000,petrol,peugeot,no,17.33
4037,1600,limousine,manual,75,golf,150000,petrol,volkswagen,no,21.0
4039,6790,bus,manual,125,zafira,125000,diesel,opel,no,9.17
4045,25000,suv,automatic,231,glk,100000,diesel,mercedes_benz,no,7.92
4046,900,small car,automatic,90,golf,150000,petrol,volkswagen,yes,22.67
4047,1099,suv,manual,116,others,150000,petrol,opel,yes,21.5
4048,899,small car,manual,60,corsa,150000,petrol,opel,no,21.5
4049,13999,coupe,manual,200,others,60000,petrol,nissan,no,19.25
4050,3300,limousine,automatic,131,mondeo,150000,diesel,ford,no,14.5
4051,999,small car,manual,54,seicento,125000,petrol,fiat,no,19.75
4052,1299,limousine,manual,90,golf,150000,petrol,volkswagen,no,28.5
4055,5000,station wagon,automatic,163,a6,150000,diesel,audi,no,15.92
4057,4250,suv,automatic,163,m_klasse,150000,diesel,mercedes_benz,yes,17.58
4058,9100,small car,manual,69,500,30000,petrol,fiat,no,6.25
4059,15990,limousine,manual,140,golf,50000,petrol,volkswagen,no,5.25
4060,4900,cabrio,automatic,136,others,150000,petrol,mercedes_benz,no,18.33
4063,11400,coupe,manual,140,scirocco,150000,diesel,volkswagen,no,9.5
4064,3900,small car,manual,60,fiesta,80000,petrol,ford,no,12.25
4065,1850,small car,manual,50,matiz,150000,petrol,chevrolet,no,11.17
4066,1700,cabrio,manual,90,golf,150000,petrol,volkswagen,no,23.25
4067,1800,limousine,manual,98,almera,150000,petrol,nissan,no,16.0
4068,1190,small car,manual,60,lupo,150000,diesel,volkswagen,no,18.58
4069,3100,small car,manual,65,yaris,90000,petrol,toyota,no,13.75
4070,21000,limousine,manual,143,1er,50000,diesel,bmw,no,5.33
4071,850,small car,manual,54,corsa,150000,petrol,opel,no,20.25
4072,2800,small car,automatic,94,aveo,60000,petrol,chevrolet,no,12.42
4073,3200,limousine,automatic,136,c5,150000,diesel,citroen,no,12.67
4074,19100,limousine,manual,150,a3,50000,diesel,audi,no,4.08
4075,1790,small car,manual,98,clio,70000,petrol,renault,no,16.33
4076,12900,bus,automatic,163,grand,150000,diesel,chrysler,no,9.83
4079,2700,limousine,manual,131,a3,150000,diesel,audi,no,15.67
4082,6880,station wagon,automatic,130,5er,150000,diesel,bmw,no,13.58
4083,2280,limousine,manual,95,a_klasse,150000,diesel,mercedes_benz,no,15.17
4085,5600,bus,manual,105,touran,150000,diesel,volkswagen,no,14.08
4086,4500,limousine,manual,105,bravo,150000,diesel,fiat,no,10.67
4087,9500,small car,manual,75,citigo,30000,petrol,skoda,no,5.25
4088,16500,suv,manual,117,qashqai,40000,petrol,nissan,no,5.5
4089,2500,cabrio,manual,136,2_reihe,150000,petrol,peugeot,no,17.08
4090,12999,suv,manual,110,yeti,90000,diesel,skoda,no,6.0
4092,4895,limousine,automatic,170,3er,150000,petrol,bmw,no,20.75
4094,10800,station wagon,automatic,239,a4,150000,diesel,audi,no,8.42
4095,1500,station wagon,manual,163,c_klasse,150000,petrol,mercedes_benz,no,17.5
4096,7500,cabrio,manual,163,slk,125000,petrol,mercedes_benz,no,15.42
4099,5500,limousine,manual,87,astra,90000,petrol,opel,no,8.75
4100,9500,station wagon,automatic,250,a3,150000,petrol,audi,no,14.0
4101,4290,station wagon,manual,116,3er,150000,diesel,bmw,no,16.08
4103,2200,limousine,automatic,245,a8,150000,petrol,audi,no,21.17
4105,13000,limousine,manual,177,a6,80000,diesel,audi,no,7.75
4106,6900,limousine,manual,65,others,60000,petrol,renault,no,48.92
4107,2150,bus,manual,105,golf,150000,diesel,volkswagen,yes,12.83
4109,14000,limousine,manual,265,1er,125000,petrol,bmw,no,12.83
4113,6499,limousine,automatic,150,golf,60000,petrol,volkswagen,no,14.33
4114,1150,station wagon,manual,90,polo,150000,diesel,volkswagen,no,19.08
4115,2345,cabrio,manual,98,golf,150000,petrol,volkswagen,no,29.0
4116,1400,cabrio,manual,75,golf,150000,petrol,volkswagen,no,23.5
4117,2200,station wagon,automatic,163,passat,150000,diesel,volkswagen,no,15.33
4119,4250,station wagon,manual,105,meriva,150000,petrol,opel,no,10.92
4120,888,small car,manual,75,golf,150000,petrol,volkswagen,no,22.25
4121,4850,small car,manual,65,picanto,60000,petrol,kia,no,7.25
4123,6900,limousine,automatic,150,e_klasse,20000,diesel,mercedes_benz,no,15.92
4125,999,small car,manual,50,fiesta,100000,petrol,ford,no,22.0
4128,4333,limousine,automatic,170,c_klasse,150000,diesel,mercedes_benz,no,17.17
4129,2800,small car,manual,95,forfour,150000,diesel,smart,no,14.67
4130,2999,small car,manual,68,aygo,150000,petrol,toyota,no,12.67
4131,6700,others,manual,163,1er,150000,diesel,bmw,no,12.08
4133,1350,small car,manual,60,corsa,150000,petrol,opel,no,19.17
4134,13500,limousine,automatic,218,x_reihe,150000,diesel,bmw,no,12.42
4135,5800,limousine,automatic,177,5er,150000,diesel,bmw,no,13.5
4136,550,small car,manual,60,ka,125000,petrol,ford,no,19.17
4137,3700,small car,manual,60,fabia,125000,petrol,skoda,no,10.75
4138,8700,limousine,manual,105,golf,150000,diesel,volkswagen,no,8.75
4139,1400,station wagon,manual,131,mondeo,150000,diesel,ford,no,18.0
4140,6500,limousine,manual,116,3er,125000,petrol,bmw,no,14.42
4141,2150,small car,manual,65,picanto,125000,petrol,kia,no,14.92
4144,800,small car,manual,75,polo,150000,petrol,volkswagen,no,18.67
4146,2000,limousine,manual,90,focus,125000,diesel,ford,no,19.17
4147,15600,limousine,manual,131,qashqai,70000,diesel,nissan,no,7.92
4148,625,limousine,manual,60,golf,150000,petrol,volkswagen,no,22.83
4150,2900,limousine,manual,163,c_klasse,150000,petrol,mercedes_benz,no,18.58
4151,6666,bus,manual,120,zafira,150000,diesel,opel,no,12.42
4152,10500,station wagon,manual,170,passat,100000,diesel,volkswagen,no,12.5
4154,450,small car,manual,50,lupo,150000,petrol,volkswagen,yes,19.83
4156,9550,bus,manual,140,sharan,150000,diesel,volkswagen,no,9.58
4158,1250,small car,manual,58,clio,150000,petrol,renault,no,14.83
4160,4000,station wagon,manual,90,meriva,90000,petrol,opel,yes,12.33
4161,2990,limousine,manual,75,lupo,125000,petrol,volkswagen,no,15.92
4164,7200,limousine,manual,122,1er,125000,petrol,bmw,no,9.5
4165,799,small car,manual,75,agila,150000,petrol,opel,yes,16.0
4166,5899,limousine,manual,129,3er,150000,petrol,bmw,no,12.33
4167,7490,station wagon,manual,80,caddy,90000,petrol,volkswagen,no,9.25
4168,5750,cabrio,manual,101,astra,50000,petrol,opel,no,16.17
4169,12400,cabrio,automatic,110,megane,150000,diesel,renault,no,9.0
4170,2190,limousine,automatic,150,others,150000,petrol,mercedes_benz,no,23.58
4171,4900,station wagon,manual,131,a4,150000,diesel,audi,no,15.17
4172,2700,coupe,manual,163,c_klasse,150000,petrol,mercedes_benz,no,17.5
4174,6500,station wagon,automatic,170,v70,150000,petrol,volvo,no,13.75
4177,3900,small car,automatic,61,lupo,60000,diesel,volkswagen,no,16.67
4178,10000,station wagon,automatic,170,passat,150000,diesel,volkswagen,no,9.17
4181,550,limousine,manual,116,6_reihe,150000,petrol,mazda,no,20.58
4182,23950,bus,manual,174,transporter,125000,diesel,volkswagen,no,9.75
4183,10790,limousine,manual,163,3er,150000,diesel,bmw,no,12.75
4185,2650,limousine,automatic,165,a6,150000,petrol,audi,no,18.92
4187,2090,limousine,manual,75,golf,150000,petrol,volkswagen,no,20.5
4189,990,limousine,manual,90,megane,150000,petrol,renault,no,22.42
4190,80000,cabrio,automatic,286,911,80000,petrol,porsche,no,23.83
4193,1450,limousine,manual,107,megane,150000,petrol,renault,no,18.83
4194,1300,small car,manual,60,polo,150000,petrol,volkswagen,no,22.75
4195,250,small car,manual,50,fiesta,100000,petrol,ford,no,24.58
4197,1700,limousine,manual,137,a6,5000,petrol,audi,yes,17.75
4198,150,small car,manual,54,corsa,100000,petrol,opel,no,24.0
4202,11900,station wagon,automatic,150,e_klasse,150000,diesel,mercedes_benz,no,13.25
4204,18990,coupe,automatic,179,a5,125000,petrol,audi,no,8.08
4205,999,limousine,manual,109,others,125000,petrol,citroen,yes,17.67
4207,1000,cabrio,manual,90,tigra,100000,petrol,opel,yes,13.5
4208,8000,limousine,automatic,150,e_klasse,150000,diesel,mercedes_benz,no,14.67
4210,1299,small car,manual,54,seicento,70000,petrol,fiat,no,19.42
4211,7990,station wagon,automatic,179,a6,150000,diesel,audi,no,12.75
4212,199,small car,manual,87,fiesta,150000,petrol,ford,yes,21.92
4213,13500,cabrio,manual,160,mx_reihe,40000,petrol,mazda,no,8.5
4215,21790,coupe,manual,177,a5,150000,diesel,audi,no,5.08
4216,800,station wagon,manual,60,fiesta,125000,petrol,ford,yes,22.58
4217,1399,small car,manual,68,yaris,150000,petrol,toyota,no,16.25
4218,3900,station wagon,manual,80,fabia,90000,petrol,skoda,no,11.75
4220,4800,limousine,manual,136,others,150000,petrol,mercedes_benz,no,35.42
4222,1800,limousine,manual,75,focus,150000,petrol,ford,no,18.0
4223,10750,limousine,manual,250,golf,150000,petrol,volkswagen,no,12.58
4224,4190,station wagon,automatic,143,e_klasse,150000,diesel,mercedes_benz,no,18.25
4225,5700,station wagon,manual,218,5er,150000,diesel,bmw,no,14.83
4227,2999,small car,manual,54,polo,125000,petrol,volkswagen,no,13.08
4228,3700,bus,manual,136,touran,150000,diesel,volkswagen,no,14.17
4230,9499,cabrio,manual,200,eos,125000,petrol,volkswagen,no,12.92
4231,1800,station wagon,manual,116,vectra,150000,petrol,opel,yes,19.25
4232,6600,limousine,automatic,249,300c,150000,petrol,chrysler,no,14.42
4233,200,station wagon,manual,73,others,150000,petrol,fiat,no,18.0
4234,3500,station wagon,manual,120,others,150000,diesel,citroen,no,29.58
4235,4700,small car,manual,64,polo,90000,petrol,volkswagen,no,11.25
4236,5700,bus,manual,120,ducato,150000,diesel,fiat,no,8.92
4238,2550,station wagon,manual,150,laguna,150000,diesel,renault,no,15.33
4239,24999,station wagon,automatic,204,a6,150000,diesel,audi,no,6.25
4240,200,limousine,manual,106,others,150000,diesel,fiat,yes,17.33
4241,13450,limousine,automatic,105,golf,70000,diesel,volkswagen,no,6.75
4243,1500,small car,manual,54,lupo,150000,petrol,volkswagen,yes,20.25
4245,8500,small car,manual,86,ibiza,40000,petrol,seat,no,6.17
4246,5699,cabrio,manual,90,golf,150000,petrol,volkswagen,no,31.67
4247,7999,station wagon,manual,143,exeo,150000,diesel,seat,no,8.67
4248,2000,station wagon,manual,90,caddy,150000,diesel,volkswagen,no,20.25
4249,11400,small car,manual,60,fiesta,5000,petrol,ford,no,3.58
4252,6500,station wagon,automatic,140,passat,150000,diesel,volkswagen,no,12.58
4255,11800,limousine,manual,56,others,60000,petrol,citroen,no,63.5
4257,5600,cabrio,manual,197,slk,150000,petrol,mercedes_benz,no,18.75
4259,6999,small car,manual,87,corsa,30000,petrol,opel,no,6.17
4261,12900,suv,manual,163,i_reihe,40000,petrol,hyundai,no,8.92
4262,1250,small car,manual,60,ibiza,150000,petrol,seat,no,18.92
4264,10900,limousine,manual,122,golf,40000,petrol,volkswagen,no,7.33
4266,1000,small car,manual,60,others,150000,petrol,peugeot,no,21.33
4268,26999,cabrio,automatic,286,6er,150000,diesel,bmw,no,9.17
4269,8200,station wagon,manual,116,a4,150000,diesel,audi,no,13.0
4270,1600,limousine,automatic,112,3er,150000,petrol,bmw,no,26.5
4271,1600,station wagon,manual,125,vectra,150000,diesel,opel,no,17.83
4272,1750,small car,manual,60,2_reihe,150000,petrol,peugeot,no,14.25
4273,1350,limousine,automatic,125,a3,150000,petrol,audi,no,21.33
4274,2250,small car,manual,64,polo,125000,petrol,volkswagen,no,16.67
4275,29500,limousine,automatic,245,a6,150000,diesel,audi,no,7.67
4276,400,limousine,manual,90,civic,150000,petrol,honda,yes,23.67
4277,899,small car,manual,75,fiesta,80000,petrol,ford,no,22.5
4279,16950,station wagon,manual,160,octavia,50000,petrol,skoda,no,5.0
4280,3500,station wagon,manual,150,3er,150000,diesel,bmw,yes,14.58
4281,1099,station wagon,manual,150,a4,150000,petrol,audi,no,21.42
4283,1200,suv,manual,125,forester,150000,petrol,subaru,no,20.0
4284,1250,limousine,automatic,115,80,150000,petrol,audi,no,24.83
4285,13500,station wagon,manual,129,3er,20000,petrol,bmw,no,11.42
4286,180,limousine,manual,60,golf,150000,petrol,volkswagen,no,24.17
4288,4550,station wagon,manual,140,a4,150000,diesel,audi,no,13.33
4289,2900,small car,automatic,45,fortwo,80000,petrol,smart,no,17.0
4290,5400,small car,manual,155,others,125000,petrol,alfa_romeo,no,9.25
4291,33250,limousine,automatic,320,m_reihe,30000,petrol,bmw,no,6.0
4293,3150,limousine,manual,136,3_reihe,125000,petrol,peugeot,no,13.42
4295,500,limousine,manual,90,civic,150000,petrol,honda,no,19.58
4298,11000,limousine,automatic,354,e_klasse,125000,petrol,mercedes_benz,no,19.0
4302,1850,limousine,manual,150,a3,150000,petrol,audi,no,16.08
4304,2500,station wagon,automatic,190,others,150000,petrol,citroen,no,21.42
4305,3250,small car,manual,61,fortwo,125000,petrol,smart,no,10.17
4306,850,small car,manual,60,golf,150000,petrol,volkswagen,no,23.5
4307,11600,small car,manual,69,corsa,10000,petrol,opel,no,3.42
4308,3399,limousine,manual,200,a3,150000,petrol,audi,no,18.92
4309,16800,bus,manual,131,transporter,125000,diesel,volkswagen,no,11.5
4311,3999,bus,manual,120,others,150000,diesel,renault,no,11.67
4314,2450,small car,manual,82,clio,150000,diesel,renault,no,16.83
4316,1450,station wagon,manual,88,3_reihe,90000,petrol,peugeot,no,19.33
4317,1500,coupe,manual,192,3er,150000,petrol,bmw,yes,26.5
4320,4750,small car,manual,86,polo,100000,petrol,volkswagen,no,13.58
4321,10500,limousine,automatic,170,outlander,100000,petrol,mitsubishi,no,10.67
4322,2100,small car,manual,54,fox,150000,petrol,volkswagen,no,12.25
4323,2250,limousine,manual,82,a_klasse,80000,petrol,mercedes_benz,no,17.5
4324,12600,station wagon,manual,232,a4,150000,diesel,audi,no,11.58
4325,1000,limousine,automatic,87,a4,150000,petrol,audi,no,23.42
4326,3999,station wagon,manual,101,astra,150000,diesel,opel,no,11.25
4328,12333,limousine,manual,105,golf,90000,diesel,volkswagen,no,6.5
4329,1200,limousine,automatic,145,mondeo,150000,petrol,ford,no,17.92
4330,450,limousine,automatic,85,vectra,150000,petrol,opel,yes,21.92
4331,800,small car,manual,69,ka,150000,petrol,ford,no,13.42
4332,700,limousine,manual,155,156,150000,petrol,alfa_romeo,no,20.17
4336,3500,station wagon,automatic,150,3er,150000,diesel,bmw,no,15.92
4338,1350,small car,automatic,61,lupo,150000,diesel,volkswagen,no,16.5
4339,11100,bus,manual,80,note,20000,petrol,nissan,no,4.25
4340,5000,limousine,automatic,163,5er,150000,diesel,bmw,no,12.58
4341,16500,station wagon,manual,105,octavia,5000,petrol,skoda,no,3.17
4342,1499,limousine,manual,60,golf,150000,petrol,volkswagen,no,23.5
4347,1599,small car,manual,58,corsa,150000,petrol,opel,no,16.67
4348,1399,small car,manual,54,fox,150000,petrol,volkswagen,no,13.67
4351,1500,limousine,automatic,218,7er,150000,petrol,bmw,no,24.42
4353,5500,bus,manual,84,transporter,150000,diesel,volkswagen,no,12.42
4354,1490,limousine,automatic,143,3er,150000,petrol,bmw,no,16.25
4355,990,limousine,manual,105,3er,150000,petrol,bmw,no,18.33
4358,12500,bus,manual,120,b_max,30000,petrol,ford,no,5.17
4359,5750,coupe,manual,192,rx_reihe,100000,petrol,mazda,no,13.25
4361,4350,bus,manual,150,zafira,150000,diesel,opel,no,13.83
4362,2299,station wagon,manual,75,astra,150000,diesel,opel,no,16.17
4363,1950,small car,manual,69,fiesta,90000,petrol,ford,yes,14.17
4364,8500,limousine,manual,122,1er,80000,petrol,bmw,no,9.5
4367,1899,cabrio,automatic,90,others,150000,petrol,nissan,no,26.58
4368,3450,limousine,automatic,170,omega,125000,petrol,opel,yes,19.92
4369,4199,limousine,manual,136,others,150000,diesel,volvo,no,14.83
4370,1750,small car,manual,60,2_reihe,150000,petrol,peugeot,no,19.17
4372,499,small car,manual,40,fiesta,100000,petrol,ford,yes,36.0
4375,3200,limousine,automatic,101,astra,150000,petrol,opel,no,19.58
4376,2650,station wagon,manual,179,a6,150000,diesel,audi,no,17.5
4378,10500,suv,automatic,163,m_klasse,150000,diesel,mercedes_benz,no,13.5
4380,4350,station wagon,automatic,177,5er,150000,diesel,bmw,no,13.5
4381,6700,station wagon,manual,140,passat,150000,diesel,volkswagen,no,12.17
4383,22490,cabrio,manual,143,1er,30000,petrol,bmw,no,5.42
4384,1600,bus,manual,68,transporter,150000,diesel,volkswagen,yes,23.08
4385,1300,small car,manual,60,corsa,80000,petrol,opel,no,20.25
4386,850,small car,manual,60,punto,150000,petrol,fiat,no,20.83
4387,1750,small car,manual,75,polo,150000,petrol,volkswagen,yes,18.25
4388,900,others,manual,64,caddy,150000,diesel,volkswagen,yes,21.5
4390,4950,small car,manual,54,corsa,125000,petrol,opel,no,11.67
4391,17400,cabrio,manual,211,eos,90000,petrol,volkswagen,no,7.25
4392,4950,small car,manual,84,sandero,100000,petrol,dacia,no,7.25
4393,666,station wagon,manual,107,laguna,150000,petrol,renault,yes,20.42
4395,25987,coupe,manual,295,others,100000,petrol,porsche,no,12.33
4397,14500,bus,manual,174,transporter,150000,diesel,volkswagen,no,14.42
4399,2000,small car,manual,75,lupo,150000,petrol,volkswagen,no,20.58
4401,15500,limousine,manual,170,golf,125000,diesel,volkswagen,no,6.75
4405,1490,limousine,manual,101,focus,90000,petrol,ford,no,20.92
4407,62550,limousine,automatic,258,a8,70000,diesel,audi,no,6.0
4408,5500,limousine,manual,143,1er,150000,diesel,bmw,no,10.67
4409,2900,small car,manual,116,golf,150000,diesel,volkswagen,no,16.42
4411,7100,small car,manual,69,500,40000,petrol,fiat,no,7.08
4412,120911,cabrio,manual,450,911,80000,petrol,porsche,no,14.92
4413,4000,limousine,manual,160,civic,150000,petrol,honda,no,25.58
4414,1990,limousine,manual,204,e_klasse,150000,petrol,mercedes_benz,no,19.33
4417,8800,station wagon,automatic,170,passat,150000,diesel,volkswagen,no,10.17
4420,5500,limousine,manual,95,colt,80000,petrol,mitsubishi,no,8.67
4421,5299,bus,manual,125,transit,150000,diesel,ford,no,14.08
4422,1100,small car,manual,105,polo,150000,diesel,volkswagen,yes,12.67
4423,7500,limousine,automatic,163,e_klasse,150000,lpg,mercedes_benz,no,14.08
4425,2600,station wagon,manual,116,mondeo,150000,diesel,ford,no,12.75
4427,4250,limousine,manual,105,3_reihe,125000,petrol,mazda,no,12.58
4428,750,small car,manual,60,fiesta,100000,petrol,ford,no,18.33
4432,20900,bus,manual,140,sharan,100000,diesel,volkswagen,no,6.5
4433,23200,cabrio,manual,160,golf,50000,petrol,volkswagen,no,7.58
4435,650,limousine,manual,116,mondeo,150000,petrol,ford,no,19.0
4438,6250,cabrio,manual,143,3er,150000,petrol,bmw,no,16.58
4439,6499,small car,manual,75,one,125000,petrol,mini,no,9.83
4440,7000,station wagon,automatic,163,3er,150000,diesel,bmw,no,12.42
4441,5950,station wagon,manual,109,focus,150000,diesel,ford,no,9.25
4442,7000,small car,manual,90,corsa,90000,petrol,opel,yes,9.0
4443,1500,bus,manual,75,kangoo,150000,petrol,renault,no,19.5
4444,4500,station wagon,manual,109,3_reihe,150000,diesel,peugeot,no,10.0
4445,15900,station wagon,automatic,224,e_klasse,150000,diesel,mercedes_benz,no,11.67
4446,4800,suv,manual,125,others,150000,diesel,toyota,no,19.75
4447,5900,small car,manual,73,c3,40000,petrol,citroen,no,8.42
4448,12850,cabrio,manual,126,mx_reihe,40000,petrol,mazda,no,7.58
4450,2350,small car,manual,60,c2,100000,petrol,citroen,no,11.58
4451,555,limousine,manual,75,golf,125000,petrol,volkswagen,no,22.83
4452,12900,small car,automatic,75,yaris,40000,hybrid,toyota,no,5.5
4453,1299,small car,manual,52,matiz,150000,petrol,daewoo,no,14.75
4454,1800,cabrio,manual,147,astra,150000,petrol,opel,yes,16.42
4455,1100,coupe,manual,102,3er,150000,petrol,bmw,no,24.83
4456,10900,limousine,automatic,250,golf,150000,petrol,volkswagen,no,13.83
4459,5650,cabrio,manual,116,golf,150000,petrol,volkswagen,no,17.0
4460,1600,station wagon,manual,101,focus,100000,petrol,ford,no,18.67
4462,29900,station wagon,automatic,170,e_klasse,60000,diesel,mercedes_benz,no,4.58
4463,11500,limousine,automatic,184,5er,125000,diesel,bmw,no,7.08
4464,2599,limousine,automatic,230,a6,150000,lpg,audi,no,19.58
4465,5800,station wagon,manual,102,a3,150000,petrol,audi,no,13.92
4466,3650,limousine,manual,105,golf,150000,petrol,volkswagen,no,16.17
4468,6350,small car,manual,116,cooper,90000,petrol,mini,no,12.25
4470,3950,limousine,automatic,170,mondeo,150000,petrol,ford,no,13.58
4472,3000,small car,automatic,75,polo,125000,petrol,volkswagen,no,16.33
4474,1999,station wagon,manual,116,golf,150000,petrol,volkswagen,no,17.58
4475,29000,bus,automatic,140,galaxy,20000,diesel,ford,no,3.08
4477,5990,suv,manual,95,grand,100000,diesel,suzuki,no,10.33
4478,6990,station wagon,automatic,185,v70,150000,diesel,volvo,no,11.25
4481,3200,bus,manual,136,verso,150000,diesel,toyota,no,12.33
4483,999,small car,manual,75,golf,150000,petrol,volkswagen,no,19.25
4484,9550,limousine,automatic,163,5er,150000,diesel,bmw,no,11.08
4485,19998,station wagon,automatic,204,a6,150000,diesel,audi,no,6.5
4486,27950,cabrio,manual,306,1er,30000,petrol,bmw,no,7.75
4487,1450,limousine,manual,75,civic,125000,petrol,honda,no,21.17
4488,1250,small car,manual,125,a3,150000,petrol,audi,no,21.83
4489,27000,cabrio,automatic,122,cooper,5000,petrol,mini,no,3.67
4490,2250,station wagon,automatic,109,c_max,150000,diesel,ford,no,14.75
4493,3560,limousine,automatic,129,e_klasse,150000,diesel,mercedes_benz,no,22.58
4494,8000,limousine,automatic,163,others,150000,lpg,mercedes_benz,no,15.75
4495,2900,limousine,manual,150,3er,150000,petrol,bmw,no,19.25
4496,1000,limousine,manual,88,vectra,90000,petrol,opel,no,29.5
4497,1000,station wagon,manual,71,astra,150000,petrol,opel,no,25.08
4499,11499,small car,manual,174,cooper,90000,petrol,mini,no,9.33
4500,5950,small car,manual,75,twingo,40000,petrol,renault,no,7.58
4502,7200,limousine,automatic,102,golf,125000,petrol,volkswagen,no,13.33
4503,5900,limousine,manual,150,golf,125000,petrol,volkswagen,no,14.5
4505,750,small car,manual,140,3er,150000,petrol,bmw,no,23.5
4506,7950,cabrio,manual,143,3er,100000,petrol,bmw,no,14.33
4507,1200,bus,manual,115,zafira,150000,petrol,opel,yes,18.42
4508,12650,bus,automatic,150,sprinter,150000,diesel,mercedes_benz,no,11.17
4510,8500,station wagon,automatic,224,a6,150000,diesel,audi,no,14.0
4511,15300,bus,manual,86,golf,10000,petrol,volkswagen,no,4.58
4512,3496,small car,manual,76,twingo,150000,petrol,renault,no,9.17
4513,1000,small car,manual,60,punto,150000,petrol,fiat,no,17.33
4514,1150,station wagon,automatic,75,astra,150000,petrol,opel,no,18.92
4515,700,small car,manual,69,ka,80000,petrol,ford,no,12.5
4516,8399,suv,manual,126,antara,100000,diesel,opel,no,11.0
4517,700,station wagon,manual,132,e_klasse,150000,petrol,mercedes_benz,no,30.5
4518,1300,limousine,manual,68,justy,100000,petrol,subaru,no,22.75
4519,10500,limousine,manual,122,octavia,60000,petrol,skoda,no,7.08
4520,4800,small car,manual,77,i_reihe,125000,petrol,hyundai,no,8.58
4521,9999,small car,manual,82,fiesta,5000,petrol,ford,no,5.0
4522,4250,bus,manual,120,zafira,150000,diesel,opel,no,12.25
4523,600,station wagon,manual,116,mondeo,150000,diesel,ford,yes,17.42
4524,999,small car,manual,75,others,150000,petrol,mazda,no,16.33
4525,4700,limousine,manual,45,others,125000,petrol,volkswagen,no,46.92
4527,15000,station wagon,manual,114,vivaro,100000,diesel,opel,no,8.67
4528,11500,bus,automatic,174,transporter,150000,diesel,volkswagen,no,12.42
4530,1000,small car,manual,60,others,150000,petrol,citroen,no,19.58
4532,2350,limousine,manual,75,golf,150000,petrol,volkswagen,no,16.42
4533,7500,limousine,automatic,177,5er,150000,diesel,bmw,no,13.17
4535,1999,coupe,manual,160,others,150000,petrol,ford,yes,37.0
4537,18500,cabrio,manual,143,1er,80000,petrol,bmw,no,8.67
4538,12500,coupe,automatic,300,passat,150000,petrol,volkswagen,no,10.75
4540,3999,coupe,automatic,170,3er,150000,petrol,bmw,yes,17.0
4541,15999,limousine,manual,184,3er,125000,diesel,bmw,no,7.92
4542,120,limousine,manual,90,mondeo,100000,petrol,ford,no,26.0
4543,1600,station wagon,manual,115,focus,150000,petrol,ford,no,16.0
4548,7400,station wagon,manual,122,passat,125000,petrol,volkswagen,no,9.67
4549,4450,bus,manual,90,meriva,125000,petrol,opel,no,12.67
4550,1050,station wagon,manual,103,others,150000,petrol,fiat,no,17.25
4551,19599,station wagon,automatic,102,caddy,20000,diesel,volkswagen,no,4.83
4552,1888,station wagon,manual,90,mondeo,150000,diesel,ford,no,12.58
4553,1250,small car,manual,125,a3,150000,petrol,audi,no,20.25
4554,15990,station wagon,manual,120,a4,80000,diesel,audi,yes,8.58
4555,2999,limousine,manual,101,golf,150000,diesel,volkswagen,no,16.5
4556,4500,limousine,manual,150,e_klasse,150000,diesel,mercedes_benz,no,16.75
4557,2200,station wagon,manual,150,a4,150000,petrol,audi,no,18.17
4560,9000,limousine,manual,101,astra,40000,petrol,opel,no,6.42
4562,9750,small car,manual,69,500,20000,petrol,fiat,no,4.5
4564,3950,bus,manual,125,modus,150000,petrol,renault,no,9.75
4565,1650,small car,manual,60,corsa,150000,petrol,opel,no,14.92
4566,17500,station wagon,manual,156,c_klasse,70000,petrol,mercedes_benz,no,7.75
4567,12999,cabrio,manual,170,3er,150000,petrol,bmw,no,10.33
4568,5600,bus,manual,140,transit,125000,diesel,ford,no,10.33
4570,3000,coupe,manual,163,c_klasse,150000,petrol,mercedes_benz,no,17.58
4572,15555,station wagon,manual,170,a6,150000,diesel,audi,no,9.5
4573,8290,cabrio,manual,109,2_reihe,90000,diesel,peugeot,no,10.42
4574,1300,limousine,manual,150,5er,150000,petrol,bmw,no,20.08
4575,4800,limousine,manual,116,3er,125000,petrol,bmw,no,18.25
4576,2000,small car,manual,101,polo,150000,petrol,volkswagen,no,14.33
4577,8499,cabrio,automatic,145,focus,125000,petrol,ford,no,11.67
4578,8800,small car,manual,75,up,20000,petrol,volkswagen,no,5.5
4579,8500,station wagon,manual,125,zafira,150000,diesel,opel,no,9.0
4580,5750,cabrio,manual,111,megane,50000,petrol,renault,no,11.17
4581,3400,station wagon,automatic,170,c_klasse,150000,diesel,mercedes_benz,no,15.92
4583,6300,limousine,automatic,170,5er,150000,petrol,bmw,no,15.42
4584,12700,limousine,manual,131,astra,90000,diesel,opel,no,6.25
4585,4000,cabrio,manual,136,slk,150000,petrol,mercedes_benz,no,22.33
4586,2900,cabrio,manual,136,slk,150000,petrol,mercedes_benz,yes,19.08
4588,2950,small car,manual,54,panda,125000,petrol,fiat,no,9.33
4590,1999,coupe,manual,136,others,150000,petrol,hyundai,no,16.83
4591,2888,limousine,manual,136,90,150000,petrol,audi,no,27.17
4593,1100,small car,manual,50,polo,150000,petrol,volkswagen,no,19.25
4595,23600,cabrio,manual,125,a3,20000,petrol,audi,no,5.08
4596,2990,small car,manual,102,a3,150000,petrol,audi,no,15.67
4597,7500,station wagon,manual,170,passat,150000,diesel,volkswagen,no,11.33
4598,799,small car,manual,50,lupo,150000,petrol,volkswagen,no,16.25
4599,2690,bus,manual,75,modus,90000,petrol,renault,no,13.25
4600,600,small car,manual,50,lupo,150000,petrol,volkswagen,no,19.25
4601,4150,suv,manual,82,niva,40000,petrol,lada,no,9.58
4602,2200,limousine,automatic,101,bora,125000,petrol,volkswagen,no,18.75
4604,14699,limousine,manual,211,golf,90000,petrol,volkswagen,no,8.83
4605,11300,station wagon,automatic,239,a6,150000,diesel,audi,no,7.17
4607,699,bus,manual,110,others,150000,petrol,mitsubishi,no,19.75
4608,3190,limousine,manual,75,golf,80000,petrol,volkswagen,no,18.92
4609,2950,bus,manual,90,others,150000,diesel,fiat,no,12.83
4610,14900,station wagon,manual,170,3er,100000,petrol,bmw,no,8.25
4613,3500,station wagon,manual,140,passat,150000,diesel,volkswagen,yes,12.25
4614,2800,coupe,manual,193,c_reihe,150000,lpg,volvo,no,16.25
4615,7450,small car,manual,116,cooper,80000,petrol,mini,no,12.33
4617,4000,limousine,manual,136,3er,150000,diesel,bmw,no,17.67
4618,3500,station wagon,automatic,230,100,150000,petrol,audi,no,26.58
4619,450,small car,manual,75,golf,150000,petrol,volkswagen,yes,21.92
4620,1200,small car,manual,50,polo,150000,petrol,volkswagen,no,20.0
4623,17999,coupe,automatic,209,e_klasse,150000,diesel,mercedes_benz,no,7.75
4625,4800,small car,manual,64,fabia,50000,petrol,skoda,no,12.75
4626,3333,small car,manual,54,fox,100000,petrol,volkswagen,no,10.42
4630,400,small car,manual,60,polo,150000,petrol,volkswagen,no,22.92
4632,650,bus,manual,54,kangoo,150000,diesel,renault,no,17.5
4634,1500,limousine,manual,95,a_klasse,150000,diesel,mercedes_benz,no,15.75
4635,5400,limousine,manual,102,a3,125000,petrol,audi,no,15.75
4637,8690,limousine,manual,80,golf,60000,petrol,volkswagen,no,7.08
4638,48500,cabrio,automatic,190,others,20000,diesel,bmw,no,3.5
4639,649,small car,manual,54,twingo,150000,petrol,renault,no,22.83
4640,2000,limousine,manual,150,a6,150000,petrol,audi,no,20.58
4641,3450,bus,manual,116,galaxy,150000,diesel,ford,no,16.17
4642,5090,limousine,manual,143,3er,125000,petrol,bmw,no,17.0
4643,4250,bus,manual,69,caddy,150000,diesel,volkswagen,no,11.67
4644,9000,station wagon,automatic,170,e_klasse,150000,diesel,mercedes_benz,no,12.0
4645,7300,cabrio,manual,179,tt,150000,petrol,audi,no,13.33
4648,600,small car,manual,45,corsa,150000,petrol,opel,no,22.25
4649,8750,station wagon,manual,140,passat,150000,diesel,volkswagen,no,7.67
4651,600,limousine,manual,75,golf,150000,petrol,volkswagen,yes,24.42
4652,3799,cabrio,manual,110,mx_reihe,125000,petrol,mazda,no,17.67
4653,750,limousine,manual,82,a_klasse,125000,petrol,mercedes_benz,yes,19.58
4655,3400,suv,manual,94,others,60000,petrol,suzuki,no,13.58
4656,1100,limousine,manual,101,vectra,150000,petrol,opel,no,18.42
4659,7700,small car,manual,120,cooper,50000,petrol,mini,no,11.92
4660,15200,bus,manual,131,transporter,150000,diesel,volkswagen,no,13.58
4663,3200,small car,manual,54,panda,80000,petrol,fiat,no,9.58
4664,5690,coupe,manual,69,ibiza,125000,petrol,seat,no,7.58
4667,900,station wagon,manual,130,megane,150000,diesel,renault,yes,14.33
4668,4200,cabrio,manual,116,3er,150000,petrol,bmw,no,22.42
4669,16799,station wagon,automatic,239,a4,150000,diesel,audi,no,9.92
4671,19500,station wagon,automatic,190,a4,125000,diesel,audi,no,9.75
4674,13900,cabrio,manual,122,cooper,70000,petrol,mini,no,8.17
4675,5500,limousine,automatic,231,5er,150000,lpg,bmw,yes,17.25
4678,1400,small car,manual,58,corsa,150000,petrol,opel,no,17.25
4679,750,small car,manual,45,1_reihe,150000,petrol,peugeot,no,24.17
4681,2000,limousine,manual,170,3er,150000,petrol,bmw,yes,17.67
4682,9800,limousine,manual,105,golf,125000,diesel,volkswagen,no,7.58
4685,6900,cabrio,manual,110,2_reihe,100000,petrol,peugeot,no,10.58
4686,8400,suv,automatic,212,x_reihe,150000,diesel,bmw,no,15.58
4687,5000,small car,manual,75,corsa,80000,diesel,opel,yes,8.17
4689,5990,station wagon,manual,140,a4,150000,diesel,audi,no,11.25
4690,3150,cabrio,automatic,136,slk,150000,petrol,mercedes_benz,no,21.5
4691,11000,station wagon,manual,105,octavia,80000,diesel,skoda,no,6.25
4692,888,small car,manual,75,twingo,150000,petrol,renault,no,17.17
4694,3900,coupe,manual,125,astra,80000,petrol,opel,no,17.67
4695,3750,small car,manual,75,a2,150000,petrol,audi,no,14.25
4696,9800,station wagon,manual,150,laguna,100000,diesel,renault,no,8.58
4697,13900,suv,automatic,305,others,150000,petrol,ford,no,11.42
4698,4000,limousine,manual,170,3er,150000,petrol,bmw,no,14.33
4699,5000,station wagon,manual,200,159,150000,diesel,alfa_romeo,no,12.67
4700,8650,limousine,manual,143,1er,150000,diesel,bmw,no,11.17
4701,2650,limousine,automatic,122,others,150000,petrol,mercedes_benz,no,26.5
4702,2500,limousine,manual,101,golf,150000,petrol,volkswagen,no,20.42
4703,10450,cabrio,manual,160,eos,70000,petrol,volkswagen,no,9.33
4708,11900,limousine,manual,320,others,100000,petrol,saab,no,20.0
4709,2950,limousine,automatic,133,c5,150000,diesel,citroen,no,15.58
4710,1700,station wagon,manual,125,mondeo,150000,petrol,ford,no,15.58
4713,570,limousine,manual,101,a4,150000,petrol,audi,no,20.58
4714,5200,limousine,manual,105,leon,150000,diesel,seat,no,12.5
4715,966,station wagon,automatic,170,e_klasse,150000,petrol,mercedes_benz,yes,20.58
4717,1900,small car,manual,54,corsa,30000,petrol,opel,no,18.5
4718,10500,limousine,manual,125,a3,150000,petrol,audi,no,8.17
4719,11500,limousine,automatic,184,5er,125000,diesel,bmw,no,7.08
4725,300,small car,manual,60,polo,150000,petrol,volkswagen,no,24.42
4726,4200,bus,automatic,140,touran,150000,diesel,volkswagen,no,14.83
4727,3600,limousine,automatic,192,5er,150000,petrol,bmw,no,17.25
4728,6900,station wagon,manual,177,a6,150000,petrol,audi,no,12.25
4729,6000,cabrio,manual,150,others,150000,petrol,audi,no,22.25
4730,9000,suv,automatic,140,grand,125000,petrol,suzuki,no,12.5
4731,600,station wagon,manual,116,80,150000,petrol,audi,no,25.67
4733,599,small car,manual,101,focus,150000,petrol,ford,no,17.5
4734,11799,limousine,manual,143,3er,70000,petrol,bmw,no,10.58
4735,4199,small car,manual,70,fiesta,100000,petrol,ford,no,10.08
4736,5600,bus,manual,170,touran,150000,diesel,volkswagen,no,11.42
4738,1800,station wagon,manual,110,a4,150000,diesel,audi,no,21.75
4739,23000,bus,automatic,102,caddy,50000,diesel,volkswagen,no,5.67
4742,10900,limousine,manual,80,golf,70000,petrol,volkswagen,no,8.42
4743,8290,limousine,automatic,177,5er,150000,petrol,bmw,no,12.83
4744,2500,station wagon,manual,90,astra,150000,petrol,opel,yes,14.0
4745,600,small car,manual,60,ka,150000,petrol,ford,no,21.5
4746,3499,station wagon,manual,101,passat,150000,diesel,volkswagen,no,14.33
4748,6000,bus,manual,116,touran,150000,petrol,volkswagen,no,14.33
4751,2200,small car,manual,60,corsa,80000,petrol,opel,no,15.83
4753,7450,bus,automatic,140,golf,150000,diesel,volkswagen,no,10.67
4755,2390,cabrio,manual,90,escort,150000,petrol,ford,no,21.58
4756,2499,small car,manual,75,golf,150000,petrol,volkswagen,no,18.92
4757,11400,suv,manual,150,tiguan,150000,petrol,volkswagen,no,8.25
4758,4999,cabrio,manual,26,601,60000,petrol,trabant,no,29.5
4761,1800,station wagon,manual,136,3er,150000,diesel,bmw,no,18.25
4762,27499,suv,automatic,224,m_klasse,125000,diesel,mercedes_benz,no,9.83
4763,2000,limousine,manual,101,focus,150000,petrol,ford,no,16.83
4765,4400,limousine,manual,120,147,150000,diesel,alfa_romeo,no,12.0
4772,6799,suv,manual,105,golf,150000,diesel,volkswagen,no,11.5
4775,3999,station wagon,manual,101,golf,150000,diesel,volkswagen,no,14.17
4778,26900,bus,automatic,163,viano,80000,diesel,mercedes_benz,no,9.0
4779,600,limousine,manual,113,5er,150000,petrol,bmw,no,24.67
4782,11500,station wagon,manual,170,passat,125000,diesel,volkswagen,no,11.33
4783,3290,limousine,manual,126,900,150000,petrol,saab,no,26.92
4785,1250,small car,manual,58,twingo,150000,petrol,renault,no,20.67
4786,2400,limousine,manual,101,golf,150000,diesel,volkswagen,no,15.08
4787,1800,limousine,manual,90,golf,150000,petrol,volkswagen,no,30.25
4790,2499,suv,manual,177,pajero,150000,petrol,mitsubishi,no,20.0
4791,1490,bus,manual,125,zafira,150000,petrol,opel,no,13.58
4792,4500,limousine,automatic,143,c_klasse,150000,petrol,mercedes_benz,no,15.83
4793,2000,limousine,manual,150,3er,150000,petrol,bmw,yes,22.08
4794,550,small car,manual,54,clio,125000,petrol,renault,yes,24.42
4795,6500,cabrio,manual,113,3er,150000,petrol,bmw,no,25.33
4796,300,small car,manual,60,golf,150000,petrol,volkswagen,yes,22.67
4797,2200,small car,manual,75,polo,150000,petrol,volkswagen,no,17.5
4798,550,small car,manual,60,1_reihe,150000,petrol,peugeot,no,18.17
4801,5399,coupe,manual,143,c_klasse,150000,petrol,mercedes_benz,no,14.17
4803,3333,station wagon,automatic,170,e_klasse,150000,petrol,mercedes_benz,no,20.75
4804,23990,bus,manual,140,transporter,150000,diesel,volkswagen,no,9.83
4807,1000,limousine,manual,116,6_reihe,100000,petrol,mazda,no,21.33
4808,700,limousine,manual,200,5er,125000,petrol,bmw,yes,21.5
4809,15499,limousine,automatic,450,a8,150000,petrol,audi,no,13.75
4811,2200,station wagon,manual,192,5er,150000,petrol,bmw,yes,17.08
4812,12999,small car,automatic,90,corsa,20000,petrol,opel,no,3.08
4813,1000,small car,automatic,54,fortwo,150000,petrol,smart,no,18.0
4814,10000,bus,manual,114,vivaro,90000,diesel,opel,no,10.33
4815,8490,small car,manual,60,fabia,20000,petrol,skoda,no,5.5
4816,1100,station wagon,manual,115,vectra,150000,petrol,opel,no,20.33
4818,2990,bus,manual,136,espace,150000,petrol,renault,no,15.67
4819,1450,small car,manual,75,2_reihe,150000,petrol,peugeot,no,16.17
4820,450,limousine,manual,107,laguna,150000,petrol,renault,yes,19.0
4822,790,small car,automatic,75,clio,150000,petrol,renault,no,21.58
4823,9299,limousine,manual,122,golf,90000,petrol,volkswagen,no,8.25
4826,850,limousine,manual,116,carisma,150000,petrol,mitsubishi,yes,21.17
4827,5800,limousine,automatic,163,c_klasse,60000,petrol,mercedes_benz,no,17.92
4828,5500,coupe,manual,102,a3,150000,petrol,audi,no,14.25
4829,24900,station wagon,manual,143,3er,100000,diesel,bmw,no,5.83
4830,5990,small car,manual,97,fiesta,80000,petrol,ford,no,9.08
4831,16150,suv,automatic,239,touareg,150000,diesel,volkswagen,no,9.33
4833,2500,others,manual,102,others,150000,diesel,renault,no,15.0
4834,1800,small car,manual,75,clio,100000,petrol,renault,no,18.42
4835,1920,small car,manual,68,yaris,125000,petrol,toyota,no,18.5
4837,4900,small car,manual,95,others,80000,petrol,fiat,no,13.0
4840,1120,limousine,manual,122,c_klasse,125000,petrol,mercedes_benz,no,24.33
4842,2900,cabrio,manual,109,2_reihe,150000,diesel,peugeot,no,14.0
4843,4000,small car,automatic,61,fortwo,60000,petrol,smart,no,8.0
4844,11600,limousine,manual,140,5_reihe,125000,diesel,peugeot,yes,7.67
4845,2000,limousine,manual,71,3_reihe,125000,petrol,mazda,no,17.42
4846,1500,small car,manual,60,ka,100000,petrol,ford,no,17.92
4847,2300,small car,manual,60,polo,150000,petrol,volkswagen,no,18.08
4848,1100,cabrio,automatic,61,fortwo,125000,petrol,smart,yes,15.83
4849,1800,limousine,manual,144,omega,150000,petrol,opel,no,20.0
4851,34000,bus,manual,140,transporter,40000,diesel,volkswagen,no,5.25
4852,2200,limousine,manual,101,golf,150000,diesel,volkswagen,no,15.83
4853,18900,bus,manual,140,alhambra,90000,diesel,seat,no,6.5
4854,4000,limousine,manual,102,octavia,125000,petrol,skoda,no,14.0
4856,3499,small car,manual,90,one,150000,petrol,mini,no,16.42
4857,8000,others,manual,86,transit,60000,diesel,ford,no,9.5
4858,6200,suv,automatic,184,x_reihe,150000,diesel,bmw,no,16.5
4859,6499,coupe,manual,231,rx_reihe,150000,petrol,mazda,no,14.25
4861,1500,limousine,manual,136,r19,150000,petrol,renault,yes,27.0
4862,1399,station wagon,automatic,136,omega,100000,petrol,opel,no,19.75
4863,650,limousine,manual,69,80,150000,petrol,audi,yes,27.25
4865,16000,bus,automatic,174,transporter,150000,diesel,volkswagen,no,12.08
4867,14700,suv,automatic,224,touareg,150000,diesel,volkswagen,no,12.08
4871,11450,limousine,manual,122,golf,60000,petrol,volkswagen,no,9.0
4872,1800,coupe,manual,101,civic,150000,petrol,honda,no,24.67
4873,1499,coupe,manual,116,3er,150000,petrol,bmw,no,15.67
4875,1300,small car,manual,60,corsa,125000,petrol,opel,no,21.75
4876,1100,small car,manual,69,corsa,150000,diesel,opel,no,14.92
4877,9500,suv,manual,136,others,150000,diesel,mitsubishi,no,8.42
4878,3000,station wagon,manual,101,passat,125000,petrol,volkswagen,no,19.0
4880,8490,station wagon,automatic,150,3er,150000,petrol,bmw,no,14.0
4881,22900,station wagon,automatic,184,5er,125000,diesel,bmw,no,6.08
4882,1450,limousine,manual,116,vectra,150000,petrol,opel,no,18.42
4884,699,limousine,manual,90,almera,150000,petrol,nissan,yes,18.33
4885,2000,small car,manual,135,2_reihe,150000,petrol,peugeot,yes,19.58
4886,31900,limousine,automatic,275,others,90000,diesel,jaguar,no,8.83
4887,8500,cabrio,manual,102,beetle,80000,petrol,volkswagen,no,12.25
4888,350,small car,manual,81,3_reihe,150000,petrol,peugeot,yes,21.67
4890,1899,bus,manual,75,berlingo,150000,petrol,citroen,no,15.25
4891,8499,limousine,automatic,232,a8,150000,diesel,audi,no,13.08
4892,850,bus,manual,116,galaxy,150000,petrol,ford,no,19.42
4893,18000,limousine,manual,85,golf,10000,petrol,volkswagen,no,3.42
4895,12700,coupe,automatic,258,6er,150000,petrol,bmw,no,12.0
4896,750,station wagon,manual,101,passat,150000,petrol,volkswagen,no,20.42
4897,3850,limousine,automatic,163,a4,150000,diesel,audi,yes,15.92
4898,1900,small car,manual,130,golf,150000,diesel,volkswagen,no,17.75
4899,5800,limousine,automatic,238,others,150000,petrol,jaguar,no,15.92
4901,2900,small car,manual,80,corsa,150000,petrol,opel,no,13.75
4904,4399,small car,manual,75,fox,70000,petrol,volkswagen,no,9.67
4906,1950,limousine,automatic,95,a_klasse,150000,diesel,mercedes_benz,no,18.0
4907,15950,small car,manual,90,polo,5000,petrol,volkswagen,no,4.75
4908,675,limousine,manual,116,3er,150000,petrol,bmw,no,20.08
4910,7290,limousine,manual,116,1er,90000,petrol,bmw,no,13.42
4911,18400,bus,manual,200,s_max,125000,diesel,ford,no,7.08
4912,13499,limousine,manual,170,outlander,70000,petrol,mitsubishi,no,10.58
4913,10700,limousine,automatic,231,5er,150000,diesel,bmw,no,13.0
4914,500,bus,manual,63,others,150000,petrol,mazda,no,19.08
4915,750,small car,manual,75,polo,150000,petrol,volkswagen,yes,23.5
4916,1570,bus,automatic,149,voyager,150000,lpg,chrysler,no,21.0
4917,1550,small car,manual,58,corsa,150000,petrol,opel,no,16.83
4920,3090,limousine,manual,105,golf,150000,petrol,volkswagen,no,16.33
4922,3200,small car,manual,75,clio,125000,petrol,renault,no,11.17
4924,10790,cabrio,automatic,71,fortwo,30000,petrol,smart,no,4.33
4925,899,limousine,manual,75,golf,150000,petrol,volkswagen,no,22.92
4926,3300,station wagon,manual,150,3er,150000,diesel,bmw,no,16.67
4927,1800,limousine,manual,150,octavia,150000,petrol,skoda,no,17.25
4929,12750,suv,manual,105,grand,50000,petrol,suzuki,no,7.33
4930,15000,station wagon,manual,140,passat,100000,diesel,volkswagen,no,7.5
4932,4500,limousine,manual,131,golf,150000,diesel,volkswagen,no,15.5
4933,8500,bus,automatic,200,s_max,60000,diesel,ford,no,6.25
4935,1300,small car,automatic,55,others,125000,petrol,smart,no,16.17
4936,1650,station wagon,manual,116,156,150000,diesel,alfa_romeo,no,18.0
4937,6500,limousine,automatic,211,5er,150000,petrol,bmw,no,29.75
4938,2799,station wagon,automatic,115,bora,150000,lpg,volkswagen,no,15.17
4939,4000,limousine,manual,154,accord,150000,petrol,honda,yes,16.58
4940,800,limousine,manual,101,astra,150000,petrol,opel,yes,17.58
4941,9800,suv,manual,141,qashqai,100000,petrol,nissan,no,11.5
4945,5300,bus,manual,110,ducato,150000,diesel,fiat,no,12.33
4948,1999,small car,manual,75,corsa,125000,petrol,opel,no,18.0
4952,950,station wagon,manual,101,focus,150000,petrol,ford,no,19.42
4953,10490,bus,manual,105,touran,150000,diesel,volkswagen,no,9.0
4955,2990,suv,manual,178,wrangler,150000,petrol,jeep,no,26.67
4956,3750,suv,automatic,140,sorento,150000,diesel,kia,no,16.0
4958,3500,small car,manual,68,aygo,150000,petrol,toyota,no,9.75
4959,2650,station wagon,manual,174,passat,150000,lpg,volkswagen,no,23.83
4960,1250,small car,manual,54,polo,125000,petrol,volkswagen,no,23.17
4961,5999,limousine,manual,140,golf,150000,diesel,volkswagen,no,10.25
4962,19900,limousine,automatic,170,golf,70000,diesel,volkswagen,no,7.25
4963,3300,station wagon,manual,131,passat,150000,diesel,volkswagen,no,16.0
4965,450,coupe,manual,88,3_reihe,150000,petrol,mazda,no,21.75
4966,2950,limousine,automatic,143,e_klasse,150000,diesel,mercedes_benz,no,18.08
4967,7990,limousine,manual,105,a3,150000,diesel,audi,no,11.42
4969,2000,small car,manual,75,corsa,150000,petrol,opel,no,14.08
4970,22900,suv,automatic,197,santa,50000,diesel,hyundai,no,7.0
4971,650,small car,manual,60,corsa,150000,petrol,opel,no,21.83
4972,5800,limousine,automatic,170,passat,150000,diesel,volkswagen,no,12.83
4973,36500,cabrio,manual,310,boxster,50000,petrol,porsche,no,8.42
4974,9990,bus,automatic,140,touran,125000,petrol,volkswagen,no,10.58
4976,5800,station wagon,manual,140,passat,150000,diesel,volkswagen,no,12.33
4977,4750,station wagon,manual,110,laguna,150000,diesel,renault,no,10.42
4978,2899,limousine,manual,80,corsa,90000,petrol,opel,yes,9.42
4980,11500,limousine,manual,120,a4,100000,petrol,audi,no,10.58
4982,1100,station wagon,manual,116,mondeo,150000,diesel,ford,no,15.83
4985,11999,limousine,manual,86,golf,50000,petrol,volkswagen,no,7.92
4986,2990,small car,manual,169,clio,150000,lpg,renault,no,17.42
4987,6500,limousine,manual,140,passat,150000,diesel,volkswagen,no,11.17
4991,2250,small car,manual,75,corsa,150000,petrol,opel,no,14.08
4992,4900,station wagon,manual,90,ceed,20000,diesel,kia,no,9.5
4993,9980,bus,automatic,131,galaxy,150000,diesel,ford,no,12.0
4994,9999,limousine,manual,143,a4,150000,diesel,audi,no,8.33
4995,10990,small car,manual,120,corsa,30000,petrol,opel,no,5.5
4996,25400,limousine,automatic,408,7er,150000,petrol,bmw,no,9.08
4998,3300,station wagon,manual,118,3er,150000,petrol,bmw,no,18.67
4999,2500,limousine,manual,75,others,150000,diesel,mercedes_benz,no,26.25
5001,750,small car,manual,80,corsa,150000,petrol,opel,yes,15.0
5003,13150,bus,manual,102,transporter,150000,diesel,volkswagen,no,16.42
5004,3000,bus,automatic,174,grand,150000,lpg,chrysler,yes,17.58
5007,550,small car,manual,75,2_reihe,150000,petrol,peugeot,yes,19.92
5008,9700,small car,manual,150,corsa,70000,petrol,opel,no,7.58
5009,3450,limousine,manual,150,others,150000,petrol,saab,no,14.5
5010,2800,limousine,manual,105,golf,150000,petrol,volkswagen,no,17.33
5011,18900,limousine,automatic,450,others,150000,petrol,audi,no,13.0
5014,2398,bus,manual,75,combo,150000,diesel,opel,no,12.42
5015,400,small car,manual,54,twingo,150000,petrol,renault,yes,15.5
5016,2100,small car,manual,75,others,90000,petrol,peugeot,no,14.25
5019,8300,limousine,manual,150,astra,125000,diesel,opel,no,10.42
5020,1199,limousine,manual,102,a_klasse,150000,petrol,mercedes_benz,no,20.5
5023,500,station wagon,manual,145,mondeo,150000,petrol,ford,yes,16.17
5024,4799,cabrio,manual,163,c_reihe,150000,petrol,volvo,no,18.75
5026,14000,limousine,manual,400,m_reihe,150000,petrol,bmw,no,19.92
5027,13000,station wagon,manual,258,5er,150000,petrol,bmw,no,14.0
5030,1299,cabrio,manual,136,2_reihe,150000,petrol,peugeot,no,16.25
5031,5000,limousine,manual,122,3er,150000,diesel,bmw,no,12.08
5032,2990,bus,automatic,147,zafira,150000,petrol,opel,no,15.25
5033,1400,station wagon,manual,150,a6,150000,diesel,audi,no,19.92
5035,1499,limousine,manual,150,5er,150000,petrol,bmw,no,24.0
5037,2499,station wagon,manual,90,berlingo,150000,diesel,citroen,no,15.17
5039,15900,station wagon,automatic,224,e_klasse,150000,diesel,mercedes_benz,no,11.92
5043,1699,small car,automatic,58,sirion,150000,petrol,daihatsu,no,15.92
5044,12850,station wagon,automatic,231,3er,150000,diesel,bmw,no,12.92
5046,1700,station wagon,automatic,155,a4,150000,diesel,audi,yes,16.25
5047,1600,station wagon,manual,107,laguna,150000,petrol,renault,no,18.0
5048,2300,station wagon,manual,133,stilo,150000,petrol,fiat,no,15.42
5049,15200,suv,manual,150,rav,100000,diesel,toyota,no,7.17
5053,750,limousine,automatic,150,a3,150000,petrol,audi,no,20.17
5054,980,limousine,automatic,80,accord,100000,petrol,honda,no,40.58
5055,14990,station wagon,manual,136,i_reihe,70000,diesel,hyundai,no,5.58
5057,4700,bus,manual,90,meriva,80000,petrol,opel,no,11.67
5058,10200,limousine,manual,179,astra,60000,petrol,opel,no,8.25
5059,5900,bus,manual,177,verso,150000,diesel,toyota,no,12.67
5060,4300,bus,manual,131,transporter,150000,diesel,volkswagen,no,17.67
5062,1800,limousine,manual,103,stilo,150000,petrol,fiat,no,16.42
5064,13500,suv,manual,152,freelander,125000,diesel,land_rover,no,9.33
5065,1290,small car,manual,60,polo,150000,petrol,volkswagen,no,18.33
5067,1950,small car,manual,101,corsa,150000,diesel,opel,no,14.25
5068,2650,limousine,manual,107,3_reihe,150000,diesel,peugeot,no,15.25
5070,1750,limousine,manual,102,a_klasse,150000,petrol,mercedes_benz,no,18.83
5072,1450,small car,manual,50,lupo,150000,petrol,volkswagen,no,18.67
5073,10490,limousine,manual,150,x_reihe,150000,diesel,bmw,no,11.83
5076,6750,limousine,automatic,300,5er,150000,diesel,bmw,no,16.0
5077,6990,limousine,manual,86,leon,90000,petrol,seat,no,9.33
5079,5900,bus,manual,109,others,150000,diesel,volkswagen,no,13.83
5082,9799,limousine,automatic,218,5er,150000,diesel,bmw,no,13.17
5083,21500,small car,manual,109,1er,5000,petrol,bmw,no,3.67
5084,2300,station wagon,manual,140,3er,150000,diesel,bmw,yes,17.5
5085,3680,bus,manual,101,others,150000,diesel,renault,no,13.92
5086,650,limousine,manual,116,vectra,150000,petrol,opel,no,20.33
5087,1399,small car,manual,58,clio,150000,petrol,renault,no,16.33
5088,1999,station wagon,automatic,193,a6,150000,petrol,audi,yes,19.5
5090,7000,coupe,manual,143,c_klasse,150000,petrol,mercedes_benz,no,14.25
5091,999,small car,manual,60,fiesta,150000,petrol,ford,no,19.25
5092,69800,coupe,manual,272,911,125000,petrol,porsche,no,23.58
5093,7390,station wagon,automatic,140,a4,150000,diesel,audi,no,11.67
5094,19890,bus,manual,179,transporter,150000,diesel,volkswagen,no,7.67
5095,17800,bus,automatic,110,golf,20000,petrol,volkswagen,no,4.83
5097,6700,limousine,manual,140,mondeo,150000,diesel,ford,no,11.0
5098,1400,limousine,manual,101,focus,150000,petrol,ford,no,18.67
5099,12500,small car,manual,98,one,40000,petrol,mini,no,5.33
5100,13000,small car,manual,87,others,5000,petrol,opel,no,2.25
5101,2000,station wagon,manual,90,golf,150000,diesel,volkswagen,no,19.5
5102,2650,station wagon,manual,105,golf,150000,petrol,volkswagen,no,17.33
5103,3800,small car,manual,65,yaris,125000,petrol,toyota,no,13.5
5104,6600,station wagon,manual,136,e_klasse,150000,diesel,mercedes_benz,no,10.33
5105,24999,station wagon,manual,160,octavia,50000,diesel,skoda,no,4.33
5106,1850,limousine,manual,143,5er,5000,diesel,bmw,no,21.58
5107,33850,cabrio,automatic,265,e_klasse,40000,diesel,mercedes_benz,no,7.83
5108,1499,small car,manual,58,corsa,150000,petrol,opel,no,15.08
5110,11990,station wagon,automatic,286,a6,150000,diesel,audi,no,13.67
5113,3550,small car,manual,75,corsa,150000,petrol,opel,no,16.33
5114,1999,limousine,manual,131,others,150000,petrol,volvo,no,25.33
5115,23950,station wagon,manual,150,a3,40000,diesel,audi,no,4.5
5116,11399,cabrio,manual,69,500,20000,petrol,fiat,no,3.08
5119,4300,small car,manual,64,polo,125000,petrol,volkswagen,no,12.5
5120,5000,bus,manual,116,galaxy,150000,diesel,ford,no,15.25
5123,6200,small car,automatic,79,clio,50000,petrol,renault,no,9.5
5124,2000,limousine,automatic,193,a6,150000,petrol,audi,no,21.17
5125,2199,limousine,automatic,125,a4,150000,petrol,audi,no,23.33
5126,14400,limousine,manual,125,a3,90000,petrol,audi,no,8.17
5127,14900,limousine,manual,184,3er,90000,diesel,bmw,no,8.5
5128,21990,cabrio,manual,182,cooper,40000,petrol,mini,no,6.67
5129,1400,limousine,manual,122,c_klasse,150000,petrol,mercedes_benz,no,24.25
5130,770,limousine,manual,75,astra,150000,petrol,opel,yes,18.25
5133,890,bus,manual,147,others,150000,petrol,lancia,no,20.25
5134,24987,cabrio,automatic,239,boxster,70000,petrol,porsche,no,13.08
5135,3000,station wagon,manual,200,v70,150000,petrol,volvo,no,17.83
5137,4900,station wagon,manual,150,3er,150000,diesel,bmw,no,14.83
5139,3999,limousine,manual,118,3er,150000,petrol,bmw,no,18.58
5140,3999,small car,manual,90,corsa,150000,petrol,opel,no,11.58
5142,7499,limousine,manual,80,golf,70000,petrol,volkswagen,no,10.25
5144,299,small car,manual,90,corsa,150000,petrol,opel,no,21.17
5146,10800,limousine,automatic,170,a3,150000,diesel,audi,yes,10.17
5147,15500,limousine,manual,143,x_reihe,60000,diesel,bmw,no,8.92
5148,14999,coupe,manual,370,tt,150000,petrol,audi,no,19.67
5149,800,small car,manual,101,a3,150000,petrol,audi,yes,18.58
5150,13900,limousine,manual,143,1er,70000,diesel,bmw,no,8.5
5152,8449,bus,manual,120,meriva,70000,petrol,opel,no,6.75
5154,4200,bus,manual,120,zafira,150000,diesel,opel,yes,12.5
5155,24900,station wagon,automatic,170,e_klasse,90000,diesel,mercedes_benz,no,7.92
5158,3900,station wagon,manual,116,passat,150000,petrol,volkswagen,no,15.92
5159,43000,coupe,automatic,355,911,60000,petrol,porsche,no,13.42
5162,750,station wagon,manual,107,megane,150000,petrol,renault,no,17.5
5163,2900,limousine,manual,193,3er,150000,petrol,bmw,no,20.75
5164,16990,cabrio,manual,184,slk,30000,petrol,mercedes_benz,yes,7.42
5169,1200,small car,manual,54,corsa,150000,petrol,opel,no,18.25
5173,9500,limousine,automatic,170,a3,80000,diesel,audi,no,6.5
5175,14000,cabrio,automatic,177,c_reihe,150000,diesel,volvo,no,8.83
5176,2200,small car,manual,75,polo,150000,diesel,volkswagen,no,16.33
5177,4500,station wagon,manual,116,fabia,90000,petrol,skoda,no,13.67
5181,15995,station wagon,automatic,140,passat,125000,diesel,volkswagen,no,6.25
5183,1000,station wagon,automatic,170,c_klasse,150000,petrol,mercedes_benz,yes,17.42
5184,2499,small car,manual,64,ibiza,70000,petrol,seat,no,15.58
5185,10650,station wagon,manual,105,golf,90000,diesel,volkswagen,no,6.17
5186,15000,station wagon,automatic,204,c_klasse,150000,petrol,mercedes_benz,no,12.25
5187,11000,limousine,automatic,218,x_reihe,150000,diesel,bmw,no,14.58
5190,24500,limousine,manual,140,500,10000,diesel,fiat,no,3.42
5191,500,limousine,manual,75,escort,125000,petrol,ford,no,21.25
5193,5100,small car,manual,75,sandero,30000,petrol,dacia,yes,9.92
5194,3000,limousine,automatic,128,avensis,40000,petrol,toyota,no,20.58
5195,4800,limousine,manual,116,1er,150000,petrol,bmw,yes,13.25
5196,499,station wagon,manual,116,mondeo,150000,petrol,ford,no,19.75
5198,4900,limousine,automatic,177,others,150000,petrol,mercedes_benz,no,16.5
5200,2629,station wagon,manual,140,octavia,150000,diesel,skoda,no,13.42
5201,7450,limousine,manual,170,a3,150000,diesel,audi,no,10.67
5203,1100,small car,manual,58,corsa,150000,petrol,opel,no,16.25
5204,2799,limousine,automatic,218,omega,150000,petrol,opel,no,15.08
5205,1800,station wagon,manual,116,a4,150000,diesel,audi,no,18.42
5206,4300,bus,manual,90,golf,150000,diesel,volkswagen,no,11.17
5207,970,limousine,manual,90,carisma,150000,petrol,mitsubishi,no,22.58
5208,6650,small car,manual,69,500,60000,petrol,fiat,no,6.25
5209,8500,bus,manual,140,s_max,150000,diesel,ford,no,10.83
5210,4500,suv,manual,140,sorento,150000,diesel,kia,no,14.5
5211,2700,small car,manual,68,1_reihe,125000,petrol,peugeot,no,11.25
5212,6500,limousine,manual,126,ceed,100000,petrol,kia,no,10.67
5213,899,small car,manual,54,corsa,150000,petrol,opel,no,18.5
5216,13100,station wagon,automatic,170,superb,150000,diesel,skoda,no,8.67
5217,1450,small car,manual,60,polo,150000,petrol,volkswagen,no,16.67
5218,20200,limousine,automatic,177,golf,80000,diesel,volkswagen,no,6.75
5219,2490,small car,manual,50,lupo,125000,petrol,volkswagen,no,15.0
5221,3899,bus,manual,110,scenic,150000,diesel,renault,no,11.42
5222,2600,small car,manual,65,micra,150000,petrol,nissan,no,11.42
5223,370,limousine,manual,102,a_klasse,150000,petrol,mercedes_benz,yes,20.83
5224,5500,station wagon,automatic,204,3er,150000,diesel,bmw,no,13.75
5225,4990,station wagon,manual,200,a4,150000,petrol,audi,no,12.0
5227,13600,small car,manual,184,cooper,30000,petrol,mini,no,8.58
5230,10000,suv,automatic,185,xc_reihe,90000,diesel,volvo,no,10.08
5231,999,limousine,manual,170,3er,150000,petrol,bmw,no,19.17
5233,9400,small car,manual,87,others,50000,petrol,opel,no,5.75
5236,5299,small car,manual,75,polo,150000,petrol,volkswagen,no,14.0
5240,3200,station wagon,manual,115,passat,150000,petrol,volkswagen,no,18.0
5241,1799,limousine,manual,101,golf,150000,petrol,volkswagen,no,19.08
5242,3290,small car,manual,58,twingo,125000,petrol,renault,no,10.25
5243,1600,station wagon,manual,101,passat,150000,petrol,volkswagen,no,20.33
5245,500,small car,manual,60,ka,90000,petrol,ford,yes,2.17
5246,800,small car,manual,75,twingo,150000,petrol,renault,no,17.42
5247,4490,station wagon,manual,116,avensis,150000,diesel,toyota,no,11.08
5248,29500,limousine,automatic,184,x_reihe,70000,diesel,bmw,no,7.92
5249,16700,limousine,automatic,211,golf,90000,petrol,volkswagen,no,8.17
5250,11490,station wagon,manual,86,fabia,40000,petrol,skoda,no,4.83
5253,10400,cabrio,automatic,163,slk,125000,petrol,mercedes_benz,no,14.33
5256,2299,station wagon,automatic,150,a4,150000,diesel,audi,no,19.17
5257,6699,limousine,manual,102,a3,150000,petrol,audi,no,15.67
5258,18990,limousine,manual,179,leon,40000,petrol,seat,no,4.5
5259,14700,cabrio,automatic,184,clk,150000,petrol,mercedes_benz,no,11.58
5261,1999,small car,manual,95,a_klasse,150000,diesel,mercedes_benz,no,15.83
5264,900,small car,manual,60,1_reihe,150000,petrol,peugeot,no,18.67
5265,3950,limousine,manual,116,3er,100000,petrol,bmw,no,15.92
5266,650,station wagon,manual,90,escort,150000,petrol,ford,no,18.08
5267,1400,limousine,manual,103,nubira,150000,petrol,daewoo,no,14.33
5268,6100,limousine,automatic,163,a6,150000,diesel,audi,no,17.0
5269,3900,cabrio,manual,90,mx_reihe,150000,petrol,mazda,no,21.33
5271,600,small car,manual,45,1_reihe,150000,petrol,peugeot,no,20.17
5272,9400,cabrio,manual,193,sl,150000,petrol,mercedes_benz,no,23.42
5273,2500,suv,manual,129,others,150000,petrol,mitsubishi,no,15.58
5276,9900,cabrio,manual,120,others,150000,petrol,lancia,no,39.58
5277,750,limousine,manual,90,others,150000,petrol,citroen,no,20.5
5278,1300,limousine,manual,70,3_reihe,100000,petrol,mazda,no,20.75
5280,7650,small car,automatic,61,a2,150000,diesel,audi,no,15.33
5281,18900,coupe,manual,265,z_reihe,100000,petrol,bmw,no,11.92
5282,3300,limousine,manual,150,colt,150000,petrol,mitsubishi,no,13.08
5283,52890,cabrio,manual,131,911,150000,petrol,porsche,no,38.58
5286,6555,small car,manual,109,2_reihe,50000,petrol,peugeot,no,16.17
5288,450,station wagon,manual,115,passat,150000,petrol,volkswagen,yes,27.17
5290,3999,station wagon,automatic,179,a6,150000,diesel,audi,no,14.42
5291,1350,small car,manual,60,1_reihe,150000,petrol,peugeot,no,16.5
5292,999,small car,manual,55,micra,150000,petrol,nissan,no,18.25
5293,7500,limousine,manual,140,golf,150000,diesel,volkswagen,no,10.75
5294,1290,limousine,manual,101,focus,150000,petrol,ford,no,17.5
5295,4990,small car,manual,110,a2,150000,petrol,audi,no,15.75
5296,3800,coupe,manual,116,focus,150000,petrol,ford,no,13.58
5297,31500,cabrio,manual,211,a5,40000,petrol,audi,no,5.33
5300,2690,small car,manual,75,ibiza,150000,petrol,seat,no,15.5
5303,15200,limousine,manual,204,5er,150000,diesel,bmw,no,7.75
5304,1999,small car,automatic,150,golf,150000,petrol,volkswagen,no,19.92
5306,2999,limousine,manual,170,5er,150000,petrol,bmw,no,19.0
5307,29600,station wagon,manual,150,a3,5000,petrol,audi,no,3.75
5310,1050,small car,manual,60,polo,150000,petrol,volkswagen,no,18.17
5312,3100,cabrio,manual,101,golf,150000,petrol,volkswagen,no,19.17
5314,7500,station wagon,manual,88,clio,150000,diesel,renault,no,7.0
5315,1499,limousine,manual,110,80,125000,petrol,audi,yes,24.33
5316,5200,limousine,manual,140,passat,150000,diesel,volkswagen,no,13.25
5318,2350,limousine,manual,75,golf,150000,petrol,volkswagen,no,17.75
5319,21900,limousine,automatic,231,e_klasse,150000,diesel,mercedes_benz,no,9.92
5321,2600,station wagon,manual,116,3er,150000,petrol,bmw,no,16.33
5322,1200,small car,manual,75,2_reihe,125000,petrol,peugeot,no,19.42
5323,3600,station wagon,automatic,170,e_klasse,150000,diesel,mercedes_benz,no,17.42
5324,9500,small car,manual,122,cooper,70000,petrol,mini,no,8.5
5325,7350,station wagon,manual,170,a4,150000,diesel,audi,yes,11.5
5326,3000,limousine,manual,75,a2,150000,diesel,audi,yes,16.17
5327,1399,limousine,manual,26,601,20000,petrol,trabant,no,33.0
5328,3350,cabrio,manual,150,3er,150000,petrol,bmw,no,18.17
5329,9900,limousine,automatic,163,3er,150000,diesel,bmw,no,11.08
5335,400,station wagon,manual,90,passat,150000,petrol,volkswagen,yes,23.58
5337,2150,small car,manual,101,corsa,150000,diesel,opel,no,14.75
5338,2350,station wagon,manual,150,passat,150000,petrol,volkswagen,no,17.58
5342,1100,station wagon,manual,136,6_reihe,150000,diesel,mazda,no,15.33
5343,2290,station wagon,manual,101,focus,150000,petrol,ford,no,16.58
5344,4000,cabrio,manual,131,megane,150000,diesel,renault,no,12.42
5345,2500,small car,automatic,75,corsa,100000,petrol,opel,no,16.17
5346,2200,limousine,manual,98,megane,150000,petrol,renault,yes,14.33
5347,600,station wagon,manual,101,others,150000,petrol,mitsubishi,no,17.42
5348,5600,limousine,manual,140,4_reihe,125000,petrol,peugeot,no,11.42
5351,25900,limousine,automatic,231,e_klasse,50000,diesel,mercedes_benz,no,7.5
5352,9500,cabrio,manual,90,one,100000,petrol,mini,no,12.0
5353,700,station wagon,manual,116,omega,150000,petrol,opel,yes,20.25
5355,5200,limousine,manual,140,jetta,150000,diesel,volkswagen,no,13.75
5356,1380,small car,manual,58,corsa,150000,petrol,opel,no,16.92
5357,7650,station wagon,manual,101,clio,80000,petrol,renault,no,7.25
5359,6299,small car,manual,69,500,80000,petrol,fiat,no,9.83
5362,6999,station wagon,automatic,140,passat,150000,diesel,volkswagen,no,14.0
5363,19000,coupe,automatic,161,a5,80000,petrol,audi,no,9.83
5366,3300,station wagon,manual,101,bora,150000,diesel,volkswagen,no,17.83
5371,699,small car,manual,68,twingo,150000,petrol,renault,no,21.17
5372,3490,limousine,automatic,224,phaeton,150000,diesel,volkswagen,yes,13.83
5377,1700,coupe,manual,163,c_klasse,150000,petrol,mercedes_benz,yes,17.25
5378,1100,small car,manual,60,2_reihe,150000,petrol,peugeot,no,18.42
5380,4600,small car,manual,109,2_reihe,150000,diesel,peugeot,no,13.0
5381,3500,small car,manual,75,polo,150000,diesel,volkswagen,no,16.33
5383,7600,bus,manual,193,b_klasse,100000,petrol,mercedes_benz,no,13.83
5385,4990,station wagon,automatic,230,x_type,150000,petrol,jaguar,no,14.92
5386,2750,small car,manual,88,micra,90000,petrol,nissan,no,14.83
5388,9990,bus,manual,140,alhambra,125000,diesel,seat,no,9.5
5389,3700,limousine,manual,140,passat,150000,diesel,volkswagen,yes,15.0
5390,2400,limousine,manual,120,6_reihe,150000,petrol,mazda,no,15.25
5391,9450,bus,manual,114,others,125000,diesel,peugeot,no,6.25
5392,3500,small car,automatic,60,corsa,60000,petrol,opel,no,14.08
5393,3495,limousine,manual,150,golf,150000,petrol,volkswagen,no,20.5
5394,1999,limousine,manual,118,others,150000,petrol,mercedes_benz,no,28.33
5396,3600,cabrio,manual,150,3er,150000,petrol,bmw,no,22.25
5397,26499,coupe,automatic,239,a5,60000,diesel,audi,no,8.83
5398,7600,small car,manual,60,fiesta,60000,petrol,ford,no,5.17
5399,28500,suv,automatic,200,wrangler,30000,diesel,jeep,no,5.25
5400,24500,limousine,manual,156,c_klasse,20000,petrol,mercedes_benz,no,4.58
5403,950,small car,manual,45,panda,60000,petrol,fiat,yes,29.0
5404,6500,small car,manual,60,polo,70000,petrol,volkswagen,no,10.25
5406,2499,limousine,automatic,82,a_klasse,80000,petrol,mercedes_benz,no,17.75
5407,350,small car,automatic,75,fiesta,100000,petrol,ford,no,21.67
5408,2650,limousine,manual,150,5er,150000,petrol,bmw,no,21.17
5409,17900,suv,automatic,286,x_reihe,150000,diesel,bmw,no,10.75
5411,25999,cabrio,automatic,245,3er,80000,diesel,bmw,no,8.25
5412,1699,limousine,automatic,122,c_klasse,150000,petrol,mercedes_benz,no,20.58
5414,2700,bus,manual,120,others,150000,diesel,fiat,yes,11.75
5415,24500,suv,manual,112,cooper,30000,diesel,mini,no,4.83
5418,2300,limousine,manual,101,golf,150000,diesel,volkswagen,no,15.5
5419,5650,station wagon,manual,140,a3,150000,diesel,audi,no,12.25
5420,4600,coupe,manual,170,3er,150000,petrol,bmw,no,16.33
5422,180,small car,automatic,54,twingo,150000,petrol,renault,yes,22.83
5423,1000,station wagon,manual,101,focus,150000,diesel,ford,yes,14.33
5424,12900,cabrio,manual,126,mx_reihe,50000,petrol,mazda,no,9.17
5426,21750,suv,automatic,224,touareg,50000,diesel,volkswagen,no,11.25
5427,1000,bus,manual,68,transporter,150000,diesel,volkswagen,no,23.75
5428,13999,cabrio,manual,163,slk,80000,petrol,mercedes_benz,no,12.75
5429,11220,limousine,manual,160,insignia,100000,diesel,opel,no,8.92
5430,8600,limousine,automatic,177,e_klasse,150000,diesel,mercedes_benz,no,14.42
5431,15500,bus,manual,140,touran,90000,petrol,volkswagen,no,8.75
5432,27000,cabrio,automatic,306,sl,60000,petrol,mercedes_benz,no,18.0
5433,1900,limousine,manual,116,focus,150000,diesel,ford,no,15.75
5434,2250,small car,manual,64,polo,150000,petrol,volkswagen,no,15.75
5435,3450,cabrio,manual,125,tigra,125000,petrol,opel,no,13.75
5436,14200,bus,automatic,224,others,150000,diesel,mercedes_benz,no,12.25
5437,2000,station wagon,manual,110,golf,150000,diesel,volkswagen,no,21.42
5438,750,limousine,manual,115,others,150000,petrol,volvo,no,28.17
5442,4900,station wagon,automatic,220,a4,150000,petrol,audi,no,17.75
5443,14950,cabrio,manual,231,z_reihe,70000,petrol,bmw,no,13.0
5445,4400,limousine,manual,102,golf,150000,petrol,volkswagen,no,13.67
5446,4300,limousine,manual,40,601,80000,petrol,trabant,no,32.0
5448,1950,small car,manual,75,fabia,150000,petrol,skoda,no,14.33
5449,4800,limousine,manual,116,5er,150000,diesel,bmw,no,35.92
5451,9499,limousine,manual,179,astra,70000,petrol,opel,no,8.17
5453,9490,limousine,manual,136,1er,50000,petrol,bmw,no,9.92
5454,11499,limousine,automatic,235,5er,150000,diesel,bmw,yes,11.58
5455,8200,bus,manual,105,touran,150000,diesel,volkswagen,no,7.75
5456,4500,station wagon,manual,170,octavia,150000,diesel,skoda,yes,11.17
5457,2490,small car,manual,75,golf,150000,petrol,volkswagen,no,20.92
5458,2999,limousine,manual,90,golf,150000,petrol,volkswagen,no,14.92
5459,7777,small car,automatic,60,citigo,5000,petrol,skoda,no,2.25
5461,5500,station wagon,automatic,177,e_klasse,150000,diesel,mercedes_benz,no,13.33
5462,11500,limousine,manual,116,1er,60000,diesel,bmw,no,7.17
5463,5190,bus,manual,109,focus,150000,diesel,ford,no,14.92
5464,7450,station wagon,manual,105,caddy,150000,diesel,volkswagen,no,9.42
5468,1600,small car,automatic,75,clio,80000,petrol,renault,no,26.92
5469,2500,cabrio,manual,88,3_reihe,100000,petrol,peugeot,no,19.83
5471,4200,small car,manual,68,aygo,80000,petrol,toyota,no,12.0
5472,10999,limousine,manual,116,a_klasse,80000,petrol,mercedes_benz,no,8.83
5474,18500,cabrio,manual,105,a3,50000,petrol,audi,no,5.25
5477,6900,limousine,automatic,143,c_klasse,150000,diesel,mercedes_benz,no,17.0
5478,4500,bus,automatic,136,others,150000,diesel,citroen,no,12.83
5479,4100,bus,manual,101,vivaro,150000,diesel,opel,no,13.33
5482,3950,limousine,manual,136,3er,150000,diesel,bmw,no,18.83
5487,949,coupe,manual,75,others,100000,petrol,rover,no,20.83
5489,800,small car,manual,75,clio,150000,petrol,renault,no,18.5
5490,2000,small car,manual,60,corsa,125000,petrol,opel,no,13.25
5491,500,coupe,manual,105,3er,150000,petrol,bmw,no,19.58
5493,3850,limousine,manual,129,c_klasse,150000,petrol,mercedes_benz,no,17.58
5494,999,small car,manual,68,yaris,100000,petrol,toyota,no,19.42
5495,3750,bus,manual,110,note,125000,petrol,nissan,no,12.33
5496,1600,small car,manual,62,punto,150000,petrol,fiat,yes,16.83
5497,12500,limousine,manual,140,leon,70000,petrol,seat,yes,5.58
5498,12900,bus,manual,150,5_reihe,70000,diesel,peugeot,no,6.33
5500,1500,small car,manual,58,twingo,150000,petrol,renault,no,17.25
5501,2920,station wagon,manual,131,a4,150000,diesel,audi,no,15.33
5504,12500,cabrio,manual,280,others,70000,petrol,nissan,no,13.83
5507,26500,coupe,manual,150,q3,20000,diesel,audi,yes,3.25
5508,333,others,manual,64,kangoo,150000,diesel,renault,yes,21.0
5510,500,limousine,manual,75,almera,125000,petrol,nissan,yes,20.25
5511,13900,cabrio,manual,120,3_reihe,40000,petrol,peugeot,no,8.5
5515,2980,small car,manual,65,picanto,70000,petrol,kia,no,13.67
5517,1300,small car,manual,50,lupo,150000,petrol,volkswagen,no,19.83
5521,980,small car,manual,54,micra,90000,petrol,nissan,no,18.92
5523,4900,bus,manual,151,transporter,150000,diesel,volkswagen,yes,19.33
5524,1650,limousine,manual,84,astra,125000,petrol,opel,yes,15.5
5526,26000,suv,automatic,296,g_klasse,150000,petrol,mercedes_benz,no,20.75
5527,3100,station wagon,manual,150,vectra,150000,diesel,opel,no,12.42
5528,380,small car,manual,65,corsa,150000,petrol,opel,no,20.92
5531,4000,station wagon,manual,150,astra,150000,diesel,opel,yes,11.92
5532,10900,bus,manual,95,transporter,150000,petrol,volkswagen,no,29.42
5533,12500,coupe,manual,204,1er,150000,diesel,bmw,no,10.33
5536,35000,limousine,automatic,300,golf,30000,petrol,volkswagen,no,4.58
5537,13900,coupe,automatic,170,passat,150000,diesel,volkswagen,no,9.08
5539,22500,suv,automatic,204,glk,150000,diesel,mercedes_benz,no,9.0
5541,2500,limousine,manual,116,3er,125000,petrol,bmw,no,16.67
5542,19000,bus,manual,105,touran,30000,diesel,volkswagen,no,4.08
5544,1550,small car,manual,68,fiesta,150000,diesel,ford,no,16.83
5545,300,small car,manual,75,golf,150000,petrol,volkswagen,no,23.33
5546,5900,limousine,manual,109,a_klasse,150000,diesel,mercedes_benz,no,11.08
5548,1700,limousine,manual,150,3er,150000,diesel,bmw,no,16.5
5550,10500,station wagon,manual,179,a6,150000,diesel,audi,no,13.58
5552,999,station wagon,manual,115,passat,150000,petrol,volkswagen,no,24.0
5554,1999,limousine,automatic,170,5er,150000,petrol,bmw,no,23.0
5556,500,station wagon,manual,122,c_klasse,150000,petrol,mercedes_benz,no,21.08
5557,6700,limousine,manual,105,passat,150000,diesel,volkswagen,no,12.25
5559,5990,cabrio,manual,116,z_reihe,80000,petrol,bmw,no,19.33
5560,1100,small car,manual,60,polo,150000,diesel,volkswagen,yes,18.5
5562,1490,limousine,automatic,101,bora,150000,petrol,volkswagen,no,19.25
5563,3150,small car,manual,75,clio,150000,petrol,renault,no,12.0
5564,12200,limousine,manual,85,golf,30000,petrol,volkswagen,no,5.25
5565,2999,station wagon,manual,155,vectra,150000,petrol,opel,no,14.33
5566,6350,station wagon,automatic,204,a4,150000,diesel,audi,no,13.25
5567,500,small car,manual,90,golf,150000,petrol,volkswagen,yes,25.33
5568,250,station wagon,manual,90,escort,150000,petrol,ford,yes,21.5
5571,6000,small car,manual,69,corsa,20000,petrol,opel,no,5.92
5575,4990,station wagon,manual,140,passat,150000,diesel,volkswagen,no,12.33
5576,7700,limousine,manual,140,a3,150000,diesel,audi,no,14.33
5577,1200,station wagon,manual,95,megane,150000,petrol,renault,no,19.83
5579,7600,small car,manual,170,cooper,125000,petrol,mini,no,13.42
5581,7900,suv,manual,150,x_reihe,150000,diesel,bmw,no,14.83
5582,9000,bus,manual,106,kangoo,60000,petrol,renault,no,5.25
5583,3499,limousine,manual,170,3er,150000,petrol,bmw,no,21.92
5585,3500,suv,manual,140,sorento,150000,diesel,kia,yes,13.67
5591,1900,bus,manual,68,transporter,150000,diesel,volkswagen,no,23.5
5592,999,station wagon,automatic,170,e_klasse,150000,diesel,mercedes_benz,no,18.0
5593,1300,bus,manual,141,voyager,150000,diesel,chrysler,no,16.5
5594,29950,station wagon,automatic,181,others,20000,diesel,peugeot,no,3.5
5596,5555,station wagon,manual,131,mondeo,150000,diesel,ford,no,11.92
5599,18490,bus,manual,140,galaxy,70000,diesel,ford,no,6.42
5601,8000,station wagon,automatic,143,a4,150000,diesel,audi,no,10.92
5603,649,small car,manual,54,polo,150000,petrol,volkswagen,no,25.0
5609,1500,small car,manual,52,matiz,150000,petrol,chevrolet,no,12.75
5611,8200,limousine,manual,192,5er,150000,petrol,bmw,no,13.83
5612,1899,station wagon,manual,116,mondeo,150000,petrol,ford,no,20.33
5613,1190,small car,manual,60,polo,150000,petrol,volkswagen,no,20.0
5615,9300,suv,manual,150,x_reihe,125000,petrol,bmw,no,11.5
5616,900,limousine,manual,101,golf,150000,petrol,volkswagen,yes,20.42
5617,43900,limousine,automatic,190,x_reihe,10000,diesel,bmw,no,3.5
5620,7299,cabrio,manual,163,clk,150000,petrol,mercedes_benz,no,15.5
5623,14990,limousine,manual,141,qashqai,80000,petrol,nissan,no,7.33
5624,12000,limousine,manual,86,golf,40000,petrol,volkswagen,no,6.58
5628,19900,suv,manual,122,tiguan,60000,petrol,volkswagen,no,5.92
5629,2500,station wagon,manual,101,passat,150000,lpg,volkswagen,no,19.58
5631,13500,station wagon,manual,205,v70,150000,diesel,volvo,no,8.5
5632,13100,small car,automatic,179,ibiza,60000,petrol,seat,no,5.33
5633,9900,limousine,automatic,224,phaeton,150000,diesel,volkswagen,no,12.08
5634,1900,limousine,manual,101,others,50000,petrol,hyundai,no,16.58
5635,17444,limousine,manual,150,golf,10000,petrol,volkswagen,no,4.75
5638,23950,limousine,automatic,150,golf,20000,diesel,volkswagen,no,3.17
5639,7450,limousine,automatic,224,phaeton,150000,diesel,volkswagen,no,12.5
5640,209,small car,manual,70,others,5000,petrol,opel,no,4.33
5642,1150,limousine,manual,101,octavia,150000,petrol,skoda,no,19.58
5643,12999,station wagon,automatic,218,300c,150000,diesel,chrysler,no,12.42
5644,12500,station wagon,manual,143,a4,150000,diesel,audi,no,8.17
5645,17000,limousine,manual,170,a4,125000,diesel,audi,no,8.58
5647,3800,small car,manual,75,a2,150000,petrol,audi,no,16.83
5648,9900,limousine,automatic,170,e_klasse,150000,diesel,mercedes_benz,no,11.58
5650,3800,coupe,manual,104,astra,80000,petrol,opel,no,13.58
5652,650,station wagon,manual,116,3er,150000,lpg,bmw,yes,22.0
5653,6150,bus,automatic,116,b_klasse,150000,petrol,mercedes_benz,no,13.75
5654,1750,small car,manual,60,fiesta,150000,petrol,ford,no,14.92
5655,20499,station wagon,automatic,204,a6,150000,diesel,audi,no,6.33
5659,1450,coupe,manual,193,clk,150000,petrol,mercedes_benz,yes,19.33
5660,13990,cabrio,manual,174,cooper,80000,petrol,mini,no,8.5
5662,11800,bus,manual,120,meriva,30000,petrol,opel,no,6.17
5665,10300,cabrio,manual,69,500,30000,petrol,fiat,no,4.42
5666,2600,station wagon,manual,100,focus,150000,diesel,ford,no,11.33
5667,4650,station wagon,manual,80,fabia,125000,diesel,skoda,no,12.25
5668,6300,small car,manual,101,500,100000,petrol,fiat,no,11.08
5669,1799,limousine,manual,101,bora,150000,lpg,volkswagen,no,19.08
5671,4200,small car,manual,92,swift,150000,petrol,suzuki,no,10.5
5674,1000,station wagon,manual,131,focus,150000,petrol,ford,no,18.17
5675,450,station wagon,manual,74,golf,150000,petrol,volkswagen,no,21.5
5676,1000,limousine,manual,101,a4,150000,petrol,audi,no,23.25
5678,8499,cabrio,manual,116,z_reihe,150000,petrol,bmw,no,20.42
5679,450,small car,automatic,75,polo,150000,petrol,volkswagen,no,19.83
5680,2799,limousine,automatic,101,astra,150000,petrol,opel,no,15.5
5681,1549,small car,manual,75,corsa,125000,petrol,opel,no,19.0
5682,650,small car,manual,50,fiesta,100000,petrol,ford,yes,23.17
5683,10250,limousine,automatic,150,c_klasse,150000,diesel,mercedes_benz,no,12.17
5684,43000,suv,automatic,258,m_klasse,30000,diesel,mercedes_benz,no,4.25
5686,2000,station wagon,manual,75,golf,150000,petrol,volkswagen,no,19.75
5687,9899,limousine,manual,150,3er,125000,petrol,bmw,no,11.42
5688,1850,limousine,manual,84,astra,150000,petrol,opel,no,17.5
5689,3500,station wagon,manual,125,passat,150000,petrol,volkswagen,no,20.25
5690,3900,station wagon,manual,150,e_klasse,150000,diesel,mercedes_benz,no,15.33
5691,7777,limousine,automatic,129,1er,90000,petrol,bmw,no,11.08
5693,2300,bus,automatic,158,grand,150000,petrol,chrysler,no,19.92
5694,100,limousine,manual,113,lancer,150000,petrol,mitsubishi,yes,25.5
5697,1990,small car,manual,55,fox,125000,petrol,volkswagen,no,12.17
5698,400,small car,manual,90,civic,150000,petrol,honda,yes,21.5
5699,13500,bus,manual,84,vivaro,50000,diesel,opel,no,9.0
5700,2800,limousine,manual,140,golf,150000,diesel,volkswagen,no,13.25
5701,2200,coupe,manual,144,others,150000,petrol,alfa_romeo,yes,20.0
5703,8200,coupe,manual,192,cl,125000,petrol,mercedes_benz,no,13.67
5704,6290,small car,automatic,102,swift,30000,petrol,suzuki,no,11.92
5705,1555,station wagon,manual,75,focus,150000,petrol,ford,yes,20.5
5706,5200,coupe,manual,136,others,150000,petrol,volkswagen,no,26.58
5709,8700,cabrio,manual,90,one,90000,petrol,mini,no,12.17
5710,999,station wagon,manual,102,3er,150000,petrol,bmw,no,20.25
5711,1300,coupe,manual,90,megane,150000,petrol,renault,no,22.5
5712,3600,bus,manual,90,berlingo,150000,diesel,citroen,no,10.67
5714,1590,station wagon,manual,116,vectra,125000,petrol,opel,no,19.33
5715,4800,cabrio,manual,71,fortwo,60000,petrol,smart,no,10.33
5717,1400,limousine,manual,107,3_reihe,150000,diesel,peugeot,no,17.75
5718,3200,small car,manual,65,others,90000,petrol,suzuki,no,9.5
5719,9500,limousine,manual,230,golf,150000,petrol,volkswagen,no,11.58
5720,11500,limousine,manual,160,golf,60000,petrol,volkswagen,no,8.75
5721,1300,small car,manual,60,punto,150000,petrol,fiat,no,13.25
5722,350,station wagon,manual,90,passat,150000,lpg,volkswagen,no,28.5
5728,850,small car,manual,60,polo,125000,petrol,volkswagen,no,20.5
5729,2990,limousine,manual,122,others,150000,petrol,mercedes_benz,no,32.83
5730,16850,station wagon,automatic,136,i_reihe,50000,diesel,hyundai,no,5.5
5731,5950,limousine,manual,150,3er,150000,diesel,bmw,no,14.17
5732,1650,small car,manual,68,yaris,150000,petrol,toyota,no,18.42
5734,19850,limousine,manual,110,a3,20000,diesel,audi,no,3.42
5735,6490,bus,manual,170,touran,150000,diesel,volkswagen,no,10.25
5737,1500,limousine,manual,155,156,150000,petrol,alfa_romeo,no,19.17
5738,4200,bus,automatic,199,others,150000,lpg,chevrolet,no,27.58
5739,2222,limousine,manual,75,golf,125000,petrol,volkswagen,no,16.25
5740,600,limousine,manual,60,golf,125000,petrol,volkswagen,yes,21.33
5741,14900,others,manual,190,corsa,30000,petrol,opel,no,5.58
5743,14800,cabrio,manual,200,tt,70000,petrol,audi,no,11.5
5744,8590,small car,manual,86,polo,60000,petrol,volkswagen,no,7.25
5745,28500,suv,automatic,140,tiguan,30000,diesel,volkswagen,no,4.75
5746,4450,limousine,manual,105,a3,150000,diesel,audi,yes,11.42
5749,1300,limousine,manual,116,3er,150000,petrol,bmw,no,20.83
5751,29900,limousine,automatic,177,q3,40000,diesel,audi,no,4.58
5752,3750,station wagon,manual,184,3er,150000,diesel,bmw,no,16.58
5753,800,small car,automatic,75,twingo,150000,petrol,renault,no,16.5
5754,13500,station wagon,manual,140,a6,150000,diesel,audi,no,10.08
5755,999,limousine,manual,170,5er,150000,petrol,bmw,no,21.5
5756,15999,station wagon,manual,170,a6,150000,diesel,audi,no,8.25
5757,8990,station wagon,automatic,170,5er,150000,petrol,bmw,no,10.67
5758,1850,station wagon,manual,75,passat,125000,diesel,volkswagen,no,26.5
5759,6500,limousine,automatic,272,7er,150000,petrol,bmw,yes,13.42
5760,6950,small car,manual,69,polo,60000,petrol,volkswagen,no,7.75
5761,17450,suv,automatic,177,wrangler,150000,diesel,jeep,no,10.83
5762,650,small car,manual,58,twingo,150000,petrol,renault,no,16.17
5763,1750,small car,manual,101,arosa,150000,petrol,seat,no,17.58
5764,15000,station wagon,manual,177,avensis,150000,diesel,toyota,no,8.42
5765,7990,station wagon,manual,140,a6,150000,diesel,audi,no,10.5
5766,2100,station wagon,manual,125,mondeo,150000,petrol,ford,no,12.75
5767,2999,bus,manual,145,galaxy,150000,petrol,ford,no,18.5
5768,5390,station wagon,manual,131,passat,150000,petrol,volkswagen,no,17.0
5770,13950,station wagon,automatic,105,caddy,90000,diesel,volkswagen,no,8.5
5772,10999,bus,manual,102,transporter,5000,diesel,volkswagen,no,17.92
5773,6800,limousine,manual,204,x_reihe,150000,diesel,bmw,no,13.75
5775,3300,small car,manual,60,c3,70000,petrol,citroen,no,14.92
5776,1850,bus,manual,93,transporter,150000,diesel,volkswagen,yes,21.5
5779,6900,bus,manual,71,transporter,150000,diesel,volkswagen,no,29.83
5783,30950,station wagon,automatic,245,5er,150000,diesel,bmw,no,7.5
5784,10700,bus,automatic,140,galaxy,150000,diesel,ford,no,6.42
5787,1850,coupe,automatic,45,fortwo,70000,petrol,smart,no,17.33
5788,5500,limousine,automatic,170,c_klasse,150000,diesel,mercedes_benz,no,16.0
5789,550,station wagon,manual,131,others,150000,petrol,volvo,yes,25.25
5790,4444,bus,manual,105,caddy,150000,diesel,volkswagen,no,15.0
5791,16450,station wagon,manual,140,superb,125000,diesel,skoda,no,7.17
5793,5450,suv,automatic,218,m_klasse,150000,petrol,mercedes_benz,no,16.08
5794,45500,suv,automatic,200,wrangler,5000,diesel,jeep,no,3.67
5796,19990,limousine,automatic,326,q7,150000,diesel,audi,no,10.17
5797,3900,limousine,manual,131,a4,150000,diesel,audi,no,17.58
5798,950,station wagon,manual,90,focus,150000,diesel,ford,yes,20.0
5799,1499,bus,manual,101,zafira,150000,petrol,opel,no,19.83
5800,7400,limousine,manual,150,1er,150000,petrol,bmw,no,12.33
5802,1400,coupe,manual,105,3er,150000,petrol,bmw,no,23.83
5803,18850,bus,manual,174,transporter,150000,diesel,volkswagen,no,12.67
5804,220,limousine,manual,102,3er,100000,petrol,bmw,yes,21.33
5805,1850,small car,manual,101,others,150000,diesel,rover,no,15.08
5807,700,station wagon,automatic,147,others,125000,petrol,ford,yes,21.33
5808,549,limousine,manual,75,almera,150000,petrol,nissan,no,20.17
5809,18900,coupe,automatic,265,scirocco,100000,petrol,volkswagen,no,8.42
5810,17490,station wagon,manual,184,3er,150000,diesel,bmw,no,8.0
5814,10500,coupe,manual,300,others,150000,petrol,mitsubishi,no,19.5
5815,2750,station wagon,manual,105,logan,150000,petrol,dacia,no,12.0
5817,2860,small car,manual,60,corsa,90000,petrol,opel,no,12.75
5818,6000,bus,automatic,140,touran,150000,diesel,volkswagen,yes,14.75
5819,8245,small car,manual,84,corsa,50000,petrol,opel,no,6.92
5821,1999,limousine,manual,75,focus,125000,petrol,ford,no,18.0
5823,5000,limousine,manual,177,a6,150000,petrol,audi,no,14.67
5825,23450,station wagon,automatic,150,a3,50000,diesel,audi,no,4.58
5827,5999,cabrio,automatic,98,golf,150000,petrol,volkswagen,no,27.33
5829,5500,station wagon,manual,150,signum,150000,diesel,opel,no,11.17
5831,4499,small car,manual,63,cooper,90000,petrol,mini,no,22.67
5833,13990,suv,manual,152,freelander,125000,diesel,land_rover,no,11.83
5834,7500,small car,manual,69,polo,40000,petrol,volkswagen,no,9.67
5836,19200,coupe,automatic,170,passat,125000,diesel,volkswagen,no,7.5
5839,1290,small car,manual,50,lupo,150000,petrol,volkswagen,no,15.5
5840,5350,small car,manual,80,fabia,125000,diesel,skoda,no,10.5
5841,8400,limousine,manual,147,golf,150000,petrol,volkswagen,no,12.75
5842,3750,coupe,manual,143,c_klasse,150000,petrol,mercedes_benz,yes,15.5
5843,1200,limousine,automatic,204,e_klasse,150000,petrol,mercedes_benz,yes,20.25
5845,1950,limousine,manual,110,golf,150000,diesel,volkswagen,no,21.08
5846,19900,suv,automatic,224,m_klasse,150000,diesel,mercedes_benz,no,11.67
5848,3600,limousine,manual,105,3er,150000,petrol,bmw,no,18.42
5849,5700,small car,manual,69,i_reihe,40000,petrol,hyundai,no,5.83
5852,12900,small car,automatic,122,a1,50000,petrol,audi,no,8.67
5853,8950,small car,manual,136,swift,90000,petrol,suzuki,no,6.42
5854,10200,limousine,manual,200,golf,150000,petrol,volkswagen,no,11.33
5855,19800,cabrio,manual,73,others,150000,petrol,porsche,no,43.58
5856,550,small car,manual,50,polo,150000,petrol,volkswagen,no,22.42
5858,15950,suv,manual,130,qashqai,70000,diesel,nissan,no,6.5
5859,600,small car,manual,90,colt,150000,petrol,mitsubishi,no,27.67
5861,2750,station wagon,manual,90,golf,150000,diesel,volkswagen,no,18.83
5863,6500,cabrio,automatic,120,others,90000,petrol,peugeot,no,11.17
5864,4000,limousine,manual,122,1er,150000,diesel,bmw,no,9.25
5865,6300,others,manual,129,sprinter,150000,diesel,mercedes_benz,no,8.83
5867,2400,station wagon,manual,115,156,150000,diesel,alfa_romeo,no,12.17
5869,11399,cabrio,manual,170,clk,150000,petrol,mercedes_benz,no,16.0
5870,18500,cabrio,automatic,211,eos,60000,petrol,volkswagen,no,7.42
5873,9450,station wagon,manual,140,laguna,50000,petrol,renault,no,10.33
5874,1599,limousine,manual,75,astra,150000,petrol,opel,no,17.75
5876,2999,small car,automatic,61,fortwo,70000,petrol,smart,no,14.67
5879,500,small car,manual,60,polo,5000,petrol,volkswagen,no,20.17
5880,600,coupe,manual,147,astra,150000,petrol,opel,no,17.5
5881,10490,limousine,manual,150,3er,125000,petrol,bmw,no,12.42
5883,2850,limousine,manual,165,a4,150000,petrol,audi,no,21.0
5884,899,station wagon,manual,115,vectra,150000,petrol,opel,no,23.0
5886,6000,limousine,automatic,160,insignia,100000,diesel,opel,no,8.75
5887,7690,small car,manual,82,fiesta,50000,petrol,ford,no,6.17
5888,15000,station wagon,automatic,239,a6,125000,diesel,audi,yes,9.25
5889,1450,limousine,manual,150,e_klasse,150000,petrol,mercedes_benz,no,24.08
5890,1750,station wagon,automatic,110,passat,150000,diesel,volkswagen,no,20.58
5892,850,station wagon,automatic,193,passat,150000,petrol,volkswagen,yes,20.75
5893,1250,limousine,manual,90,golf,150000,petrol,volkswagen,no,26.0
5894,18200,bus,manual,125,c_max,20000,petrol,ford,no,3.58
5895,4250,small car,manual,69,ka,125000,petrol,ford,no,9.42
5897,37900,cabrio,automatic,500,sl,80000,petrol,mercedes_benz,no,15.75
5898,6500,limousine,manual,102,golf,150000,petrol,volkswagen,no,10.42
5900,6950,coupe,automatic,220,others,150000,petrol,mercedes_benz,no,25.25
5902,1300,small car,manual,105,golf,150000,petrol,volkswagen,no,18.25
5904,1300,station wagon,automatic,116,v40,150000,petrol,volvo,no,20.42
5905,8600,station wagon,manual,140,3er,150000,diesel,bmw,no,8.75
5907,4800,coupe,manual,253,others,50000,petrol,fiat,no,19.42
5908,1990,limousine,manual,125,golf,150000,petrol,volkswagen,yes,20.58
5911,4800,small car,manual,83,jazz,60000,petrol,honda,no,16.33
5912,14780,cabrio,manual,105,golf,50000,petrol,volkswagen,no,7.75
5913,1600,small car,manual,109,2_reihe,150000,diesel,peugeot,yes,12.17
5914,11700,limousine,manual,160,a4,100000,petrol,audi,no,10.58
5915,3000,cabrio,manual,150,3er,150000,petrol,bmw,no,23.17
5916,7200,limousine,manual,140,golf,150000,diesel,volkswagen,no,14.75
5918,1299,station wagon,automatic,150,3er,150000,petrol,bmw,no,22.25
5919,1500,coupe,manual,170,others,150000,petrol,ford,no,19.25
5921,15750,limousine,manual,105,golf,30000,diesel,volkswagen,no,4.25
5923,1800,bus,manual,90,scenic,150000,diesel,renault,no,16.17
5924,850,small car,manual,60,polo,150000,petrol,volkswagen,no,19.83
5925,22222,suv,automatic,272,g_klasse,150000,petrol,mercedes_benz,no,22.58
5926,1500,limousine,automatic,299,a6,150000,lpg,audi,yes,19.0
5927,1300,limousine,manual,88,3_reihe,80000,petrol,mazda,no,21.25
5928,2450,suv,automatic,156,others,150000,petrol,ford,no,22.25
5929,10500,coupe,manual,122,scirocco,90000,petrol,volkswagen,no,9.42
5931,1450,coupe,manual,105,3er,5000,petrol,bmw,no,21.58
5933,8250,limousine,automatic,170,golf,150000,diesel,volkswagen,no,12.83
5934,600,small car,manual,60,others,70000,petrol,fiat,yes,12.58
5935,6999,small car,manual,80,polo,60000,petrol,volkswagen,no,10.92
5937,599,limousine,manual,150,5er,150000,petrol,bmw,no,26.08
5938,18599,station wagon,automatic,170,passat,125000,diesel,volkswagen,no,6.33
5939,23899,station wagon,automatic,245,3er,90000,diesel,bmw,no,7.42
5940,1750,station wagon,manual,101,vectra,150000,petrol,opel,no,19.67
5943,800,small car,automatic,54,fortwo,150000,petrol,smart,no,19.25
5944,799,small car,manual,75,ibiza,150000,petrol,seat,no,16.67
5946,9990,limousine,manual,192,3er,20000,petrol,bmw,no,16.0
5947,2100,small car,manual,75,clio,125000,petrol,renault,no,15.75
5948,9850,limousine,automatic,224,c_klasse,150000,diesel,mercedes_benz,no,12.17
5949,6250,small car,manual,105,punto,70000,petrol,fiat,no,7.58
5950,10800,limousine,manual,170,cc,125000,diesel,volkswagen,yes,10.75
5952,790,station wagon,manual,95,megane,150000,petrol,renault,no,15.5
5954,10990,station wagon,automatic,140,golf,150000,diesel,volkswagen,no,9.0
5955,1950,station wagon,automatic,150,octavia,150000,petrol,skoda,yes,19.75
5956,26250,suv,automatic,231,m_klasse,150000,diesel,mercedes_benz,no,8.75
5957,1350,station wagon,manual,107,3_reihe,150000,diesel,peugeot,no,15.5
5958,340,small car,manual,60,punto,150000,petrol,fiat,no,19.83
5959,1350,limousine,manual,116,vectra,150000,lpg,opel,no,19.5
5960,4850,limousine,manual,140,ceed,150000,diesel,kia,no,10.42
5961,2199,limousine,manual,95,colt,150000,lpg,mitsubishi,no,13.75
5962,3900,cabrio,manual,109,2_reihe,125000,diesel,peugeot,no,13.75
5964,15500,station wagon,automatic,232,a6,125000,diesel,audi,no,11.83
5965,17200,coupe,manual,179,a5,60000,petrol,audi,no,9.17
5966,1800,coupe,manual,150,3er,150000,petrol,bmw,no,26.58
5969,750,limousine,automatic,188,others,150000,petrol,mercedes_benz,yes,29.25
5971,750,small car,manual,60,fiesta,150000,petrol,ford,no,19.0
5975,13500,suv,automatic,306,m_klasse,150000,lpg,mercedes_benz,no,11.42
5978,1700,bus,manual,82,kangoo,150000,diesel,renault,yes,13.92
5979,27500,limousine,manual,360,impreza,20000,petrol,subaru,no,3.67
5980,6649,limousine,automatic,143,c_klasse,150000,petrol,mercedes_benz,yes,12.67
5982,2590,bus,manual,105,caddy,150000,diesel,volkswagen,no,12.33
5983,4100,limousine,manual,140,golf,150000,diesel,volkswagen,no,14.08
5985,13900,station wagon,manual,105,golf,70000,diesel,volkswagen,no,6.92
5987,3690,station wagon,automatic,179,a6,150000,diesel,audi,no,16.75
5988,8499,coupe,automatic,218,c_klasse,125000,petrol,mercedes_benz,no,13.33
5989,4900,limousine,manual,95,a_klasse,150000,petrol,mercedes_benz,no,11.17
5991,5299,cabrio,automatic,45,fortwo,125000,diesel,smart,no,10.42
5992,4270,small car,manual,64,polo,100000,petrol,volkswagen,no,11.25
5993,1399,small car,manual,106,corsa,70000,petrol,opel,no,18.33
5996,2000,suv,automatic,218,m_klasse,150000,petrol,mercedes_benz,yes,18.83
5997,3500,small car,manual,101,a3,150000,petrol,audi,no,19.75
5999,5790,limousine,manual,69,i_reihe,30000,petrol,hyundai,no,5.42
6000,37000,coupe,automatic,306,c_klasse,50000,petrol,mercedes_benz,no,6.75
6004,1750,cabrio,manual,75,astra,150000,petrol,opel,no,19.17
6005,16990,bus,automatic,140,touran,10000,petrol,volkswagen,no,7.25
6007,8500,suv,manual,177,rav,150000,diesel,toyota,no,11.0
6008,600,limousine,manual,60,golf,150000,petrol,volkswagen,no,23.67
6010,1000,limousine,manual,109,3_reihe,150000,petrol,peugeot,no,17.75
6011,999,small car,manual,60,ka,150000,petrol,ford,no,17.92
6012,10800,limousine,manual,163,5er,150000,diesel,bmw,no,13.92
6013,9750,small car,automatic,86,polo,20000,petrol,volkswagen,no,8.17
6017,1650,small car,automatic,60,polo,150000,petrol,volkswagen,no,18.08
6018,350,limousine,manual,85,golf,150000,petrol,volkswagen,yes,23.5
6019,650,small car,manual,135,2_reihe,150000,petrol,peugeot,no,18.92
6020,9490,limousine,automatic,200,golf,150000,petrol,volkswagen,no,13.17
6022,1450,limousine,manual,118,3er,150000,petrol,bmw,no,19.92
6023,14950,cabrio,manual,105,golf,40000,petrol,volkswagen,no,6.17
6026,5999,limousine,manual,116,1er,150000,petrol,bmw,no,11.08
6028,5999,station wagon,automatic,179,a6,150000,diesel,audi,no,12.75
6029,2800,limousine,manual,86,megane,150000,diesel,renault,no,12.58
6031,3799,small car,manual,65,others,60000,petrol,suzuki,no,9.25
6032,4900,small car,manual,75,polo,125000,petrol,volkswagen,no,15.25
6033,32940,station wagon,automatic,150,passat,20000,diesel,volkswagen,no,3.25
6035,1990,station wagon,manual,116,passat,150000,diesel,volkswagen,no,18.5
6038,1999,coupe,manual,129,c_klasse,150000,petrol,mercedes_benz,no,17.83
6039,3200,limousine,manual,136,3er,150000,diesel,bmw,no,18.33
6040,28900,cabrio,automatic,204,e_klasse,50000,petrol,mercedes_benz,no,6.17
6043,750,small car,manual,60,punto,100000,petrol,fiat,yes,19.33
6044,1200,limousine,manual,102,3er,150000,petrol,bmw,no,24.25
6045,18400,suv,automatic,224,m_klasse,125000,diesel,mercedes_benz,no,14.0
6046,12250,station wagon,manual,105,a3,125000,diesel,audi,no,8.33
6047,24999,limousine,manual,179,a4,30000,petrol,audi,no,7.58
6048,5200,limousine,manual,95,2_reihe,100000,petrol,peugeot,no,9.75
6050,4750,coupe,automatic,163,clk,150000,petrol,mercedes_benz,no,16.33
6052,2990,station wagon,automatic,179,a4,150000,diesel,audi,no,15.58
6053,1900,limousine,automatic,116,e_klasse,150000,diesel,mercedes_benz,no,17.58
6054,1950,cabrio,automatic,101,3_reihe,125000,petrol,peugeot,no,23.5
6056,5000,small car,manual,60,ibiza,60000,petrol,seat,no,8.17
6057,2800,limousine,manual,101,astra,150000,petrol,opel,no,15.58
6058,14489,station wagon,manual,105,golf,60000,diesel,volkswagen,no,5.33
6059,3300,limousine,automatic,218,c_klasse,150000,petrol,mercedes_benz,yes,19.0
6060,2150,limousine,manual,109,3_reihe,150000,petrol,peugeot,no,16.08
6062,8500,bus,manual,170,touran,150000,diesel,volkswagen,no,12.0
6063,5250,limousine,manual,192,3er,150000,petrol,bmw,no,15.33
6064,200,small car,manual,90,golf,150000,petrol,volkswagen,yes,26.5
6065,7650,bus,manual,110,golf,150000,diesel,volkswagen,no,8.08
6066,800,small car,manual,60,polo,150000,petrol,volkswagen,no,39.83
6067,6100,limousine,manual,77,punto,80000,petrol,fiat,no,8.75
6069,690,limousine,manual,120,vectra,150000,diesel,opel,yes,13.17
6070,200,small car,manual,54,clio,150000,petrol,renault,no,20.33
6071,2950,limousine,manual,75,golf,80000,petrol,volkswagen,no,17.67
6072,3999,limousine,manual,101,golf,150000,diesel,volkswagen,no,15.75
6074,2900,small car,manual,60,fiesta,125000,petrol,ford,no,12.67
6075,600,station wagon,manual,60,polo,150000,petrol,volkswagen,no,19.17
6076,1399,bus,manual,150,espace,150000,diesel,renault,no,14.5
6079,299,station wagon,manual,90,mondeo,150000,petrol,ford,yes,21.83
6080,3250,station wagon,manual,116,avensis,150000,diesel,toyota,no,14.08
6082,12000,limousine,manual,143,1er,100000,petrol,bmw,no,11.75
6084,8700,station wagon,manual,102,octavia,150000,petrol,skoda,no,10.92
6085,950,limousine,manual,82,a_klasse,150000,petrol,mercedes_benz,no,19.75
6086,2999,limousine,manual,101,focus,150000,petrol,ford,yes,16.33
6087,12750,small car,automatic,250,golf,150000,petrol,volkswagen,no,12.25
6088,9750,limousine,manual,150,e_klasse,150000,diesel,mercedes_benz,no,13.5
6089,1250,limousine,automatic,299,a8,150000,petrol,audi,yes,22.25
6090,8700,cabrio,manual,18,500,60000,petrol,fiat,no,54.92
6093,550,station wagon,manual,101,focus,150000,diesel,ford,yes,16.5
6094,11200,limousine,manual,114,c_reihe,100000,diesel,volvo,no,7.83
6098,3950,small car,automatic,75,polo,60000,petrol,volkswagen,no,17.0
6099,6600,small car,manual,80,polo,50000,petrol,volkswagen,no,9.42
6100,2250,limousine,automatic,122,c_klasse,150000,petrol,mercedes_benz,no,19.42
6101,3850,limousine,manual,101,focus,60000,petrol,ford,no,13.42
6103,550,limousine,manual,65,astra,150000,petrol,opel,no,19.83
6104,2400,small car,manual,75,clio,40000,petrol,renault,yes,10.25
6105,13490,limousine,automatic,235,5er,150000,diesel,bmw,no,12.0
6106,3500,station wagon,automatic,163,a4,150000,petrol,audi,no,15.08
6109,850,coupe,manual,132,4_reihe,150000,petrol,peugeot,yes,19.42
6110,5450,small car,manual,105,ibiza,100000,petrol,seat,no,9.33
6111,1899,bus,manual,90,others,150000,diesel,mazda,no,18.92
6112,1100,limousine,manual,94,others,150000,petrol,chevrolet,yes,10.83
6113,1400,limousine,automatic,136,e_klasse,150000,petrol,mercedes_benz,no,21.33
6114,9499,small car,manual,135,punto,50000,petrol,fiat,no,9.0
6115,14500,station wagon,manual,125,a3,70000,petrol,audi,no,7.75
6116,5900,cabrio,automatic,84,fortwo,50000,petrol,smart,no,9.58
6117,2550,station wagon,manual,140,v70,150000,lpg,volvo,no,18.5
6120,3100,station wagon,manual,230,a6,150000,petrol,audi,no,18.33
6121,1490,small car,manual,75,corsa,150000,petrol,opel,no,17.17
6122,5200,limousine,automatic,143,c_klasse,150000,petrol,mercedes_benz,no,16.92
6123,12950,station wagon,automatic,231,5er,150000,diesel,bmw,no,12.75
6124,1950,small car,manual,54,polo,125000,petrol,volkswagen,no,18.83
6125,18500,bus,automatic,231,touran,70000,diesel,volkswagen,no,8.67
6126,750,small car,manual,60,punto,150000,petrol,fiat,no,19.42
6127,10800,station wagon,manual,177,3er,150000,diesel,bmw,no,10.5
6128,2200,small car,manual,75,fox,150000,petrol,volkswagen,no,12.92
6130,44000,suv,automatic,245,cayenne,80000,diesel,porsche,no,7.83
6131,21990,suv,automatic,211,q5,80000,petrol,audi,no,9.5
6132,15800,station wagon,automatic,140,passat,125000,diesel,volkswagen,no,5.25
6133,15200,limousine,manual,211,golf,150000,petrol,volkswagen,no,7.25
6134,3299,limousine,manual,192,5er,150000,petrol,bmw,no,17.83
6135,980,station wagon,manual,86,others,5000,petrol,mitsubishi,no,16.58
6137,1000,limousine,manual,75,golf,150000,petrol,volkswagen,no,20.58
6139,3950,cabrio,manual,140,mx_reihe,150000,petrol,mazda,no,18.33
6140,1800,small car,manual,64,ibiza,150000,petrol,seat,no,14.33
6141,490,small car,manual,54,corsa,150000,petrol,opel,no,21.0
6143,4000,bus,manual,57,transporter,150000,diesel,volkswagen,no,29.25
6144,12500,suv,automatic,224,touareg,150000,diesel,volkswagen,no,13.42
6145,4300,small car,manual,64,polo,70000,petrol,volkswagen,no,15.75
6147,800,bus,manual,101,others,150000,petrol,mazda,no,16.5
6149,5150,small car,manual,77,jazz,90000,petrol,honda,no,10.17
6151,2444,station wagon,manual,140,passat,150000,petrol,volkswagen,no,15.33
6152,22900,suv,automatic,245,touareg,150000,diesel,volkswagen,no,7.67
6153,1500,small car,manual,101,golf,150000,petrol,volkswagen,no,20.33
6154,2500,bus,manual,68,transporter,125000,diesel,volkswagen,no,21.17
6155,888,small car,manual,65,golf,125000,petrol,volkswagen,no,21.33
6158,9500,coupe,manual,150,3er,30000,petrol,bmw,yes,13.83
6159,9200,small car,manual,90,a1,125000,diesel,audi,yes,7.5
6161,579,small car,manual,75,corsa,150000,petrol,opel,yes,15.42
6164,2250,station wagon,manual,131,passat,150000,diesel,volkswagen,no,14.42
6167,2499,limousine,automatic,125,a4,150000,petrol,audi,no,19.75
6168,6999,limousine,manual,129,1er,125000,petrol,bmw,no,12.92
6169,10750,suv,manual,143,x_reihe,150000,diesel,bmw,no,11.42
6175,1500,bus,manual,122,vito,150000,diesel,mercedes_benz,yes,17.25
6180,9299,limousine,manual,116,astra,60000,petrol,opel,no,9.0
6181,3200,bus,manual,69,others,80000,diesel,fiat,no,18.67
6182,700,limousine,manual,75,golf,150000,petrol,volkswagen,no,21.67
6184,1600,limousine,manual,75,golf,150000,petrol,volkswagen,no,17.83
6185,3099,station wagon,manual,122,c_klasse,150000,petrol,mercedes_benz,no,20.58
6186,3000,limousine,manual,102,octavia,150000,petrol,skoda,yes,15.75
6187,5250,small car,manual,105,polo,150000,petrol,volkswagen,no,12.75
6190,14800,bus,automatic,140,golf,100000,diesel,volkswagen,no,7.5
6191,2450,small car,manual,75,yaris,150000,diesel,toyota,yes,16.75
6192,19490,small car,automatic,209,a1,80000,petrol,audi,no,6.25
6194,500,limousine,manual,102,3er,150000,petrol,bmw,no,25.0
6195,2099,small car,manual,60,polo,150000,petrol,volkswagen,no,17.17
6196,1300,small car,manual,68,forfour,150000,diesel,smart,yes,12.33
6197,23720,coupe,automatic,306,3er,150000,petrol,bmw,no,10.42
6198,2100,station wagon,manual,116,focus,150000,diesel,ford,no,16.83
6200,3790,small car,manual,60,c2,80000,petrol,citroen,no,10.75
6202,52500,station wagon,automatic,272,a6,30000,diesel,audi,no,3.08
6203,11000,coupe,manual,140,others,80000,petrol,hyundai,no,5.42
6204,5990,small car,manual,60,polo,70000,petrol,volkswagen,no,9.33
6207,750,small car,manual,75,clio,150000,petrol,renault,yes,16.58
6211,750,small car,manual,75,fiesta,150000,petrol,ford,no,19.33
6212,17950,limousine,automatic,235,s_klasse,150000,diesel,mercedes_benz,no,13.0
6215,22900,cabrio,manual,170,tt,80000,diesel,audi,no,6.33
6216,18500,cabrio,automatic,224,sl,150000,petrol,mercedes_benz,no,18.67
6217,2400,station wagon,manual,118,3er,150000,petrol,bmw,no,18.67
6219,1850,small car,manual,58,corsa,150000,petrol,opel,no,15.08
6220,22800,limousine,automatic,281,q7,150000,diesel,audi,no,10.5
6221,13500,station wagon,automatic,170,c_klasse,150000,diesel,mercedes_benz,no,8.83
6223,2400,small car,manual,73,c2,125000,petrol,citroen,no,15.0
6224,1850,station wagon,automatic,131,mondeo,150000,diesel,ford,no,15.08
6227,5500,station wagon,manual,140,passat,150000,diesel,volkswagen,no,11.0
6228,950,bus,manual,57,transporter,125000,diesel,volkswagen,no,26.25
6229,13200,limousine,manual,140,astra,20000,petrol,opel,no,6.42
6230,7900,station wagon,manual,140,passat,125000,diesel,volkswagen,no,6.42
6231,15000,station wagon,automatic,224,e_klasse,70000,diesel,mercedes_benz,no,11.83
6232,1100,small car,manual,60,ka,90000,petrol,ford,no,16.92
6233,500,small car,manual,60,ka,150000,petrol,ford,no,21.67
6234,49400,bus,manual,180,transporter,30000,diesel,volkswagen,no,6.75
6235,6300,station wagon,manual,166,6_reihe,125000,petrol,mazda,yes,12.83
6236,2800,station wagon,manual,109,focus,150000,diesel,ford,no,13.08
6237,1700,small car,manual,82,corsa,150000,petrol,opel,no,14.5
6241,1650,limousine,manual,101,bora,150000,diesel,volkswagen,no,16.75
6242,9300,station wagon,automatic,160,insignia,150000,diesel,opel,no,8.5
6245,1700,limousine,manual,105,corolla,125000,petrol,toyota,no,27.58
6248,9100,station wagon,manual,150,legacy,125000,diesel,subaru,no,10.5
6250,12750,suv,automatic,105,yeti,40000,petrol,skoda,no,6.5
6251,3599,bus,manual,136,others,150000,diesel,mitsubishi,no,12.5
6254,800,limousine,manual,75,e_klasse,150000,diesel,mercedes_benz,no,27.75
6255,1999,limousine,manual,116,3er,150000,petrol,bmw,no,14.83
6256,16000,bus,manual,140,caddy,70000,diesel,volkswagen,no,9.92
6258,1100,bus,manual,90,galaxy,150000,diesel,ford,no,18.25
6259,4444,cabrio,manual,110,mx_reihe,125000,petrol,mazda,no,18.75
6262,2500,station wagon,automatic,138,e_klasse,150000,diesel,mercedes_benz,yes,16.0
6263,1450,limousine,automatic,116,vectra,150000,petrol,opel,no,24.5
6264,15500,bus,manual,151,transporter,150000,diesel,volkswagen,no,15.17
6265,10900,limousine,manual,211,leon,90000,petrol,seat,no,8.25
6266,4550,small car,manual,80,corsa,125000,petrol,opel,no,11.0
6267,4490,cabrio,manual,102,2_reihe,150000,petrol,peugeot,no,24.5
6268,25400,station wagon,automatic,150,a4,50000,diesel,audi,no,5.67
6269,9900,cabrio,manual,192,z_reihe,125000,petrol,bmw,no,15.42
6270,130,station wagon,manual,75,astra,150000,petrol,opel,yes,23.25
6271,7500,station wagon,automatic,140,octavia,150000,diesel,skoda,no,11.58
6272,9890,station wagon,manual,140,insignia,80000,petrol,opel,no,8.17
6274,10300,small car,automatic,99,yaris,20000,petrol,toyota,no,4.17
6278,600,small car,manual,75,corsa,150000,petrol,opel,yes,16.33
6279,6850,station wagon,manual,105,passat,150000,diesel,volkswagen,no,11.33
6280,3500,small car,manual,109,2_reihe,125000,petrol,peugeot,no,14.25
6281,1600,limousine,manual,75,3er,100000,petrol,bmw,no,21.42
6283,9350,limousine,automatic,170,superb,150000,diesel,skoda,no,9.42
6284,14990,station wagon,automatic,200,octavia,90000,petrol,skoda,no,9.83
6287,8000,suv,manual,165,x_trail,100000,petrol,nissan,no,13.42
6289,2499,limousine,manual,87,3er,150000,petrol,bmw,no,18.58
6290,2800,station wagon,manual,105,astra,150000,petrol,opel,no,20.67
6292,5800,station wagon,automatic,210,e_klasse,150000,diesel,mercedes_benz,no,15.08
6293,3900,station wagon,manual,131,mondeo,150000,diesel,ford,no,13.75
6294,2950,limousine,manual,105,golf,150000,diesel,volkswagen,yes,13.67
6295,3950,small car,manual,75,clio,60000,petrol,renault,no,13.08
6296,30210,coupe,automatic,306,c_klasse,50000,petrol,mercedes_benz,no,8.0
6297,299,station wagon,manual,115,e_klasse,150000,diesel,mercedes_benz,yes,19.08
6298,25900,limousine,manual,143,3er,70000,diesel,bmw,no,5.33
6299,7750,small car,manual,120,others,125000,diesel,alfa_romeo,no,9.08
6301,2700,limousine,manual,174,golf,150000,petrol,volkswagen,no,24.25
6303,1000,station wagon,manual,120,laguna,150000,petrol,renault,yes,16.17
6304,3290,station wagon,manual,163,a6,150000,diesel,audi,no,15.08
6305,13990,limousine,manual,211,golf,150000,petrol,volkswagen,no,7.25
6306,2150,small car,manual,60,fiesta,150000,petrol,ford,no,12.17
6308,1150,bus,manual,101,zafira,150000,petrol,opel,no,19.83
6310,5999,cabrio,manual,131,spider,125000,petrol,alfa_romeo,no,46.25
6311,4500,limousine,automatic,125,astra,125000,lpg,opel,no,14.75
6312,800,station wagon,manual,125,a4,150000,petrol,audi,no,22.25
6314,4750,small car,manual,63,others,90000,petrol,mini,no,19.17
6315,3750,small car,manual,60,corsa,100000,petrol,opel,no,11.58
6316,4750,station wagon,manual,86,clio,125000,diesel,renault,no,10.5
6318,5399,small car,manual,80,corsa,50000,petrol,opel,no,10.42
6319,2800,small car,manual,75,polo,150000,diesel,volkswagen,no,18.0
6321,799,limousine,manual,102,a_klasse,150000,petrol,mercedes_benz,no,21.92
6322,26900,limousine,automatic,125,a3,20000,petrol,audi,no,3.33
6323,2300,limousine,manual,143,c_klasse,150000,petrol,mercedes_benz,no,15.83
6324,2900,station wagon,automatic,165,a6,150000,petrol,audi,no,17.25
6325,1500,limousine,automatic,109,others,150000,petrol,mercedes_benz,no,29.0
6327,7950,limousine,manual,150,x_reihe,150000,diesel,bmw,no,12.83
6328,12900,station wagon,manual,140,a4,150000,diesel,audi,no,12.42
6329,12000,limousine,automatic,188,7er,125000,petrol,bmw,no,30.33
6330,17800,station wagon,automatic,197,5er,150000,diesel,bmw,no,8.33
6331,950,limousine,manual,101,vectra,150000,petrol,opel,no,20.58
6332,1900,limousine,manual,105,others,150000,petrol,mercedes_benz,yes,31.67
6333,1850,small car,manual,60,corsa,150000,petrol,opel,no,13.75
6334,4000,station wagon,manual,140,octavia,150000,diesel,skoda,no,13.17
6335,3550,small car,manual,114,fabia,90000,petrol,skoda,no,13.42
6336,1700,cabrio,manual,136,2_reihe,150000,petrol,peugeot,no,17.75
6338,8450,limousine,automatic,228,a6,150000,diesel,audi,no,13.75
6340,7000,limousine,manual,177,e_klasse,150000,diesel,mercedes_benz,no,14.33
6341,2690,station wagon,manual,120,laguna,150000,petrol,renault,no,18.0
6343,12950,limousine,manual,170,a3,70000,diesel,audi,no,6.33
6344,9999,station wagon,manual,145,v70,150000,petrol,volvo,no,11.0
6346,4350,limousine,manual,140,golf,150000,diesel,volkswagen,yes,14.92
6347,14800,suv,automatic,340,cayenne,150000,petrol,porsche,no,15.75
6349,2900,station wagon,manual,163,5er,150000,diesel,bmw,no,15.33
6350,35000,bus,automatic,318,viano,80000,petrol,mercedes_benz,no,8.25
6351,500,small car,automatic,61,lupo,150000,diesel,volkswagen,yes,19.92
6352,1799,bus,manual,128,others,150000,diesel,citroen,no,17.25
6354,2900,cabrio,automatic,163,others,90000,petrol,chrysler,no,18.42
6355,2699,small car,manual,60,c3,90000,petrol,citroen,no,13.42
6356,1280,station wagon,manual,122,c_klasse,150000,petrol,mercedes_benz,no,20.5
6359,4900,limousine,manual,109,3_reihe,60000,diesel,peugeot,no,13.5
6360,16600,coupe,manual,143,c_klasse,40000,petrol,mercedes_benz,no,9.75
6361,2888,small car,manual,60,2_reihe,125000,petrol,peugeot,no,14.83
6362,1690,small car,manual,75,clio,125000,petrol,renault,no,16.75
6363,23800,cabrio,automatic,320,911,150000,petrol,porsche,no,14.17
6364,1500,limousine,manual,101,golf,150000,petrol,volkswagen,no,20.25
6365,1300,station wagon,manual,101,focus,150000,petrol,ford,no,17.0
6367,5950,station wagon,manual,166,6_reihe,150000,petrol,mazda,no,10.17
6369,7990,limousine,manual,120,others,100000,diesel,suzuki,no,9.42
6370,4600,cabrio,manual,140,astra,150000,petrol,opel,no,11.58
6373,9999,station wagon,manual,140,octavia,150000,diesel,skoda,no,7.75
6374,2800,limousine,manual,90,golf,150000,diesel,volkswagen,no,12.25
6375,13990,bus,manual,140,s_max,150000,diesel,ford,no,8.92
6378,1300,station wagon,manual,75,astra,150000,petrol,opel,no,22.33
6380,4550,limousine,manual,105,golf,150000,diesel,volkswagen,no,16.0
6381,7000,limousine,manual,105,golf,125000,diesel,volkswagen,no,13.0
6382,9100,limousine,manual,102,a3,100000,petrol,audi,no,9.5
6383,4900,limousine,manual,102,a3,150000,petrol,audi,no,15.67
6384,3800,station wagon,automatic,131,a4,150000,petrol,audi,no,15.0
6385,7000,station wagon,manual,140,passat,150000,diesel,volkswagen,no,11.5
6387,4990,small car,manual,77,others,70000,petrol,fiat,no,12.0
6388,1999,limousine,automatic,102,a_klasse,150000,petrol,mercedes_benz,no,15.83
6389,4590,small car,manual,60,corsa,70000,petrol,opel,no,10.75
6390,800,limousine,manual,147,vectra,150000,petrol,opel,yes,17.58
6392,14000,small car,manual,105,a1,70000,diesel,audi,no,6.67
6393,2200,cabrio,manual,122,megane,150000,diesel,renault,no,14.17
6396,12900,station wagon,automatic,273,a3,125000,petrol,audi,no,12.33
6397,550,station wagon,manual,101,passat,150000,petrol,volkswagen,no,19.08
6398,13800,station wagon,automatic,190,a4,150000,diesel,audi,yes,8.08
6399,4500,cabrio,manual,109,2_reihe,50000,petrol,peugeot,no,13.5
6400,5400,small car,manual,75,clio,60000,petrol,renault,no,7.33
6401,2700,small car,manual,64,polo,125000,petrol,volkswagen,no,15.08
6403,3200,coupe,manual,54,golf,80000,petrol,volkswagen,no,33.58
6405,1100,station wagon,manual,110,passat,150000,diesel,volkswagen,no,22.0
6406,3500,limousine,manual,150,passat,150000,petrol,volkswagen,no,15.42
6407,14950,station wagon,manual,136,a4,125000,diesel,audi,no,7.92
6408,12000,station wagon,automatic,271,a4,100000,petrol,audi,no,13.25
6410,450,small car,manual,62,twingo,150000,petrol,renault,no,22.5
6411,3500,small car,manual,80,corsa,150000,petrol,opel,no,11.08
6412,17399,limousine,automatic,239,phaeton,150000,diesel,volkswagen,no,9.33
6413,450,small car,manual,50,swift,80000,petrol,suzuki,no,23.25
6415,480,limousine,manual,150,5er,150000,petrol,bmw,yes,27.58
6416,4999,limousine,manual,150,leon,150000,diesel,seat,no,14.42
6417,2399,limousine,automatic,136,c5,100000,petrol,citroen,no,15.08
6418,1490,station wagon,manual,122,v40,150000,petrol,volvo,yes,18.25
6419,1200,bus,manual,114,espace,150000,petrol,renault,no,21.75
6422,2800,limousine,manual,136,e_klasse,100000,petrol,mercedes_benz,no,21.17
6424,4999,bus,manual,143,5_reihe,150000,diesel,mazda,no,12.75
6427,7900,station wagon,automatic,150,octavia,100000,petrol,skoda,no,10.33
6428,1350,coupe,manual,125,others,150000,petrol,ford,no,18.58
6429,800,station wagon,automatic,165,a4,150000,petrol,audi,yes,20.17
6431,6500,bus,manual,116,5_reihe,70000,petrol,mazda,no,11.75
6433,4900,station wagon,manual,131,a4,150000,petrol,audi,no,15.25
6435,13590,suv,manual,125,others,20000,petrol,ford,no,4.5
6436,8700,small car,manual,86,i_reihe,20000,petrol,hyundai,no,4.25
6439,1800,small car,automatic,61,fortwo,70000,petrol,smart,no,17.42
6440,2200,limousine,manual,75,c_klasse,150000,diesel,mercedes_benz,no,25.83
6443,6500,limousine,automatic,286,7er,150000,petrol,bmw,no,20.25
6444,2300,station wagon,manual,150,signum,150000,diesel,opel,no,15.0
6445,18990,bus,manual,122,b_klasse,40000,petrol,mercedes_benz,no,5.33
6446,27990,coupe,automatic,306,3er,100000,petrol,bmw,no,10.92
6447,6800,limousine,manual,116,1er,150000,petrol,bmw,no,13.92
6448,1150,small car,manual,45,corsa,150000,petrol,opel,no,21.42
6449,19750,suv,manual,163,kuga,40000,diesel,ford,no,5.83
6452,6666,small car,manual,60,mii,20000,petrol,seat,no,6.92
6454,2999,station wagon,manual,192,3er,150000,petrol,bmw,no,17.42
6460,2490,small car,manual,75,corsa,150000,petrol,opel,no,14.17
6461,1899,cabrio,manual,90,mx_reihe,150000,petrol,mazda,no,23.5
6463,32750,suv,automatic,200,pajero,20000,diesel,mitsubishi,no,3.33
6468,6400,small car,manual,75,one,90000,petrol,mini,no,9.75
6469,500,limousine,manual,90,others,150000,petrol,volkswagen,no,26.33
6470,6100,small car,manual,60,fiesta,40000,petrol,ford,no,9.33
6471,9000,limousine,automatic,163,others,50000,diesel,chevrolet,no,7.0
6472,400,station wagon,manual,60,polo,150000,petrol,volkswagen,no,19.75
6473,5800,limousine,automatic,82,a_klasse,125000,diesel,mercedes_benz,no,13.5
6476,800,limousine,manual,133,stilo,150000,petrol,fiat,yes,16.58
6480,599,small car,automatic,54,fortwo,150000,petrol,smart,no,19.08
6481,8250,limousine,manual,140,b_klasse,60000,petrol,mercedes_benz,no,11.5
6483,4999,small car,manual,80,ibiza,70000,diesel,seat,no,9.17
6484,1450,station wagon,manual,116,mondeo,150000,petrol,ford,no,20.42
6485,4000,coupe,automatic,220,others,150000,petrol,mercedes_benz,no,25.08
6486,3210,limousine,manual,192,5er,150000,petrol,bmw,no,17.33
6489,10000,bus,manual,138,others,150000,diesel,volkswagen,no,10.0
6491,3000,station wagon,manual,90,others,150000,diesel,ford,no,10.67
6492,6450,station wagon,manual,140,passat,150000,diesel,volkswagen,no,8.5
6493,1990,limousine,manual,129,c_klasse,150000,petrol,mercedes_benz,no,17.42
6495,3650,limousine,manual,75,golf,150000,petrol,volkswagen,no,14.5
6500,1200,others,manual,75,astra,150000,petrol,opel,no,21.08
6502,1350,limousine,manual,125,passat,150000,petrol,volkswagen,no,20.0
6503,3500,limousine,manual,122,others,125000,petrol,mercedes_benz,no,27.58
6504,1000,small car,automatic,45,cuore,50000,electro,daihatsu,yes,22.0
6505,999,limousine,manual,90,megane,150000,petrol,renault,no,20.58
6506,16600,coupe,manual,143,c_klasse,40000,petrol,mercedes_benz,no,9.75
6507,3690,small car,manual,60,citigo,10000,petrol,skoda,yes,4.83
6510,1800,small car,manual,95,stilo,150000,petrol,fiat,no,14.0
6511,2800,small car,manual,92,swift,125000,petrol,suzuki,no,10.33
6512,15900,limousine,automatic,122,golf,60000,petrol,volkswagen,no,6.25
6513,1800,bus,automatic,100,vito,150000,diesel,mercedes_benz,no,21.67
6514,1100,small car,manual,56,agila,150000,petrol,opel,yes,17.92
6517,850,small car,manual,75,fiesta,80000,petrol,ford,no,17.42
6518,3990,limousine,manual,110,toledo,125000,diesel,seat,no,16.92
6519,1599,small car,manual,50,lupo,150000,petrol,volkswagen,no,15.17
6520,7000,limousine,manual,220,mondeo,5000,petrol,ford,no,11.67
6522,3490,limousine,manual,131,a3,150000,diesel,audi,no,17.17
6525,4999,station wagon,automatic,177,e_klasse,150000,diesel,mercedes_benz,no,14.42
6526,800,limousine,manual,82,a_klasse,150000,petrol,mercedes_benz,yes,17.08
6527,1850,limousine,manual,118,3er,150000,petrol,bmw,no,20.42
6528,4500,station wagon,manual,170,3er,150000,petrol,bmw,no,15.92
6529,1050,small car,manual,60,polo,150000,petrol,volkswagen,no,19.83
6533,25880,limousine,automatic,143,x_reihe,40000,diesel,bmw,no,5.5
6534,11900,station wagon,automatic,231,3er,150000,diesel,bmw,no,12.75
6536,1600,limousine,manual,103,3_reihe,150000,petrol,mazda,no,26.58
6538,6300,bus,automatic,120,zafira,150000,diesel,opel,no,10.5
6539,8450,small car,manual,75,up,20000,petrol,volkswagen,no,6.5
6540,2390,coupe,manual,197,clk,150000,petrol,mercedes_benz,no,17.75
6542,6000,station wagon,manual,163,3er,150000,diesel,bmw,no,9.08
6543,3900,limousine,manual,80,focus,60000,petrol,ford,no,13.17
6545,500,small car,manual,45,corsa,150000,petrol,opel,no,22.25
6547,4800,small car,manual,75,twingo,80000,petrol,renault,no,6.83
6548,890,small car,manual,75,agila,150000,petrol,opel,no,18.0
6549,9690,limousine,manual,131,insignia,125000,diesel,opel,no,8.75
6550,2499,limousine,manual,98,others,80000,lpg,lada,no,7.67
6551,8999,limousine,automatic,163,e_klasse,125000,petrol,mercedes_benz,no,13.75
6555,1100,small car,manual,58,twingo,150000,petrol,renault,no,18.25
6556,21999,coupe,manual,177,a5,125000,diesel,audi,no,6.33
6557,1999,limousine,manual,101,a4,150000,lpg,audi,no,22.42
6558,10750,suv,automatic,185,xc_reihe,150000,diesel,volvo,no,12.42
6559,26500,suv,automatic,140,yeti,20000,diesel,skoda,no,4.25
6562,27900,bus,automatic,150,others,30000,diesel,bmw,no,4.92
6563,750,limousine,manual,101,passat,150000,petrol,volkswagen,yes,22.5
6564,9200,limousine,automatic,218,300c,150000,diesel,chrysler,no,13.0
6567,2600,station wagon,automatic,165,a6,150000,petrol,audi,no,20.75
6568,8490,small car,manual,69,polo,50000,petrol,volkswagen,no,7.92
6569,26500,suv,automatic,150,tiguan,10000,petrol,volkswagen,no,3.92
6571,10500,limousine,manual,95,a_klasse,60000,petrol,mercedes_benz,no,7.92
6572,3500,limousine,manual,145,focus,150000,petrol,ford,yes,13.17
6574,500,small car,manual,50,lupo,150000,petrol,volkswagen,yes,17.75
6577,6150,small car,manual,80,polo,70000,petrol,volkswagen,no,12.0
6578,6500,limousine,automatic,177,a6,20000,petrol,audi,no,14.75
6579,8500,station wagon,automatic,150,laguna,150000,diesel,renault,no,10.5
6582,1200,limousine,automatic,143,5er,150000,diesel,bmw,yes,22.67
6584,3490,coupe,manual,163,clk,150000,petrol,mercedes_benz,no,16.08
6586,3290,station wagon,manual,180,a6,150000,diesel,audi,no,17.0
6587,2999,limousine,manual,116,beetle,125000,petrol,volkswagen,no,19.33
6589,3250,bus,manual,82,sprinter,150000,diesel,mercedes_benz,no,14.17
6591,4750,small car,manual,65,picanto,20000,petrol,kia,no,8.67
6593,799,small car,manual,45,1_reihe,125000,petrol,peugeot,no,20.0
6594,14000,coupe,manual,200,scirocco,100000,petrol,volkswagen,no,9.58
6595,1200,small car,manual,101,fabia,150000,diesel,skoda,no,17.67
6596,4950,cabrio,manual,163,slk,150000,petrol,mercedes_benz,no,18.92
6598,2500,limousine,automatic,129,5er,150000,petrol,bmw,no,28.83
6599,4699,cabrio,automatic,197,slk,150000,petrol,mercedes_benz,no,16.42
6600,2200,station wagon,automatic,150,5er,150000,petrol,bmw,no,18.58
6601,15850,suv,automatic,131,others,40000,diesel,chevrolet,no,4.17
6602,5999,station wagon,manual,192,3er,150000,petrol,bmw,no,16.5
6603,3500,small car,manual,60,polo,100000,petrol,volkswagen,no,10.5
6604,4499,cabrio,automatic,163,slk,150000,petrol,mercedes_benz,no,17.0
6605,12200,limousine,automatic,235,5er,150000,diesel,bmw,no,10.17
6607,999,small car,automatic,60,corsa,125000,petrol,opel,no,20.17
6609,2000,limousine,manual,116,bora,150000,petrol,volkswagen,yes,16.67
6611,4500,coupe,manual,143,others,20000,petrol,toyota,no,18.33
6612,2850,small car,manual,75,corsa,150000,diesel,opel,no,12.0
6613,3500,small car,manual,69,yaris,150000,petrol,toyota,no,10.58
6617,1000,small car,manual,60,1_reihe,125000,petrol,peugeot,no,20.08
6618,1190,limousine,manual,110,4_reihe,150000,petrol,peugeot,no,18.5
6620,1400,small car,manual,75,2_reihe,150000,petrol,peugeot,yes,18.42
6621,1500,small car,manual,86,getz,150000,petrol,hyundai,no,13.25
6622,299,small car,manual,60,polo,150000,petrol,volkswagen,no,21.67
6623,1500,small car,manual,82,a_klasse,150000,petrol,mercedes_benz,no,20.0
6624,10900,suv,manual,150,tiguan,125000,petrol,volkswagen,no,9.17
6625,1790,station wagon,manual,116,focus,150000,diesel,ford,no,16.83
6626,800,small car,manual,54,corsa,150000,petrol,opel,no,19.17
6627,5690,cabrio,manual,110,mx_reihe,80000,petrol,mazda,no,16.0
6629,2600,small car,automatic,68,lupo,150000,diesel,volkswagen,no,18.5
6630,21000,coupe,manual,177,3er,80000,diesel,bmw,no,9.67
6632,1200,limousine,automatic,88,others,150000,diesel,mercedes_benz,no,25.17
6633,5900,small car,manual,69,500,70000,petrol,fiat,no,9.17
6634,38900,coupe,automatic,387,cl,20000,petrol,mercedes_benz,no,10.58
6635,980,small car,manual,65,corsa,150000,petrol,opel,no,19.67
6636,2490,small car,manual,50,arosa,125000,petrol,seat,no,16.08
6637,9150,small car,manual,174,cooper,125000,petrol,mini,no,11.17
6638,22900,suv,automatic,122,cooper,10000,petrol,mini,no,3.58
6639,10700,station wagon,automatic,110,octavia,125000,diesel,skoda,no,6.67
6640,1500,small car,manual,55,polo,150000,petrol,volkswagen,no,17.92
6644,1100,limousine,automatic,101,a4,150000,petrol,audi,no,23.0
6648,4900,limousine,automatic,94,others,150000,diesel,mercedes_benz,no,27.5
6649,1900,small car,manual,68,c1,150000,petrol,citroen,no,10.33
6650,7990,station wagon,manual,160,a3,150000,petrol,audi,no,11.83
6651,2590,cabrio,manual,101,golf,150000,petrol,volkswagen,no,22.42
6652,899,small car,manual,86,others,100000,petrol,suzuki,no,18.17
6653,4200,coupe,manual,150,others,150000,diesel,alfa_romeo,no,13.75
6656,799,limousine,manual,125,a4,150000,petrol,audi,no,24.0
6657,5500,bus,automatic,120,zafira,150000,diesel,opel,no,12.08
6658,8500,bus,manual,95,vito,150000,diesel,mercedes_benz,no,12.0
6659,1050,small car,manual,70,ka,125000,petrol,ford,yes,14.83
6660,5600,bus,automatic,136,b_klasse,150000,petrol,mercedes_benz,no,12.17
6663,10989,coupe,manual,200,tt,150000,petrol,audi,no,12.92
6664,57800,suv,automatic,313,others,30000,diesel,audi,no,4.5
6665,6200,cabrio,manual,135,megane,125000,petrol,renault,no,13.25
6666,500,limousine,manual,101,vectra,150000,petrol,opel,no,21.08
6667,1950,limousine,manual,75,bora,150000,petrol,volkswagen,no,18.67
6668,6850,bus,automatic,116,sharan,150000,diesel,volkswagen,no,11.58
6669,2800,small car,manual,54,polo,100000,petrol,volkswagen,no,15.58
6673,2500,bus,manual,125,zafira,150000,petrol,opel,no,16.42
6674,7500,limousine,automatic,184,x_reihe,150000,diesel,bmw,no,16.83
6675,65000,cabrio,automatic,385,911,60000,petrol,porsche,no,8.83
6678,13000,coupe,automatic,343,m_reihe,150000,petrol,bmw,no,14.58
6680,10500,cabrio,manual,145,focus,80000,petrol,ford,no,10.67
6683,12500,station wagon,manual,170,a4,150000,diesel,audi,no,8.33
6685,7600,cabrio,manual,69,500,60000,petrol,fiat,no,7.75
6686,550,station wagon,automatic,170,galant,5000,petrol,mitsubishi,no,19.92
6687,11950,limousine,automatic,170,e_klasse,150000,diesel,mercedes_benz,no,9.5
6688,1000,station wagon,manual,97,astra,150000,cng,opel,no,14.83
6691,1490,limousine,manual,84,astra,150000,petrol,opel,no,15.58
6692,2300,cabrio,manual,109,others,150000,petrol,peugeot,no,16.0
6693,4300,limousine,manual,177,auris,150000,diesel,toyota,no,11.33
6694,22890,suv,automatic,241,touareg,70000,diesel,volkswagen,no,10.0
6695,6100,limousine,manual,150,vectra,125000,diesel,opel,no,12.17
6698,12000,limousine,automatic,190,a6,150000,diesel,audi,no,8.67
6699,1400,limousine,manual,90,golf,150000,diesel,volkswagen,no,16.5
6700,2500,small car,automatic,82,a_klasse,60000,petrol,mercedes_benz,no,18.42
6703,3333,limousine,manual,147,vectra,150000,petrol,opel,no,15.17
6705,900,limousine,manual,101,a4,150000,petrol,audi,no,21.67
6707,7890,small car,manual,86,ibiza,80000,petrol,seat,no,6.25
6708,500,station wagon,manual,75,focus,150000,diesel,ford,yes,18.25
6709,4300,limousine,manual,80,focus,80000,petrol,ford,no,11.58
6710,550,station wagon,manual,69,escort,125000,diesel,ford,no,23.0
6711,17000,station wagon,automatic,231,5er,125000,diesel,bmw,no,11.08
6712,5490,limousine,manual,150,3er,150000,diesel,bmw,no,17.75
6714,1400,small car,manual,76,others,150000,petrol,suzuki,no,17.42
6715,2950,cabrio,automatic,61,fortwo,150000,petrol,smart,no,17.17
6716,3500,station wagon,manual,105,caddy,150000,diesel,volkswagen,yes,13.92
6717,17500,limousine,automatic,344,others,150000,petrol,audi,no,14.75
6718,5490,small car,manual,60,polo,125000,petrol,volkswagen,no,9.83
6720,500,limousine,manual,116,mondeo,150000,petrol,ford,yes,25.25
6722,3800,cabrio,manual,193,3er,150000,petrol,bmw,no,23.83
6724,10900,suv,automatic,218,others,150000,diesel,jeep,no,12.67
6725,700,small car,manual,54,corsa,150000,petrol,opel,no,18.92
6727,3333,bus,automatic,116,transporter,150000,petrol,volkswagen,yes,22.92
6728,1890,small car,manual,80,fiesta,150000,petrol,ford,no,16.5
6729,3490,bus,manual,105,touran,150000,diesel,volkswagen,no,13.75
6730,9150,limousine,manual,170,6_reihe,125000,petrol,mazda,no,12.0
6731,5500,station wagon,manual,136,v50,150000,diesel,volvo,no,13.5
6732,3150,station wagon,manual,150,3er,150000,diesel,bmw,no,13.17
6733,6950,limousine,manual,163,a4,150000,petrol,audi,no,15.42
6734,2500,bus,manual,125,zafira,150000,petrol,opel,yes,18.75
6735,1150,bus,manual,69,berlingo,150000,diesel,citroen,yes,13.17
6736,19000,limousine,automatic,286,x_reihe,150000,diesel,bmw,no,10.83
6738,998,small car,manual,75,twingo,125000,petrol,renault,no,17.17
6740,1150,small car,manual,60,ka,150000,petrol,ford,no,16.92
6742,5500,limousine,manual,116,1er,100000,petrol,bmw,no,12.25
6743,21500,limousine,automatic,179,leon,20000,petrol,seat,no,3.33
6744,5400,small car,manual,44,ypsilon,40000,petrol,lancia,no,9.75
6745,1400,station wagon,manual,116,vectra,150000,petrol,opel,no,17.25
6746,19300,coupe,manual,190,a5,100000,diesel,audi,no,8.67
6747,580,limousine,automatic,258,5er,40000,diesel,bmw,no,4.42
6748,4100,bus,manual,140,others,150000,petrol,hyundai,no,12.0
6749,1300,small car,manual,65,others,150000,petrol,mazda,no,18.0
6750,7500,limousine,manual,400,m_reihe,150000,petrol,bmw,no,19.83
6752,6200,limousine,manual,140,a4,150000,diesel,audi,no,14.92
6753,2450,coupe,manual,136,clk,150000,petrol,mercedes_benz,no,18.17
6755,9999,coupe,automatic,299,passat,150000,petrol,volkswagen,no,10.58
6756,10990,bus,automatic,105,touran,150000,diesel,volkswagen,no,9.0
6757,1000,limousine,manual,75,golf,150000,petrol,volkswagen,no,21.67
6758,1000,small car,automatic,61,lupo,150000,diesel,volkswagen,no,17.25
6759,6500,station wagon,manual,179,a6,150000,diesel,audi,no,12.42
6761,3500,limousine,automatic,179,a8,150000,diesel,audi,no,19.75
6765,5890,station wagon,manual,170,passat,150000,diesel,volkswagen,no,10.58
6767,12200,limousine,manual,170,1er,90000,petrol,bmw,no,10.08
6768,2100,limousine,manual,60,a_klasse,150000,petrol,mercedes_benz,no,17.5
6770,9999,station wagon,automatic,400,e_klasse,150000,lpg,mercedes_benz,no,18.83
6771,18900,station wagon,automatic,99,auris,20000,hybrid,toyota,no,5.75
6775,12500,station wagon,manual,140,insignia,60000,petrol,opel,no,9.5
6777,1490,small car,manual,60,polo,150000,petrol,volkswagen,no,23.75
6779,1699,station wagon,automatic,150,others,150000,petrol,subaru,no,21.5
6780,2100,cabrio,manual,109,2_reihe,150000,petrol,peugeot,no,16.33
6782,10850,station wagon,manual,170,a3,70000,diesel,audi,no,11.42
6784,8599,small car,manual,94,swift,50000,petrol,suzuki,no,7.0
6786,750,station wagon,manual,122,c_klasse,150000,petrol,mercedes_benz,no,21.58
6787,9999,limousine,automatic,218,300c,125000,diesel,chrysler,no,12.25
6788,1300,small car,manual,50,lupo,150000,petrol,volkswagen,no,19.08
6790,16500,cabrio,manual,163,a4,70000,petrol,audi,no,10.58
6796,23400,limousine,automatic,170,c_klasse,50000,diesel,mercedes_benz,no,5.83
6798,15900,cabrio,manual,143,1er,80000,petrol,bmw,no,9.0
6799,1000,station wagon,manual,75,others,150000,petrol,peugeot,no,20.5
6801,2500,station wagon,manual,150,signum,150000,diesel,opel,no,15.0
6802,23999,coupe,automatic,245,a5,150000,diesel,audi,no,6.67
6803,1250,small car,manual,60,others,150000,petrol,citroen,no,16.83
6804,3500,limousine,manual,193,5er,150000,lpg,bmw,no,20.33
6807,10800,limousine,manual,170,c_klasse,150000,diesel,mercedes_benz,no,10.5
6808,2750,small car,manual,68,aygo,150000,petrol,toyota,no,12.58
6811,15500,limousine,automatic,197,5er,150000,diesel,bmw,no,10.83
6812,3100,bus,manual,90,meriva,125000,petrol,opel,no,13.33
6814,4900,station wagon,automatic,163,a4,150000,petrol,audi,no,14.33
6815,1000,limousine,manual,101,vectra,150000,petrol,opel,yes,17.33
6816,18500,coupe,manual,300,911,100000,petrol,porsche,no,17.08
6817,10000,coupe,automatic,280,others,90000,petrol,toyota,yes,17.83
6818,4500,limousine,manual,131,a4,150000,petrol,audi,no,15.67
6819,7500,small car,manual,90,jazz,70000,petrol,honda,no,7.83
6820,6500,bus,manual,109,sprinter,150000,diesel,mercedes_benz,no,17.75
6821,21450,station wagon,manual,150,a3,30000,diesel,audi,no,4.17
6824,9999,station wagon,manual,125,a3,125000,petrol,audi,no,9.42
6825,1650,small car,manual,50,lupo,150000,petrol,volkswagen,no,16.25
6826,4900,small car,manual,73,2_reihe,80000,petrol,peugeot,no,10.0
6827,1900,limousine,manual,118,3er,150000,petrol,bmw,no,19.67
6828,2750,small car,manual,64,polo,150000,petrol,volkswagen,no,16.5
6830,1700,station wagon,manual,130,passat,150000,diesel,volkswagen,no,16.58
6831,12750,station wagon,manual,86,ibiza,5000,petrol,seat,no,5.0
6832,2600,small car,manual,75,golf,150000,petrol,volkswagen,yes,16.83
6834,8900,small car,manual,87,corsa,30000,petrol,opel,no,5.58
6836,7990,cabrio,manual,140,astra,70000,petrol,opel,no,11.58
6839,3350,station wagon,manual,75,fabia,125000,petrol,skoda,no,15.92
6841,5800,bus,manual,105,meriva,70000,petrol,opel,yes,9.25
6842,7299,limousine,manual,105,golf,150000,diesel,volkswagen,no,10.08
6843,13499,station wagon,automatic,160,golf,60000,petrol,volkswagen,no,8.33
6844,65000,coupe,manual,431,m_reihe,30000,petrol,bmw,no,4.83
6845,6300,limousine,automatic,150,a3,100000,petrol,audi,no,15.67
6848,10990,coupe,automatic,333,6er,150000,petrol,bmw,no,14.92
6850,499,limousine,automatic,75,astra,60000,petrol,opel,yes,21.42
6851,2500,limousine,automatic,109,focus,150000,diesel,ford,yes,12.25
6852,14200,limousine,manual,265,leon,150000,petrol,seat,no,8.17
6854,23000,limousine,automatic,231,e_klasse,150000,diesel,mercedes_benz,no,7.17
6855,2750,station wagon,manual,109,3_reihe,150000,petrol,peugeot,no,15.25
6856,1200,limousine,manual,102,a4,150000,petrol,audi,yes,18.75
6857,7999,limousine,manual,143,1er,150000,diesel,bmw,no,11.92
6858,2100,small car,manual,50,lupo,125000,petrol,volkswagen,no,19.33
6859,3950,coupe,manual,109,c4,100000,petrol,citroen,no,9.42
6860,5900,limousine,manual,116,1er,150000,petrol,bmw,no,13.58
6861,27200,limousine,automatic,136,c_klasse,30000,diesel,mercedes_benz,no,5.58
6862,1800,station wagon,manual,125,mondeo,150000,petrol,ford,no,14.75
6867,27500,cabrio,automatic,306,z_reihe,125000,petrol,bmw,no,9.5
6868,1500,small car,manual,59,clio,125000,petrol,renault,no,18.33
6869,7990,station wagon,manual,170,a3,150000,diesel,audi,no,11.58
6871,18950,suv,automatic,211,q5,125000,petrol,audi,no,6.83
6872,700,small car,manual,60,ibiza,150000,petrol,seat,no,17.42
6874,64500,bus,manual,204,transporter,20000,diesel,volkswagen,no,3.92
6876,3650,station wagon,manual,121,6_reihe,150000,diesel,mazda,no,12.92
6877,8500,limousine,automatic,204,3er,150000,diesel,bmw,no,12.17
6878,5350,limousine,automatic,143,c_klasse,150000,diesel,mercedes_benz,no,18.33
6880,1350,limousine,automatic,115,primera,100000,petrol,nissan,no,23.83
6882,39660,coupe,manual,321,z_reihe,70000,petrol,bmw,no,19.75
6883,3333,small car,manual,61,fortwo,125000,petrol,smart,no,10.75
6884,2000,limousine,manual,147,vectra,150000,lpg,opel,no,15.25
6885,16200,bus,manual,170,touran,90000,petrol,volkswagen,no,7.5
6886,1300,coupe,manual,90,megane,150000,petrol,renault,no,22.0
6887,1700,limousine,manual,101,golf,150000,petrol,volkswagen,no,18.25
6889,6000,bus,manual,95,vito,150000,diesel,mercedes_benz,no,8.42
6890,6490,cabrio,manual,125,tigra,50000,petrol,opel,no,11.33
6891,3500,station wagon,automatic,179,a6,150000,diesel,audi,yes,13.92
6893,2950,coupe,manual,101,others,100000,petrol,skoda,no,45.08
6894,1500,station wagon,manual,101,astra,150000,diesel,opel,no,17.67
6895,2495,small car,manual,75,clio,150000,petrol,renault,no,11.08
6896,10500,suv,automatic,272,m_klasse,150000,lpg,mercedes_benz,no,11.17
6898,2600,small car,manual,115,golf,150000,petrol,volkswagen,no,23.75
6899,23500,station wagon,manual,420,others,150000,petrol,audi,no,11.67
6900,2448,small car,manual,75,agila,125000,petrol,opel,no,16.17
6902,13799,station wagon,manual,105,passat,80000,diesel,volkswagen,no,6.33
6905,5555,bus,manual,140,touran,150000,petrol,volkswagen,no,12.83
6907,5630,bus,manual,140,touran,150000,diesel,volkswagen,no,12.17
6908,19999,station wagon,manual,184,3er,60000,diesel,bmw,no,7.75
6909,6399,cabrio,manual,110,mx_reihe,80000,petrol,mazda,no,15.33
6910,2500,station wagon,automatic,193,5er,150000,petrol,bmw,no,18.17
6911,8000,bus,manual,150,zafira,150000,diesel,opel,no,10.75
6912,6500,suv,manual,136,kuga,60000,diesel,ford,no,10.92
6913,1750,limousine,manual,75,golf,150000,petrol,volkswagen,no,17.42
6914,1400,station wagon,manual,131,mondeo,150000,diesel,ford,yes,12.17
6916,8900,limousine,manual,177,avensis,100000,diesel,toyota,no,10.75
6917,649,coupe,manual,107,megane,150000,petrol,renault,yes,17.25
6919,1500,limousine,automatic,224,e_klasse,150000,petrol,mercedes_benz,no,20.5
6920,2500,small car,manual,77,doblo,150000,petrol,fiat,no,12.17
6921,8950,limousine,manual,143,1er,80000,petrol,bmw,no,10.58
6922,6300,station wagon,manual,190,accord,150000,lpg,honda,no,15.5
6923,500,station wagon,manual,166,156,150000,petrol,alfa_romeo,no,15.33
6924,1600,limousine,manual,101,a3,150000,petrol,audi,no,19.08
6925,4500,cabrio,manual,150,3er,150000,petrol,bmw,no,21.5
6926,5500,limousine,manual,105,3_reihe,125000,petrol,mazda,no,14.08
6928,2490,cabrio,manual,90,golf,150000,petrol,volkswagen,no,22.25
6929,1299,station wagon,manual,90,golf,150000,diesel,volkswagen,no,20.67
6930,900,station wagon,manual,90,passat,150000,petrol,volkswagen,no,27.17
6931,2900,station wagon,manual,109,v40,150000,petrol,volvo,no,17.08
6932,600,station wagon,manual,150,e_klasse,150000,petrol,mercedes_benz,yes,23.25
6933,1400,small car,manual,58,corsa,150000,petrol,opel,no,17.58
6935,5900,suv,automatic,192,x_reihe,150000,lpg,bmw,no,14.58
6937,849,limousine,manual,90,tigra,150000,petrol,opel,no,18.58
6939,27999,station wagon,manual,150,passat,30000,diesel,volkswagen,no,3.25
6940,12500,suv,manual,177,wrangler,125000,petrol,jeep,no,16.83
6941,28500,bus,manual,140,transporter,100000,diesel,volkswagen,no,8.75
6943,7700,cabrio,manual,95,golf,150000,petrol,volkswagen,no,30.42
6944,1750,limousine,manual,75,golf,150000,petrol,volkswagen,no,15.42
6945,2200,small car,manual,50,lupo,150000,petrol,volkswagen,no,19.67
6946,3700,limousine,automatic,163,a6,150000,diesel,audi,no,15.5
6948,13000,limousine,manual,114,s60,100000,diesel,volvo,no,6.75
6950,15400,limousine,manual,258,golf,100000,petrol,volkswagen,no,9.92
6951,28999,limousine,automatic,239,q5,80000,diesel,audi,no,9.67
6952,700,coupe,manual,101,astra,150000,petrol,opel,yes,20.0
6953,600,station wagon,manual,166,156,125000,petrol,alfa_romeo,yes,14.17
6954,4500,station wagon,manual,90,mondeo,150000,diesel,ford,no,13.33
6955,980,small car,manual,75,lupo,150000,petrol,volkswagen,no,19.08
6957,35950,cabrio,automatic,340,z_reihe,50000,petrol,bmw,no,6.25
6962,35000,suv,automatic,218,cooper,5000,petrol,mini,no,3.75
6964,1950,small car,manual,80,corsa,150000,petrol,opel,no,13.33
6965,13900,bus,automatic,272,others,150000,petrol,mercedes_benz,no,11.33
6966,9500,cabrio,automatic,163,clk,125000,petrol,mercedes_benz,no,15.42
6967,2300,limousine,manual,74,polo,150000,diesel,volkswagen,no,14.67
6968,22800,station wagon,automatic,156,c_klasse,50000,petrol,mercedes_benz,no,6.0
6969,14950,limousine,manual,400,m_reihe,150000,petrol,bmw,no,17.58
6972,550,limousine,manual,105,3er,150000,petrol,bmw,no,18.5
6974,4799,bus,manual,122,vito,150000,diesel,mercedes_benz,no,19.0
6977,16499,suv,manual,135,sportage,60000,petrol,kia,no,5.58
6978,1250,bus,manual,113,others,150000,diesel,kia,no,14.83
6980,1150,limousine,manual,100,astra,150000,petrol,opel,no,18.0
6981,1490,small car,manual,50,polo,125000,petrol,volkswagen,no,18.58
6982,1199,small car,manual,105,2_reihe,150000,petrol,peugeot,no,16.0
6983,2950,small car,automatic,75,fabia,150000,petrol,skoda,no,13.25
6984,6200,limousine,manual,105,golf,150000,diesel,volkswagen,no,13.83
6985,15000,limousine,manual,125,a3,60000,petrol,audi,yes,7.17
6986,1100,limousine,manual,107,others,150000,petrol,toyota,no,24.08
6988,6900,limousine,manual,82,fiesta,80000,petrol,ford,no,9.08
6989,1999,limousine,manual,116,focus,100000,petrol,ford,no,20.0
6992,4999,limousine,manual,143,3er,50000,petrol,bmw,no,17.92
6994,19950,station wagon,automatic,204,a6,150000,diesel,audi,no,6.17
6995,6500,station wagon,manual,105,golf,150000,diesel,volkswagen,no,8.5
6996,2900,bus,manual,102,transporter,150000,diesel,volkswagen,yes,19.17
6997,3950,others,manual,143,3er,150000,petrol,bmw,no,16.42
6998,6900,limousine,automatic,142,7er,150000,diesel,bmw,no,21.08
6999,23000,cabrio,manual,211,a5,100000,petrol,audi,no,7.25
7000,300,cabrio,manual,115,others,150000,petrol,audi,yes,21.0
7001,14500,limousine,automatic,170,e_klasse,150000,diesel,mercedes_benz,no,11.67
7002,20500,suv,manual,140,others,10000,petrol,opel,no,3.25
7004,6950,station wagon,manual,170,passat,150000,diesel,volkswagen,no,11.25
7005,1399,station wagon,manual,109,others,150000,diesel,citroen,no,17.75
7006,3666,cabrio,manual,90,tigra,150000,petrol,opel,no,13.33
7007,3400,limousine,manual,95,a_klasse,125000,diesel,mercedes_benz,no,16.42
7008,29500,cabrio,automatic,333,others,90000,petrol,audi,no,8.25
7010,760,limousine,manual,218,7er,150000,lpg,bmw,yes,24.33
7012,3950,bus,manual,98,scenic,150000,petrol,renault,no,11.17
7013,2600,limousine,manual,192,5er,150000,petrol,bmw,no,17.83
7014,700,limousine,manual,85,vectra,150000,petrol,opel,no,18.25
7015,19900,bus,automatic,174,transporter,150000,diesel,volkswagen,no,12.83
7016,2500,limousine,automatic,210,7er,150000,petrol,bmw,no,28.67
7017,3450,bus,manual,135,others,150000,diesel,renault,no,13.67
7019,1300,limousine,manual,125,golf,150000,petrol,volkswagen,no,19.33
7020,25000,limousine,manual,170,octavia,60000,diesel,skoda,no,6.92
7022,14299,suv,manual,135,i_reihe,30000,petrol,hyundai,no,5.58
7023,5300,limousine,automatic,310,a8,150000,petrol,audi,no,19.92
7024,2750,small car,manual,80,corsa,150000,petrol,opel,no,13.83
7025,2390,small car,manual,88,clio,150000,petrol,renault,yes,13.83
7027,1500,station wagon,manual,105,golf,150000,petrol,volkswagen,no,17.08
7028,1950,small car,manual,75,corsa,125000,petrol,opel,no,15.92
7031,2600,cabrio,manual,131,others,150000,petrol,saab,no,20.25
7032,380,small car,manual,60,fiesta,150000,petrol,ford,no,19.33
7033,15350,coupe,automatic,272,others,150000,petrol,mercedes_benz,no,15.0
7034,13300,station wagon,automatic,143,exeo,70000,diesel,seat,no,7.75
7035,1290,limousine,manual,75,golf,150000,petrol,volkswagen,no,19.42
7036,13499,station wagon,manual,140,golf,60000,diesel,volkswagen,no,8.33
7037,27750,limousine,automatic,235,x_reihe,125000,diesel,bmw,no,9.75
7041,5799,bus,manual,116,sharan,150000,diesel,volkswagen,no,15.0
7045,4590,bus,manual,92,others,50000,diesel,peugeot,no,4.5
7046,2800,bus,manual,90,berlingo,150000,diesel,citroen,no,11.5
7047,3990,limousine,manual,116,3er,150000,diesel,bmw,no,14.67
7048,7300,suv,manual,105,duster,125000,petrol,dacia,no,7.5
7049,9203,station wagon,automatic,163,c_klasse,150000,petrol,mercedes_benz,no,11.17
7050,4790,limousine,manual,110,astra,150000,diesel,opel,no,10.25
7051,5300,station wagon,manual,105,golf,150000,diesel,volkswagen,no,8.83
7053,5999,bus,manual,105,meriva,80000,petrol,opel,no,11.25
7055,19500,suv,automatic,272,range_rover_sport,150000,diesel,land_rover,no,9.58
7058,8000,limousine,manual,150,golf,150000,diesel,volkswagen,no,18.83
7059,12950,coupe,automatic,306,others,150000,lpg,mercedes_benz,no,12.33
7061,4999,cabrio,manual,197,slk,150000,petrol,mercedes_benz,no,18.33
7062,11900,station wagon,manual,122,golf,90000,petrol,volkswagen,no,8.25
7064,650,limousine,manual,125,a3,150000,petrol,audi,no,21.42
7065,15750,limousine,automatic,235,5er,150000,diesel,bmw,no,9.25
7068,11650,small car,manual,90,a1,100000,diesel,audi,no,6.83
7069,11500,station wagon,automatic,185,v70,150000,diesel,volvo,no,11.33
7070,16990,station wagon,manual,160,a3,80000,petrol,audi,no,10.83
7071,5800,station wagon,manual,150,3er,150000,petrol,bmw,no,12.25
7072,6999,small car,manual,177,2_reihe,125000,petrol,peugeot,no,15.75
7074,7699,small car,manual,60,polo,60000,petrol,volkswagen,no,7.42
7075,4590,small car,manual,64,polo,90000,petrol,volkswagen,no,12.25
7076,900,station wagon,manual,101,3_reihe,150000,diesel,mazda,no,16.5
7077,2500,limousine,automatic,306,s_klasse,150000,lpg,mercedes_benz,yes,19.83
7078,13699,station wagon,automatic,143,3er,150000,diesel,bmw,no,5.17
7079,1999,station wagon,automatic,179,e_klasse,150000,petrol,mercedes_benz,yes,27.5
7080,13499,station wagon,automatic,224,a6,150000,diesel,audi,no,12.25
7081,6900,limousine,automatic,163,e_klasse,150000,petrol,mercedes_benz,no,15.75
7082,5550,limousine,manual,105,jetta,150000,diesel,volkswagen,no,12.25
7084,11499,small car,manual,94,swift,10000,petrol,suzuki,no,4.75
7087,6600,limousine,manual,140,civic,150000,diesel,honda,no,11.83
7089,3300,small car,manual,95,others,125000,petrol,fiat,no,11.17
7090,14500,cabrio,automatic,200,tt,150000,petrol,audi,no,11.92
7093,1300,limousine,manual,102,a_klasse,150000,petrol,mercedes_benz,no,20.33
7094,1125,station wagon,manual,116,3er,150000,petrol,bmw,no,22.67
7095,3300,bus,manual,150,zafira,150000,diesel,opel,no,12.75
7097,800,small car,manual,60,fiesta,150000,petrol,ford,no,19.83
7098,3950,coupe,automatic,163,clk,125000,petrol,mercedes_benz,no,18.83
7099,13200,station wagon,manual,197,5er,150000,diesel,bmw,no,9.5
7100,2850,coupe,manual,143,c_klasse,150000,petrol,mercedes_benz,no,16.83
7101,2950,limousine,automatic,179,others,150000,petrol,mercedes_benz,no,28.92
7102,750,small car,manual,54,corsa,125000,petrol,opel,no,20.25
7104,1800,cabrio,manual,110,mx_reihe,90000,petrol,mazda,no,19.33
7105,11990,limousine,manual,122,1er,70000,petrol,bmw,no,7.58
7107,2850,limousine,manual,170,5er,150000,petrol,bmw,no,17.08
7114,3750,limousine,manual,106,1er,125000,petrol,bmw,no,18.75
7115,6990,small car,manual,60,citigo,5000,petrol,skoda,no,3.5
7116,25000,limousine,automatic,170,e_klasse,100000,diesel,mercedes_benz,no,6.5
7118,16000,limousine,manual,160,insignia,50000,diesel,opel,no,7.0
7120,1650,limousine,manual,75,astra,150000,lpg,opel,no,17.42
7123,14500,bus,manual,105,touran,80000,diesel,volkswagen,no,7.67
7124,650,small car,manual,54,punto,70000,petrol,fiat,yes,19.33
7128,2999,small car,manual,65,micra,100000,petrol,nissan,no,13.17
7129,1500,small car,manual,58,twingo,150000,petrol,renault,no,18.58
7130,6900,small car,automatic,105,polo,90000,petrol,volkswagen,no,11.33
7131,750,small car,manual,43,agila,150000,petrol,opel,no,18.5
7132,9900,coupe,manual,200,others,150000,petrol,bmw,yes,45.58
7133,21500,suv,automatic,184,x_reihe,150000,diesel,bmw,no,7.08
7135,3000,limousine,manual,121,6_reihe,150000,diesel,mazda,no,15.5
7136,900,limousine,automatic,122,c_klasse,150000,petrol,mercedes_benz,yes,24.5
7138,2550,small car,manual,52,matiz,60000,petrol,chevrolet,no,12.0
7143,4500,station wagon,manual,116,v40,125000,petrol,volvo,no,14.08
7144,3450,station wagon,manual,179,a6,150000,diesel,audi,no,18.58
7145,6500,station wagon,manual,136,4_reihe,150000,diesel,peugeot,no,13.42
7147,16750,limousine,automatic,170,a6,150000,diesel,audi,no,7.17
7148,500,limousine,manual,120,156,150000,petrol,alfa_romeo,no,19.67
7152,5300,station wagon,manual,101,focus,150000,petrol,ford,no,10.0
7153,2650,small car,manual,80,polo,125000,petrol,volkswagen,yes,11.83
7155,7300,limousine,manual,122,e_klasse,150000,diesel,mercedes_benz,no,14.5
7156,1699,limousine,manual,101,a3,150000,petrol,audi,no,19.25
7157,11999,bus,manual,163,galaxy,150000,diesel,ford,no,5.25
7159,3299,limousine,manual,150,golf,150000,petrol,volkswagen,no,19.25
7160,4500,suv,automatic,209,xc_reihe,150000,petrol,volvo,no,15.25
7163,1950,limousine,manual,136,3_reihe,125000,petrol,peugeot,no,15.17
7164,18777,station wagon,manual,177,a4,90000,diesel,audi,no,6.75
7166,4700,station wagon,automatic,232,a4,150000,diesel,audi,yes,12.33
7167,2200,station wagon,automatic,101,astra,60000,petrol,opel,no,14.67
7168,7600,station wagon,manual,105,logan,30000,petrol,dacia,no,6.83
7169,5750,limousine,automatic,193,s_klasse,150000,petrol,mercedes_benz,no,23.42
7170,600,small car,manual,60,polo,150000,petrol,volkswagen,no,22.08
7171,1400,limousine,manual,125,a3,150000,petrol,audi,no,21.25
7174,9500,station wagon,manual,170,octavia,150000,diesel,skoda,no,8.42
7175,15400,station wagon,manual,239,a4,150000,diesel,audi,no,10.75
7176,990,small car,manual,58,twingo,150000,petrol,renault,no,19.33
7177,2500,limousine,manual,116,golf,150000,petrol,volkswagen,no,19.42
7178,2700,small car,manual,54,polo,150000,petrol,volkswagen,yes,13.67
7179,12600,station wagon,automatic,232,a6,150000,diesel,audi,no,11.83
7181,500,coupe,manual,85,astra,150000,petrol,opel,yes,18.25
7183,47000,limousine,automatic,400,others,70000,petrol,porsche,no,9.83
7184,3500,others,manual,78,transporter,150000,diesel,volkswagen,yes,22.75
7186,1100,limousine,manual,115,focus,150000,petrol,ford,no,17.58
7190,800,small car,manual,45,corsa,150000,petrol,opel,no,22.42
7192,27900,coupe,manual,343,m_reihe,125000,petrol,bmw,no,14.58
7193,21500,coupe,automatic,230,mustang,70000,petrol,ford,no,50.58
7194,9999,limousine,manual,226,focus,125000,petrol,ford,no,12.08
7195,950,small car,manual,75,lupo,150000,petrol,volkswagen,yes,19.25
7197,3500,station wagon,automatic,101,golf,150000,diesel,volkswagen,no,17.25
7198,13500,station wagon,manual,160,a3,100000,petrol,audi,no,8.33
7199,10200,station wagon,automatic,150,c_klasse,125000,diesel,mercedes_benz,no,12.92
7200,3950,bus,manual,84,yaris,150000,petrol,toyota,no,14.67
7202,700,station wagon,manual,165,v70,150000,petrol,volvo,yes,19.08
7203,5350,small car,manual,75,corsa,150000,diesel,opel,no,7.5
7204,12900,station wagon,manual,131,megane,60000,petrol,renault,no,5.33
7205,4000,station wagon,manual,116,legacy,50000,petrol,subaru,no,21.42
7206,2350,small car,manual,75,lupo,90000,petrol,volkswagen,no,17.5
7207,5350,limousine,manual,102,golf,90000,petrol,volkswagen,no,12.08
7208,1500,limousine,manual,113,c_klasse,150000,diesel,mercedes_benz,no,23.83
7209,13999,cabrio,manual,184,slk,100000,petrol,mercedes_benz,no,8.08
7210,3100,limousine,manual,109,3_reihe,125000,petrol,peugeot,no,14.33
7212,1750,limousine,manual,180,a3,150000,petrol,audi,yes,19.33
7215,5000,cabrio,manual,193,clk,150000,petrol,mercedes_benz,no,18.25
7216,11850,bus,manual,120,meriva,60000,petrol,opel,no,7.83
7219,2799,limousine,manual,118,3er,125000,petrol,bmw,no,19.42
7220,18499,coupe,automatic,306,3er,150000,petrol,bmw,no,9.5
7222,7900,small car,manual,82,fiesta,40000,petrol,ford,no,6.33
7225,2500,station wagon,manual,110,octavia,150000,diesel,skoda,no,16.17
7228,4799,limousine,manual,150,golf,150000,petrol,volkswagen,no,16.25
7229,5900,bus,manual,140,zafira,150000,petrol,opel,no,10.17
7230,1299,cabrio,manual,90,megane,150000,petrol,renault,no,19.08
7233,5950,bus,manual,131,others,100000,diesel,renault,no,11.42
7235,30200,suv,automatic,177,q3,30000,diesel,audi,no,4.33
7236,400,station wagon,manual,116,astra,20000,petrol,opel,yes,22.17
7238,4700,limousine,manual,90,astra,150000,petrol,opel,no,10.33
7239,49500,coupe,manual,420,others,70000,petrol,audi,no,10.33
7242,600,small car,manual,60,punto,150000,petrol,fiat,no,17.08
7243,1100,limousine,manual,122,c_klasse,150000,petrol,mercedes_benz,no,24.5
7244,5490,small car,manual,71,fortwo,30000,petrol,smart,no,8.67
7245,999,limousine,automatic,101,vectra,150000,petrol,opel,no,20.17
7246,8000,station wagon,manual,140,a4,150000,diesel,audi,no,13.83
7249,4999,suv,manual,140,sportage,150000,petrol,kia,no,13.75
7250,1200,limousine,manual,112,beetle,150000,petrol,volkswagen,no,19.67
7252,26500,limousine,automatic,211,a_klasse,20000,petrol,mercedes_benz,no,5.25
7256,3750,cabrio,manual,193,3er,150000,petrol,bmw,yes,22.33
7257,46000,limousine,automatic,258,q5,30000,diesel,audi,no,4.25
7258,1200,station wagon,manual,136,others,150000,petrol,mitsubishi,no,17.92
7259,26850,limousine,manual,125,golf,10000,petrol,volkswagen,no,3.67
7260,1400,small car,automatic,61,fortwo,125000,petrol,smart,yes,15.83
7261,2800,limousine,manual,125,astra,150000,diesel,opel,no,15.5
7264,2950,small car,manual,60,fiesta,80000,petrol,ford,no,15.17
7266,650,small car,manual,60,2_reihe,100000,petrol,peugeot,no,20.0
7267,2300,limousine,manual,85,astra,150000,petrol,opel,no,17.08
7268,1800,small car,manual,90,2_reihe,150000,diesel,peugeot,no,18.83
7271,2000,small car,manual,60,punto,150000,petrol,fiat,no,13.75
7272,3000,limousine,manual,118,3er,150000,petrol,bmw,no,18.42
7273,2800,bus,manual,125,zafira,125000,petrol,opel,no,17.5
7274,2500,bus,manual,116,sharan,150000,diesel,volkswagen,no,16.17
7275,1000,limousine,manual,192,156,150000,petrol,alfa_romeo,no,17.58
7278,2450,coupe,manual,150,3er,150000,petrol,bmw,no,23.33
7281,3300,limousine,automatic,135,megane,100000,petrol,renault,no,15.75
7282,1550,station wagon,manual,92,megane,150000,diesel,renault,no,14.5
7284,6500,limousine,manual,163,a4,150000,petrol,audi,no,14.33
7288,2390,bus,manual,110,sharan,150000,diesel,volkswagen,no,20.58
7290,3450,limousine,manual,116,impreza,50000,petrol,subaru,no,21.42
7291,5900,limousine,automatic,116,astra,125000,petrol,opel,no,10.25
7292,1500,small car,automatic,80,fiesta,125000,petrol,ford,yes,14.67
7293,1000,small car,automatic,61,fortwo,100000,petrol,smart,yes,18.25
7295,1350,bus,manual,69,doblo,150000,diesel,fiat,no,14.67
7296,3950,limousine,manual,68,logan,70000,diesel,dacia,no,10.33
7298,6000,station wagon,automatic,150,e_klasse,150000,diesel,mercedes_benz,no,13.08
7299,20500,station wagon,automatic,170,passat,100000,diesel,volkswagen,no,6.08
7301,1490,station wagon,manual,99,others,150000,petrol,toyota,no,21.25
7302,11990,limousine,manual,150,focus,60000,petrol,ford,no,7.5
7304,13950,station wagon,automatic,122,passat,100000,petrol,volkswagen,no,7.17
7305,1300,small car,manual,68,fiesta,150000,diesel,ford,yes,12.0
7307,2450,limousine,manual,90,golf,150000,petrol,volkswagen,no,25.33
7309,1950,small car,manual,64,ibiza,150000,petrol,seat,no,15.67
7310,910,limousine,manual,90,80,150000,petrol,audi,no,27.25
7312,6000,suv,manual,141,sportage,125000,petrol,kia,no,9.83
7313,5199,small car,manual,60,up,40000,petrol,volkswagen,no,6.83
7314,1770,small car,automatic,101,a3,150000,petrol,audi,no,21.42
7316,2600,small car,manual,60,corsa,125000,petrol,opel,no,10.5
7321,8900,station wagon,automatic,250,a3,90000,petrol,audi,no,13.83
7322,1200,limousine,manual,109,others,150000,petrol,mercedes_benz,yes,26.58
7324,1050,limousine,manual,101,astra,150000,petrol,opel,yes,19.17
7325,1450,limousine,manual,75,bora,150000,petrol,volkswagen,no,18.5
7326,7800,limousine,manual,177,x_reihe,150000,diesel,bmw,no,12.0
7327,4900,small car,manual,69,ka,60000,petrol,ford,no,9.75
7328,21500,station wagon,manual,105,a3,40000,diesel,audi,no,5.83
7329,5900,limousine,manual,102,a3,90000,petrol,audi,no,14.92
7330,23999,cabrio,manual,143,1er,30000,petrol,bmw,no,5.5
7331,1200,small car,manual,60,clio,70000,petrol,renault,yes,17.25
7332,6999,bus,manual,140,s_max,150000,diesel,ford,no,11.5
7333,14990,coupe,manual,265,z_reihe,150000,petrol,bmw,no,11.08
7335,4200,bus,manual,140,zafira,150000,lpg,opel,no,10.25
7336,25900,suv,manual,143,q5,40000,diesel,audi,no,6.5
7337,1150,small car,manual,67,corsa,125000,petrol,opel,no,20.42
7339,3999,limousine,manual,116,3er,80000,petrol,bmw,no,16.42
7340,4250,station wagon,automatic,193,5er,150000,diesel,bmw,no,15.67
7341,990,limousine,manual,116,lancer,150000,petrol,mitsubishi,no,25.33
7342,7250,small car,manual,143,1er,150000,diesel,bmw,no,11.0
7344,6666,small car,manual,95,corsa,125000,diesel,opel,no,8.75
7345,2600,limousine,manual,105,passat,150000,diesel,volkswagen,no,10.5
7346,200,station wagon,manual,75,escort,125000,petrol,ford,yes,20.42
7348,4200,limousine,manual,69,yaris,125000,petrol,toyota,no,9.75
7350,2500,limousine,automatic,165,a6,150000,petrol,audi,no,19.83
7351,4400,limousine,automatic,150,e_klasse,150000,diesel,mercedes_benz,no,11.33
7353,6990,small car,manual,82,fiesta,70000,petrol,ford,no,7.42
7354,1750,small car,manual,60,punto,70000,petrol,fiat,no,16.25
7357,400,small car,manual,101,golf,150000,petrol,volkswagen,yes,19.92
7359,1666,bus,manual,82,vito,125000,diesel,mercedes_benz,no,20.0
7360,2900,small car,manual,75,polo,150000,petrol,volkswagen,no,13.17
7361,7500,limousine,automatic,287,s_klasse,150000,petrol,mercedes_benz,no,16.33
7362,1699,limousine,manual,125,a3,150000,petrol,audi,no,20.17
7364,5800,small car,manual,75,500,80000,diesel,fiat,no,10.08
7367,2300,limousine,manual,90,astra,150000,petrol,opel,no,13.33
7369,6700,small car,manual,95,2_reihe,40000,petrol,peugeot,no,6.5
7370,18900,cabrio,manual,50,kaefer,90000,petrol,volkswagen,no,39.33
7371,11900,cabrio,manual,192,3er,150000,petrol,bmw,no,12.42
7374,7850,bus,manual,86,transit,125000,diesel,ford,no,12.92
7375,4999,limousine,automatic,102,golf,125000,petrol,volkswagen,no,16.42
7376,1850,bus,manual,113,others,150000,diesel,kia,no,12.08
7377,22990,limousine,automatic,231,e_klasse,150000,diesel,mercedes_benz,no,9.58
7380,8000,limousine,manual,140,a3,150000,diesel,audi,no,14.0
7381,1000,small car,automatic,101,3_reihe,90000,petrol,peugeot,no,22.42
7382,13900,bus,manual,107,lodgy,20000,diesel,dacia,no,3.08
7384,22499,station wagon,automatic,286,5er,125000,diesel,bmw,no,10.42
7387,14999,coupe,manual,160,scirocco,70000,petrol,volkswagen,no,9.17
7388,2000,station wagon,manual,120,vectra,150000,diesel,opel,no,14.25
7392,5700,station wagon,manual,122,3er,150000,diesel,bmw,no,11.5
7393,370,small car,manual,90,colt,150000,petrol,mitsubishi,no,20.17
7394,6950,limousine,automatic,163,e_klasse,150000,lpg,mercedes_benz,no,12.83
7395,3300,coupe,manual,192,3er,150000,petrol,bmw,no,23.33
7396,7690,limousine,manual,143,1er,150000,diesel,bmw,no,11.67
7398,1799,small car,automatic,61,fortwo,70000,petrol,smart,no,17.5
7402,1100,small car,manual,50,arosa,150000,petrol,seat,no,19.42
7405,1550,small car,manual,75,golf,125000,petrol,volkswagen,no,18.67
7406,31000,limousine,automatic,211,a_klasse,30000,petrol,mercedes_benz,no,5.75
7407,6990,limousine,manual,122,1er,150000,diesel,bmw,no,12.08
7409,10850,limousine,automatic,192,5er,150000,petrol,bmw,no,13.25
7411,23999,limousine,manual,325,golf,60000,petrol,volkswagen,no,8.33
7414,6999,station wagon,automatic,140,passat,150000,diesel,volkswagen,no,10.42
7415,2500,limousine,manual,75,golf,150000,petrol,volkswagen,no,17.33
7416,16900,limousine,manual,177,a5,150000,diesel,audi,no,5.67
7417,4399,limousine,manual,136,focus,150000,diesel,ford,no,13.5
7418,3250,small car,manual,60,fiesta,90000,petrol,ford,no,13.58
7419,1199,small car,manual,58,twingo,125000,petrol,renault,no,12.08
7420,17450,limousine,manual,177,x_reihe,125000,diesel,bmw,no,7.67
7421,6890,limousine,manual,115,astra,125000,petrol,opel,no,8.42
7422,11000,limousine,manual,150,accord,150000,diesel,honda,no,10.0
7424,1600,small car,manual,75,2_reihe,125000,petrol,peugeot,no,17.92
7425,7450,station wagon,manual,160,octavia,150000,petrol,skoda,no,8.17
7427,1290,coupe,manual,90,civic,150000,petrol,honda,no,25.25
7428,13000,station wagon,manual,115,focus,80000,diesel,ford,no,6.67
7429,15999,coupe,automatic,286,3er,150000,diesel,bmw,no,11.42
7430,5300,small car,manual,68,aygo,30000,petrol,toyota,no,8.92
7431,8000,suv,manual,129,grand,150000,diesel,suzuki,no,11.25
7432,2150,limousine,manual,125,c_klasse,150000,diesel,mercedes_benz,no,18.08
7436,850,small car,manual,80,punto,150000,petrol,fiat,no,17.83
7437,850,small car,manual,80,punto,150000,petrol,fiat,no,18.58
7438,3350,cabrio,manual,116,golf,150000,petrol,volkswagen,no,17.58
7440,42500,cabrio,automatic,245,a5,60000,diesel,audi,no,4.33
7441,4850,station wagon,automatic,218,c_klasse,150000,petrol,mercedes_benz,no,15.5
7444,1490,small car,manual,75,golf,150000,petrol,volkswagen,no,19.17
7446,2000,small car,manual,64,ibiza,150000,petrol,seat,no,16.25
7447,33900,station wagon,automatic,204,a6,40000,diesel,audi,no,4.75
7448,1480,coupe,manual,136,4_reihe,150000,petrol,peugeot,no,16.17
7449,950,coupe,manual,170,others,150000,petrol,ford,no,18.67
7451,850,station wagon,manual,101,focus,150000,petrol,ford,no,20.0
7452,4500,suv,manual,143,santa,125000,petrol,hyundai,no,13.67
7453,2000,station wagon,manual,125,a6,150000,petrol,audi,no,19.08
7455,1050,limousine,manual,125,legacy,150000,petrol,subaru,yes,19.42
7456,11200,suv,automatic,250,m_klasse,125000,diesel,mercedes_benz,no,17.0
7457,5800,bus,manual,101,meriva,125000,diesel,opel,no,8.33
7458,700,station wagon,manual,116,mondeo,150000,diesel,ford,yes,17.75
7459,5200,small car,manual,92,swift,30000,petrol,suzuki,yes,8.33
7461,3500,bus,manual,130,alhambra,150000,diesel,seat,no,16.33
7463,500,bus,manual,60,others,60000,diesel,ford,yes,21.17
7464,28990,limousine,automatic,241,q5,100000,diesel,audi,no,8.67
7467,11000,bus,automatic,174,transporter,150000,diesel,volkswagen,no,14.17
7468,3800,cabrio,automatic,136,others,80000,petrol,chrysler,no,26.33
7469,5400,coupe,automatic,204,e_klasse,150000,petrol,mercedes_benz,no,24.33
7471,1350,cabrio,manual,98,golf,150000,petrol,volkswagen,no,28.83
7473,1799,bus,manual,75,combo,150000,diesel,opel,no,14.42
7475,1150,small car,manual,80,fiesta,125000,petrol,ford,no,15.92
7477,1000,limousine,manual,120,omega,150000,diesel,opel,no,17.92
7478,1200,limousine,manual,88,3_reihe,150000,lpg,mazda,no,21.75
7479,27500,station wagon,automatic,204,5er,70000,diesel,bmw,no,7.58
7480,3000,small car,manual,75,forfour,100000,petrol,smart,no,13.92
7482,4500,cabrio,manual,109,2_reihe,90000,petrol,peugeot,no,14.0
7483,27900,coupe,manual,420,m_reihe,150000,petrol,bmw,no,11.92
7485,7850,small car,manual,75,mii,60000,petrol,seat,no,6.92
7486,2300,station wagon,automatic,275,passat,150000,petrol,volkswagen,yes,17.0
7487,15400,bus,manual,88,transporter,150000,diesel,volkswagen,no,17.25
7488,11990,limousine,automatic,207,others,150000,diesel,jaguar,no,10.67
7489,1100,station wagon,manual,116,passat,150000,petrol,volkswagen,no,24.25
7491,29500,limousine,automatic,170,q5,70000,diesel,audi,no,6.33
7493,450,small car,manual,60,polo,125000,petrol,volkswagen,no,19.58
7496,2800,limousine,manual,130,golf,150000,diesel,volkswagen,no,13.17
7498,33500,limousine,automatic,300,golf,70000,petrol,volkswagen,no,4.08
7499,1450,limousine,manual,104,golf,150000,petrol,volkswagen,no,17.08
7500,25900,station wagon,manual,184,5er,90000,diesel,bmw,no,7.67
7501,7300,cabrio,manual,224,tt,100000,petrol,audi,no,18.42
7502,3499,coupe,manual,118,3er,150000,petrol,bmw,yes,17.25
7503,6990,cabrio,manual,163,slk,80000,petrol,mercedes_benz,no,15.5
7504,2299,small car,manual,52,punto,150000,cng,fiat,no,11.08
7505,4100,small car,manual,82,spark,80000,petrol,chevrolet,no,7.17
7507,19500,coupe,manual,170,c_klasse,100000,diesel,mercedes_benz,no,6.58
7508,2000,limousine,manual,118,3er,150000,petrol,bmw,no,19.08
7511,8800,cabrio,manual,170,3er,150000,petrol,bmw,no,17.42
7514,14800,suv,manual,177,x_reihe,100000,diesel,bmw,no,8.33
7516,2150,small car,manual,101,fabia,150000,petrol,skoda,no,16.08
7517,930,small car,manual,50,arosa,125000,petrol,seat,no,19.17
7519,4900,station wagon,manual,131,a4,150000,diesel,audi,yes,3.08
7521,2950,coupe,manual,136,clk,150000,petrol,mercedes_benz,no,19.67
7523,1200,station wagon,manual,116,mondeo,150000,diesel,ford,no,17.17
7524,800,small car,manual,72,others,150000,petrol,chevrolet,no,13.42
7525,1399,small car,manual,75,2_reihe,125000,petrol,peugeot,no,19.5
7526,5499,limousine,automatic,170,a4,150000,petrol,audi,no,17.0
7527,2790,limousine,manual,116,stilo,150000,diesel,fiat,no,13.17
7528,850,small car,manual,60,polo,150000,petrol,volkswagen,yes,22.5
7530,8750,station wagon,manual,140,laguna,90000,petrol,renault,no,8.42
7531,1299,bus,manual,131,others,150000,petrol,mazda,no,16.58
7533,4200,station wagon,manual,147,zafira,100000,petrol,opel,no,14.08
7536,10500,cabrio,manual,150,2_reihe,70000,petrol,peugeot,no,9.42
7537,14449,suv,automatic,224,m_klasse,150000,diesel,mercedes_benz,no,12.92
7538,1790,small car,manual,90,tigra,150000,petrol,opel,no,20.58
7539,4850,limousine,manual,163,5er,150000,diesel,bmw,no,16.08
7540,13000,station wagon,automatic,170,e_klasse,150000,diesel,mercedes_benz,no,10.33
7542,900,small car,manual,57,others,150000,diesel,citroen,no,18.08
7543,1100,limousine,manual,102,3er,150000,petrol,bmw,no,22.33
7546,1150,small car,manual,58,corsa,150000,petrol,opel,yes,16.33
7547,3999,limousine,manual,120,147,150000,diesel,alfa_romeo,no,11.75
7550,6000,limousine,manual,72,e_klasse,150000,diesel,mercedes_benz,no,27.92
7552,1350,limousine,manual,75,golf,150000,petrol,volkswagen,no,21.0
7553,3199,station wagon,manual,150,3er,150000,petrol,bmw,no,20.25
7554,3900,limousine,manual,116,beetle,150000,petrol,volkswagen,no,19.5
7556,850,station wagon,manual,170,850,150000,petrol,volvo,no,22.58
7558,1400,cabrio,manual,116,golf,150000,petrol,volkswagen,no,20.0
7561,23999,coupe,automatic,265,scirocco,60000,petrol,volkswagen,no,6.58
7564,3850,small car,manual,60,ibiza,50000,petrol,seat,yes,8.75
7565,5290,small car,manual,82,fiesta,100000,petrol,ford,no,8.42
7566,16900,suv,manual,140,tiguan,90000,diesel,volkswagen,no,8.83
7567,2200,limousine,manual,113,others,150000,petrol,volvo,no,30.25
7569,4750,limousine,automatic,193,5er,150000,petrol,bmw,no,16.5
7572,3990,small car,manual,71,others,5000,petrol,mitsubishi,yes,3.58
7573,2700,bus,manual,86,kangoo,150000,diesel,renault,no,10.83
7574,9750,station wagon,manual,170,a4,150000,diesel,audi,no,10.83
7577,8500,limousine,manual,163,3er,150000,diesel,bmw,no,10.33
7578,500,limousine,manual,64,golf,150000,diesel,volkswagen,yes,21.92
7580,2700,small car,manual,101,polo,150000,diesel,volkswagen,yes,14.33
7584,750,limousine,manual,101,passat,150000,petrol,volkswagen,no,21.67
7585,3999,small car,manual,90,one,150000,petrol,mini,no,14.5
7586,2199,cabrio,manual,133,others,150000,petrol,audi,no,26.25
7592,17190,limousine,manual,110,golf,5000,petrol,volkswagen,no,2.25
7593,27450,station wagon,manual,150,passat,20000,diesel,volkswagen,no,3.08
7594,400,limousine,manual,71,astra,150000,petrol,opel,yes,24.25
7595,15800,cabrio,manual,105,others,150000,petrol,fiat,no,37.33
7597,2500,bus,manual,147,zafira,150000,petrol,opel,no,17.17
7598,1150,cabrio,manual,75,astra,70000,petrol,opel,no,21.5
7599,800,limousine,manual,125,passat,150000,petrol,volkswagen,yes,21.83
7600,26200,limousine,automatic,387,s_klasse,125000,petrol,mercedes_benz,no,11.75
7601,1690,station wagon,manual,68,fabia,150000,petrol,skoda,no,15.25
7602,11000,suv,automatic,224,m_klasse,150000,diesel,mercedes_benz,no,11.17
7604,1650,small car,manual,68,yaris,150000,petrol,toyota,no,18.83
7605,18750,coupe,manual,354,others,150000,petrol,audi,no,11.67
7610,399,small car,manual,136,2_reihe,150000,petrol,peugeot,yes,17.92
7611,15490,limousine,manual,258,5er,150000,petrol,bmw,no,13.0
7614,1990,coupe,manual,150,3er,150000,diesel,bmw,no,18.0
7615,8750,suv,manual,103,qashqai,150000,diesel,nissan,no,10.5
7616,4321,small car,manual,80,corsa,70000,petrol,opel,no,11.42
7617,12900,coupe,automatic,224,others,150000,diesel,mercedes_benz,no,11.33
7618,12900,limousine,manual,315,golf,100000,petrol,volkswagen,no,10.17
7619,3000,station wagon,automatic,184,3er,150000,diesel,bmw,yes,18.67
7620,4250,station wagon,manual,192,5er,150000,petrol,bmw,no,16.25
7621,19950,station wagon,manual,120,a4,80000,diesel,audi,no,7.0
7622,5950,limousine,manual,105,golf,125000,diesel,volkswagen,no,12.42
7623,7500,bus,manual,90,others,125000,diesel,fiat,no,11.25
7624,3999,station wagon,manual,143,c_klasse,150000,diesel,mercedes_benz,no,17.33
7626,17500,limousine,automatic,136,1er,30000,petrol,bmw,no,7.0
7628,14400,coupe,manual,218,3er,150000,petrol,bmw,no,9.75
7629,4700,small car,manual,75,2_reihe,80000,petrol,peugeot,no,9.0
7630,12500,station wagon,automatic,143,a4,150000,diesel,audi,no,10.67
7631,1998,station wagon,manual,109,others,150000,diesel,citroen,no,14.83
7632,3000,cabrio,manual,98,golf,150000,petrol,volkswagen,no,27.5
7633,1350,small car,manual,50,polo,150000,petrol,volkswagen,no,19.08
7634,1150,small car,manual,90,tigra,150000,petrol,opel,no,20.83
7635,3000,station wagon,manual,110,golf,90000,petrol,volkswagen,no,16.92
7636,1250,small car,manual,75,lupo,150000,petrol,volkswagen,no,19.33
7638,9300,limousine,manual,110,qashqai,125000,diesel,nissan,yes,9.0
7639,11919,small car,automatic,90,polo,30000,petrol,volkswagen,no,6.92
7640,2199,small car,manual,54,polo,150000,petrol,volkswagen,no,16.17
7641,8900,station wagon,manual,131,a4,150000,diesel,audi,no,14.33
7642,5199,station wagon,manual,175,others,150000,diesel,saab,no,10.25
7644,3999,cabrio,manual,109,colt,80000,petrol,mitsubishi,yes,12.83
7646,19990,suv,automatic,232,q7,125000,diesel,audi,no,11.67
7649,3490,limousine,manual,75,golf,125000,petrol,volkswagen,no,16.58
7650,15000,coupe,manual,220,others,150000,petrol,audi,no,26.33
7651,600,station wagon,manual,136,omega,150000,petrol,opel,no,20.25
7652,7000,station wagon,automatic,179,a4,150000,diesel,audi,no,12.92
7653,850,limousine,manual,140,passat,150000,petrol,volkswagen,no,22.83
7655,700,small car,manual,50,fiesta,150000,petrol,ford,no,23.33
7656,1200,small car,manual,80,punto,150000,diesel,fiat,no,17.75
7657,120,others,manual,75,golf,150000,petrol,volkswagen,yes,22.08
7658,16900,suv,manual,170,tiguan,125000,diesel,volkswagen,no,7.08
7659,3900,small car,manual,75,a2,125000,petrol,audi,no,16.0
7660,1500,station wagon,manual,100,others,150000,petrol,mazda,no,16.0
7662,2300,limousine,manual,101,bora,150000,petrol,volkswagen,no,19.25
7665,999,small car,manual,60,arosa,150000,diesel,seat,no,18.5
7667,400,bus,manual,84,espace,150000,petrol,renault,yes,21.08
7668,4250,limousine,manual,143,c_klasse,125000,petrol,mercedes_benz,no,15.08
7669,11999,station wagon,manual,122,passat,100000,petrol,volkswagen,no,7.17
7670,1599,limousine,manual,75,bora,150000,petrol,volkswagen,no,18.5
7671,1600,station wagon,manual,125,legacy,150000,petrol,subaru,no,16.0
7673,9990,limousine,manual,120,astra,60000,petrol,opel,no,8.83
7674,6490,limousine,manual,105,leon,150000,diesel,seat,no,10.25
7675,2100,cabrio,manual,193,slk,150000,petrol,mercedes_benz,no,22.0
7676,980,small car,manual,60,1_reihe,150000,petrol,peugeot,no,17.33
7677,16000,limousine,manual,140,a6,80000,diesel,audi,no,9.83
7678,10300,bus,automatic,170,touran,150000,diesel,volkswagen,no,9.75
7679,1700,limousine,automatic,279,s_klasse,150000,petrol,mercedes_benz,yes,19.08
7680,2000,cabrio,manual,90,golf,150000,petrol,volkswagen,no,22.92
7683,16400,small car,manual,122,cooper,50000,petrol,mini,no,6.58
7685,2800,small car,manual,60,corsa,100000,petrol,opel,no,15.0
7686,2000,station wagon,manual,101,astra,125000,petrol,opel,no,18.67
7687,3500,limousine,manual,140,a_klasse,150000,diesel,mercedes_benz,no,13.17
7688,9999,station wagon,automatic,177,a6,150000,petrol,audi,no,12.42
7691,14990,limousine,manual,140,leon,40000,petrol,seat,no,5.33
7692,3900,limousine,manual,136,e_klasse,70000,petrol,mercedes_benz,no,19.92
7693,12490,suv,manual,110,yeti,125000,diesel,skoda,no,7.25
7696,8500,bus,automatic,140,touran,150000,diesel,volkswagen,no,10.75
7697,2799,others,manual,101,combo,150000,diesel,opel,no,12.58
7698,1450,station wagon,manual,75,golf,150000,petrol,volkswagen,no,17.08
7700,5299,station wagon,automatic,140,a4,150000,diesel,audi,no,10.25
7702,2650,station wagon,manual,101,astra,150000,diesel,opel,no,12.42
7703,28880,station wagon,automatic,136,v70,30000,diesel,volvo,no,4.25
7704,1050,small car,manual,60,twingo,150000,petrol,renault,no,19.42
7705,3499,cabrio,manual,116,golf,125000,petrol,volkswagen,no,17.42
7706,4299,limousine,manual,140,golf,150000,diesel,volkswagen,no,13.5
7708,2000,station wagon,manual,101,astra,150000,diesel,opel,no,15.83
7711,1900,limousine,manual,84,astra,150000,petrol,opel,no,17.0
7713,3300,small car,manual,60,fabia,100000,petrol,skoda,no,9.25
7714,549,small car,manual,50,fiesta,125000,petrol,ford,no,19.75
7715,8900,station wagon,manual,105,focus,90000,petrol,ford,no,6.25
7716,7350,cabrio,manual,179,tt,150000,petrol,audi,no,17.17
7717,19950,station wagon,manual,150,forester,40000,petrol,subaru,no,6.67
7718,2500,station wagon,manual,97,3_reihe,125000,petrol,mazda,no,15.5
7722,990,station wagon,automatic,136,omega,150000,petrol,opel,no,23.0
7724,3100,station wagon,manual,150,astra,150000,diesel,opel,no,11.92
7725,1150,limousine,automatic,101,vectra,150000,petrol,opel,no,22.33
7726,9450,limousine,automatic,102,golf,50000,petrol,volkswagen,yes,11.17
7728,1700,station wagon,manual,150,a6,150000,diesel,audi,yes,19.25
7729,5600,bus,manual,102,touran,150000,petrol,volkswagen,no,12.75
7731,3600,station wagon,manual,150,e_klasse,150000,diesel,mercedes_benz,yes,14.67
7732,500,limousine,manual,75,golf,150000,petrol,volkswagen,yes,20.08
7734,4750,coupe,manual,109,c4,125000,diesel,citroen,no,13.17
7736,2790,small car,manual,63,clio,150000,diesel,renault,no,10.25
7737,10200,limousine,automatic,170,c_klasse,150000,diesel,mercedes_benz,no,10.25
7740,1200,limousine,manual,55,twingo,125000,petrol,renault,no,15.25
7741,1300,limousine,manual,113,others,150000,diesel,mercedes_benz,no,28.25
7742,1500,limousine,manual,90,almera,125000,petrol,nissan,no,17.5
7744,15200,station wagon,manual,90,kangoo,10000,diesel,renault,no,3.75
7746,3900,limousine,manual,150,a3,150000,petrol,audi,no,15.0
7750,21500,limousine,automatic,232,q7,125000,diesel,audi,no,11.58
7751,690,bus,manual,94,2_reihe,150000,diesel,peugeot,no,22.33
7753,1750,limousine,manual,60,focus,150000,petrol,ford,no,16.33
7755,1250,small car,manual,45,corsa,150000,petrol,opel,no,22.42
7756,3500,limousine,automatic,143,c_klasse,150000,diesel,mercedes_benz,no,18.42
7757,6500,station wagon,manual,102,a3,125000,petrol,audi,no,12.58
7758,800,small car,manual,54,micra,150000,petrol,nissan,no,19.0
7759,755,limousine,manual,101,passat,150000,petrol,volkswagen,yes,21.08
7762,4650,station wagon,manual,150,astra,150000,diesel,opel,no,11.08
7763,7900,coupe,automatic,279,clk,150000,petrol,mercedes_benz,no,20.5
7765,21900,station wagon,automatic,190,a4,150000,diesel,audi,no,7.92
7766,9300,station wagon,manual,170,159,150000,diesel,alfa_romeo,no,7.17
7767,10900,station wagon,manual,110,golf,20000,diesel,volkswagen,yes,3.08
7768,20000,small car,automatic,156,a_klasse,40000,petrol,mercedes_benz,no,5.08
7770,1950,small car,manual,75,clio,125000,petrol,renault,no,15.33
7771,6800,bus,manual,129,verso,70000,petrol,toyota,no,12.17
7772,10500,station wagon,manual,143,3er,150000,diesel,bmw,no,10.92
7774,6800,station wagon,automatic,163,c_klasse,150000,petrol,mercedes_benz,no,13.83
7775,1250,small car,manual,60,polo,125000,petrol,volkswagen,no,19.25
7778,20750,station wagon,automatic,184,5er,150000,diesel,bmw,no,7.58
7779,8250,station wagon,automatic,143,a4,150000,diesel,audi,no,11.0
7780,1950,station wagon,manual,90,golf,150000,diesel,volkswagen,no,18.67
7781,4700,limousine,manual,140,leon,150000,diesel,seat,no,12.58
7782,3300,bus,manual,144,carnival,150000,diesel,kia,no,12.33
7784,9950,station wagon,manual,140,a3,150000,diesel,audi,no,13.75
7785,15000,suv,automatic,136,others,150000,diesel,chevrolet,no,37.0
7786,650,station wagon,manual,83,laguna,150000,petrol,renault,yes,20.92
7788,1700,limousine,manual,101,astra,150000,petrol,opel,yes,17.25
7789,9800,bus,automatic,150,viano,150000,diesel,mercedes_benz,no,15.0
7791,4900,limousine,manual,140,golf,150000,diesel,volkswagen,no,14.58
7793,3500,small car,manual,60,fiesta,70000,petrol,ford,no,13.92
7794,700,small car,manual,58,corsa,150000,petrol,opel,no,17.92
7796,6000,cabrio,manual,26,601,40000,petrol,trabant,no,29.83
7797,16990,station wagon,manual,160,a4,90000,petrol,audi,no,7.25
7798,5100,small car,manual,75,clio,50000,petrol,renault,no,9.75
7799,250,small car,manual,50,fiesta,100000,petrol,ford,no,24.58
7800,6999,bus,manual,105,meriva,80000,petrol,opel,no,11.0
7801,4200,coupe,manual,125,cr_reihe,150000,petrol,honda,no,25.33
7802,4850,station wagon,manual,177,5er,150000,diesel,bmw,no,14.0
7803,4100,cabrio,manual,116,z_reihe,150000,petrol,bmw,no,22.25
7806,5499,station wagon,automatic,204,a4,150000,diesel,audi,no,13.42
7807,6200,station wagon,manual,140,a3,150000,diesel,audi,no,12.33
7808,1099,limousine,manual,110,others,90000,petrol,volvo,no,30.33
7810,750,coupe,manual,101,astra,150000,petrol,opel,no,19.33
7812,700,limousine,manual,102,3er,150000,petrol,bmw,no,20.67
7814,10800,limousine,automatic,233,a6,150000,diesel,audi,no,12.0
7815,500,small car,manual,60,clio,150000,petrol,renault,no,21.25
7816,4900,station wagon,manual,170,5er,150000,petrol,bmw,no,16.17
7818,2150,small car,manual,75,clio,150000,petrol,renault,no,16.58
7819,1799,station wagon,manual,75,fabia,125000,diesel,skoda,yes,13.75
7822,15800,suv,manual,177,x_reihe,125000,diesel,bmw,no,10.17
7823,7250,station wagon,automatic,240,e_klasse,150000,diesel,mercedes_benz,no,12.25
7824,5290,small car,automatic,71,fortwo,60000,petrol,smart,no,9.67
7825,2600,bus,manual,102,vito,150000,diesel,mercedes_benz,no,15.33
7827,2500,small car,manual,75,polo,150000,diesel,volkswagen,no,14.08
7828,15300,cabrio,manual,105,golf,40000,petrol,volkswagen,no,6.17
7829,1150,station wagon,manual,150,5er,150000,petrol,bmw,no,19.5
7830,12999,station wagon,automatic,190,a6,150000,diesel,audi,no,8.83
7831,13990,station wagon,manual,132,avensis,70000,petrol,toyota,no,5.25
7832,8000,limousine,manual,136,4_reihe,125000,diesel,peugeot,yes,10.83
7833,5500,station wagon,automatic,250,others,150000,petrol,saab,no,16.42
7834,1149,small car,manual,75,corsa,5000,petrol,opel,no,16.67
7835,6950,limousine,manual,102,golf,30000,petrol,volkswagen,no,14.0
7836,3199,limousine,automatic,143,3er,150000,petrol,bmw,no,16.75
7837,1150,small car,manual,50,fiesta,80000,petrol,ford,no,21.0
7838,12500,suv,automatic,271,others,150000,lpg,chevrolet,no,18.0
7839,6500,suv,automatic,313,touareg,150000,diesel,volkswagen,no,14.17
7841,4300,limousine,manual,113,megane,125000,lpg,renault,no,15.17
7842,9500,limousine,manual,80,golf,60000,petrol,volkswagen,no,8.92
7843,1800,small car,automatic,75,golf,150000,petrol,volkswagen,no,20.25
7844,4400,bus,manual,105,touran,150000,diesel,volkswagen,no,12.42
7845,12000,cabrio,manual,211,cooper,50000,petrol,mini,no,12.33
7846,549,limousine,manual,116,90,150000,petrol,audi,no,28.25
7847,700,limousine,manual,82,golf,125000,petrol,volkswagen,no,21.08
7848,7250,limousine,manual,116,1er,150000,diesel,bmw,no,8.5
7850,900,small car,manual,65,clio,150000,diesel,renault,yes,15.33
7851,800,bus,manual,147,zafira,150000,petrol,opel,yes,15.33
7853,31200,station wagon,automatic,204,a6,125000,diesel,audi,no,6.25
7855,16850,bus,automatic,204,viano,150000,diesel,mercedes_benz,no,11.75
7856,5600,limousine,manual,116,a_klasse,100000,petrol,mercedes_benz,yes,12.83
7857,600,limousine,manual,100,a4,150000,petrol,audi,no,23.42
7858,2950,small car,manual,95,others,125000,petrol,fiat,no,13.0
7859,4555,limousine,manual,220,a4,150000,petrol,audi,no,20.0
7862,1200,limousine,manual,101,a4,150000,petrol,audi,no,21.33
7864,2600,cabrio,automatic,150,3er,150000,petrol,bmw,yes,24.0
7866,2800,station wagon,manual,109,3_reihe,150000,diesel,peugeot,no,13.75
7867,699,station wagon,manual,101,astra,150000,petrol,opel,no,20.17
7868,4500,suv,manual,124,others,125000,petrol,ford,no,15.25
7870,1300,suv,manual,98,others,150000,petrol,subaru,no,31.0
7874,4500,limousine,manual,122,1er,150000,diesel,bmw,no,13.42
7876,3000,bus,manual,75,transit,150000,diesel,ford,no,16.08
7877,5990,cabrio,manual,150,3er,150000,petrol,bmw,no,22.5
7878,990,limousine,automatic,150,galant,150000,petrol,mitsubishi,no,24.58
7879,9999,limousine,manual,102,1er,90000,petrol,bmw,no,7.0
7883,2500,limousine,manual,110,corolla,150000,petrol,toyota,no,17.0
7885,4350,bus,manual,88,transporter,150000,diesel,volkswagen,no,16.08
7886,19900,station wagon,manual,122,golf,30000,petrol,volkswagen,no,4.5
7887,1100,small car,manual,60,ibiza,150000,petrol,seat,no,18.58
7889,625,cabrio,manual,60,2_reihe,150000,petrol,peugeot,no,27.5
7891,4300,limousine,manual,116,3er,150000,diesel,bmw,no,15.5
7892,3500,station wagon,automatic,150,3er,150000,diesel,bmw,no,14.0
7894,4700,station wagon,manual,101,octavia,150000,petrol,skoda,yes,12.92
7896,3499,station wagon,automatic,143,e_klasse,150000,diesel,mercedes_benz,no,18.0
7897,3000,limousine,automatic,231,5er,150000,petrol,bmw,no,17.83
7899,599,limousine,manual,101,a4,150000,petrol,audi,yes,23.75
7900,6000,coupe,manual,230,astra,125000,petrol,opel,no,13.25
7903,2950,limousine,manual,188,7er,150000,petrol,bmw,no,26.58
7905,6499,cabrio,automatic,71,fortwo,70000,petrol,smart,no,11.83
7906,2990,small car,manual,67,fiesta,80000,petrol,ford,no,16.67
7908,1250,bus,manual,143,vito,150000,petrol,mercedes_benz,yes,19.92
7909,6200,bus,manual,140,touran,150000,diesel,volkswagen,no,12.83
7910,1350,small car,automatic,75,polo,100000,petrol,volkswagen,no,21.5
7911,15998,station wagon,automatic,224,c_klasse,150000,diesel,mercedes_benz,no,10.58
7912,1850,limousine,manual,116,vectra,90000,petrol,opel,no,21.42
7913,24400,station wagon,automatic,286,3er,100000,diesel,bmw,no,8.42
7914,3299,station wagon,manual,121,others,150000,diesel,chevrolet,no,11.33
7917,9999,small car,manual,87,others,30000,petrol,opel,no,5.42
7919,250,small car,manual,75,fiesta,150000,petrol,ford,yes,20.92
7920,21049,coupe,automatic,306,3er,125000,petrol,bmw,no,7.58
7921,8499,station wagon,automatic,122,golf,150000,petrol,volkswagen,no,9.08
7922,6650,bus,manual,150,zafira,150000,diesel,opel,yes,11.08
7923,3950,station wagon,manual,150,astra,150000,diesel,opel,no,11.08
7924,999,station wagon,manual,75,others,125000,petrol,fiat,no,17.83
7926,200,limousine,automatic,130,mondeo,150000,petrol,ford,yes,21.67
7927,4490,limousine,manual,155,accord,150000,petrol,honda,no,15.17
7930,2500,limousine,manual,101,bora,150000,petrol,volkswagen,no,19.75
7931,4900,cabrio,manual,90,golf,125000,petrol,volkswagen,no,22.33
7932,1900,small car,manual,50,fiesta,60000,petrol,ford,no,24.25
7933,4950,small car,manual,54,polo,80000,petrol,volkswagen,no,11.25
7934,9500,cabrio,manual,150,eos,90000,petrol,volkswagen,no,10.08
7935,29850,cabrio,automatic,211,a5,30000,petrol,audi,no,6.42
7937,2650,limousine,manual,165,a6,150000,petrol,audi,no,19.42
7938,6300,coupe,manual,150,astra,150000,diesel,opel,no,11.33
7940,2290,cabrio,manual,90,megane,150000,petrol,renault,no,22.0
7946,2399,limousine,manual,98,3_reihe,125000,petrol,mazda,no,15.25
7947,15498,cabrio,manual,163,slk,60000,petrol,mercedes_benz,no,12.83
7948,6500,bus,manual,140,golf,150000,diesel,volkswagen,no,13.0
7949,1100,limousine,manual,147,vectra,150000,petrol,opel,yes,15.33
7951,10499,bus,manual,140,touran,125000,petrol,volkswagen,no,9.92
7952,2190,bus,manual,77,doblo,150000,petrol,fiat,no,12.58
7955,4300,small car,automatic,45,fortwo,80000,diesel,smart,no,10.67
7956,1280,station wagon,manual,111,others,150000,petrol,volvo,no,27.42
7959,3650,limousine,manual,101,focus,100000,petrol,ford,no,13.42
7960,2250,limousine,manual,101,focus,150000,petrol,ford,no,16.17
7961,3900,bus,manual,102,transporter,150000,diesel,volkswagen,no,20.33
7963,2500,small car,manual,75,ibiza,150000,petrol,seat,no,15.75
7967,8890,suv,automatic,174,touareg,150000,diesel,volkswagen,no,13.25
7968,1950,station wagon,automatic,170,e_klasse,150000,petrol,mercedes_benz,no,18.75
7969,450,small car,manual,75,ibiza,125000,petrol,seat,yes,17.0
7970,3850,limousine,automatic,163,e_klasse,150000,petrol,mercedes_benz,no,17.67
7973,2299,small car,manual,73,c3,150000,petrol,citroen,no,13.42
7974,1750,small car,manual,54,seicento,70000,petrol,fiat,no,16.25
7975,1600,small car,manual,52,matiz,150000,petrol,chevrolet,no,11.42
7976,29000,limousine,automatic,245,3er,10000,petrol,bmw,no,3.25
7977,1000,cabrio,automatic,160,80,150000,petrol,audi,yes,20.42
7978,11500,bus,manual,160,altea,50000,petrol,seat,no,7.5
7979,650,limousine,manual,90,golf,150000,petrol,volkswagen,no,23.42
7980,749,limousine,manual,50,polo,150000,petrol,volkswagen,no,22.0
7981,5950,coupe,automatic,279,clk,150000,petrol,mercedes_benz,no,18.5
7982,6940,bus,manual,102,caddy,80000,petrol,volkswagen,no,10.25
7983,1300,coupe,automatic,218,clk,150000,petrol,mercedes_benz,no,20.42
7984,42000,coupe,manual,230,tt,30000,petrol,audi,no,3.08
7985,4500,suv,automatic,193,others,150000,petrol,chevrolet,no,20.0
7986,9490,bus,manual,90,i_reihe,40000,petrol,hyundai,no,7.67
7987,700,small car,manual,64,polo,125000,petrol,volkswagen,yes,16.25
7988,2300,station wagon,manual,101,golf,150000,diesel,volkswagen,no,17.0
7990,12900,bus,manual,140,sharan,150000,diesel,volkswagen,no,8.83
7991,500,small car,manual,60,2_reihe,150000,petrol,peugeot,yes,19.83
7992,4000,small car,manual,75,a2,150000,petrol,audi,no,17.25
7995,2499,station wagon,manual,101,passat,150000,diesel,volkswagen,no,14.92
7997,14790,station wagon,automatic,143,a4,150000,diesel,audi,no,8.08
7998,13900,limousine,manual,86,golf,20000,petrol,volkswagen,no,5.58
8000,1200,station wagon,manual,110,6_reihe,150000,diesel,mazda,no,17.25
8003,1231,small car,manual,58,clio,150000,petrol,renault,no,19.58
8004,10000,station wagon,manual,258,5er,150000,petrol,bmw,no,13.42
8005,1950,limousine,manual,75,golf,150000,petrol,volkswagen,no,18.5
8006,1800,bus,manual,75,berlingo,150000,petrol,citroen,yes,18.25
8009,1499,small car,manual,75,clio,150000,petrol,renault,no,15.58
8010,1250,small car,automatic,75,polo,150000,petrol,volkswagen,no,22.67
8011,1750,limousine,manual,95,3_reihe,125000,petrol,mazda,no,16.83
8014,24900,cabrio,manual,260,boxster,20000,petrol,porsche,no,15.58
8017,1800,limousine,manual,150,3er,150000,petrol,bmw,no,19.5
8019,10000,station wagon,automatic,145,vivaro,90000,diesel,opel,no,9.33
8020,2200,bus,manual,88,transporter,150000,diesel,volkswagen,no,22.25
8023,5890,limousine,manual,140,passat,150000,diesel,volkswagen,no,13.5
8024,3200,station wagon,manual,116,passat,150000,petrol,volkswagen,no,18.0
8026,2150,limousine,automatic,195,others,80000,petrol,nissan,no,20.0
8028,500,bus,manual,90,others,150000,diesel,fiat,no,19.83
8029,3800,limousine,manual,109,focus,150000,diesel,ford,no,11.42
8031,2000,coupe,manual,101,astra,150000,petrol,opel,no,19.83
8035,5199,station wagon,manual,131,a4,150000,diesel,audi,no,17.83
8037,2800,small car,manual,109,3_reihe,20000,diesel,peugeot,no,12.58
8038,4000,station wagon,automatic,232,a4,150000,diesel,audi,yes,12.5
8039,6850,small car,manual,90,fiesta,150000,diesel,ford,no,9.58
8040,5990,limousine,automatic,150,c_klasse,150000,diesel,mercedes_benz,no,11.17
8041,7290,small car,manual,82,fiesta,60000,petrol,ford,no,6.67
8042,350,bus,manual,132,others,150000,petrol,peugeot,yes,19.17
8043,8499,limousine,automatic,204,e_klasse,150000,diesel,mercedes_benz,no,13.5
8044,2500,small car,automatic,150,golf,150000,petrol,volkswagen,no,17.25
8045,1799,limousine,manual,109,3_reihe,150000,petrol,peugeot,no,13.17
8048,5700,cabrio,manual,150,tt,150000,petrol,audi,no,16.17
8049,500,limousine,manual,90,80,150000,petrol,audi,no,27.25
8050,14900,cabrio,automatic,218,clk,150000,petrol,mercedes_benz,no,13.25
8051,2250,small car,manual,110,2_reihe,150000,diesel,peugeot,no,13.25
8052,17900,limousine,manual,110,golf,40000,diesel,volkswagen,no,4.67
8054,1350,small car,manual,54,lupo,70000,petrol,volkswagen,no,20.83
8055,4250,limousine,manual,90,golf,70000,diesel,volkswagen,no,18.67
8056,1350,limousine,automatic,150,e_klasse,150000,petrol,mercedes_benz,no,21.25
8059,6300,limousine,manual,143,3er,150000,diesel,bmw,yes,10.33
8060,1400,station wagon,manual,110,a4,150000,diesel,audi,yes,19.75
8062,5490,limousine,manual,122,1er,150000,diesel,bmw,no,12.08
8063,999,small car,manual,50,lupo,150000,petrol,volkswagen,no,19.75
8064,6200,coupe,manual,150,3er,150000,diesel,bmw,no,14.5
8066,2499,bus,manual,103,others,80000,petrol,hyundai,no,12.5
8067,3400,station wagon,manual,69,caddy,150000,diesel,volkswagen,no,14.75
8068,10000,limousine,manual,150,3er,80000,petrol,bmw,no,12.58
8069,500,station wagon,manual,75,modus,150000,petrol,renault,yes,13.75
8070,35900,station wagon,automatic,258,5er,90000,diesel,bmw,no,7.5
8072,12750,coupe,manual,177,3er,125000,diesel,bmw,no,11.58
8074,4395,small car,manual,105,ibiza,150000,diesel,seat,no,8.83
8075,5300,small car,manual,82,fiesta,80000,petrol,ford,no,9.17
8076,11800,limousine,manual,122,1er,10000,petrol,bmw,no,8.25
8078,13999,bus,automatic,209,others,100000,petrol,ford,no,25.5
8079,24900,station wagon,manual,204,a6,150000,diesel,audi,no,7.0
8080,5990,limousine,manual,140,superb,150000,diesel,skoda,no,11.08
8081,40500,limousine,automatic,306,x_reihe,80000,diesel,bmw,no,5.58
8085,12999,station wagon,manual,105,caddy,150000,diesel,volkswagen,no,11.92
8086,19500,cabrio,automatic,326,others,100000,petrol,mercedes_benz,no,26.58
8089,5500,limousine,automatic,177,e_klasse,150000,diesel,mercedes_benz,no,16.42
8090,8875,cabrio,manual,231,3er,150000,petrol,bmw,no,17.33
8091,1200,limousine,automatic,95,e_klasse,150000,diesel,mercedes_benz,no,22.25
8093,5900,small car,manual,69,yaris,60000,petrol,toyota,no,9.5
8094,8650,limousine,manual,110,golf,150000,diesel,volkswagen,no,9.17
8096,8200,coupe,automatic,218,crossfire,150000,petrol,chrysler,no,14.67
8101,5600,limousine,manual,131,passat,150000,diesel,volkswagen,no,13.67
8102,15999,cabrio,manual,231,z_reihe,80000,petrol,bmw,no,15.42
8103,3750,small car,manual,101,polo,150000,petrol,volkswagen,no,13.58
8104,19000,limousine,automatic,231,c_klasse,30000,petrol,mercedes_benz,no,8.83
8106,350,small car,manual,60,ka,150000,petrol,ford,no,18.33
8107,9050,limousine,manual,160,golf,80000,petrol,volkswagen,no,9.5
8108,5975,station wagon,manual,136,v50,150000,diesel,volvo,no,11.67
8110,25990,cabrio,automatic,333,others,150000,petrol,audi,no,9.92
8111,5500,limousine,manual,150,3_reihe,125000,petrol,mazda,no,11.75
8112,2500,station wagon,manual,109,focus,150000,diesel,ford,no,12.75
8113,4099,small car,manual,75,polo,125000,petrol,volkswagen,no,12.25
8114,399,cabrio,manual,70,astra,150000,petrol,opel,no,23.25
8116,27899,limousine,manual,420,others,150000,petrol,audi,no,12.25
8119,3500,limousine,manual,131,passat,150000,petrol,volkswagen,no,15.08
8120,6490,limousine,manual,92,swift,40000,petrol,suzuki,no,8.42
8122,1850,small car,manual,80,fiesta,150000,petrol,ford,no,15.08
8124,900,cabrio,manual,75,astra,150000,petrol,opel,no,21.83
8125,1100,station wagon,manual,75,astra,150000,petrol,opel,yes,20.67
8127,26500,station wagon,manual,420,others,125000,petrol,audi,yes,11.0
8129,13100,bus,manual,147,verso,60000,petrol,toyota,no,10.0
8130,1349,limousine,automatic,101,a3,150000,petrol,audi,no,20.33
8131,500,station wagon,automatic,131,omega,150000,diesel,opel,no,18.75
8134,250,station wagon,manual,122,v40,150000,petrol,volvo,no,19.58
8135,5800,small car,manual,80,corsa,40000,petrol,opel,no,9.92
8136,9000,small car,manual,87,corsa,40000,petrol,opel,no,5.42
8137,9900,small car,manual,84,others,20000,petrol,mazda,no,6.33
8138,1690,small car,manual,75,corsa,30000,diesel,opel,no,17.5
8140,5450,station wagon,automatic,140,passat,150000,diesel,volkswagen,no,11.25
8142,200,small car,manual,60,golf,150000,petrol,volkswagen,no,25.17
8145,800,station wagon,manual,103,others,150000,petrol,fiat,no,20.58
8147,5990,station wagon,automatic,109,1_reihe,50000,petrol,peugeot,no,11.67
8148,5250,small car,manual,69,ka,5000,petrol,ford,yes,3.42
8149,3555,suv,automatic,190,m_klasse,150000,diesel,mercedes_benz,no,16.67
8152,20200,suv,automatic,177,x_reihe,60000,diesel,bmw,no,8.08
8153,4850,small car,manual,73,2_reihe,80000,petrol,peugeot,no,8.5
8154,11900,small car,manual,122,cooper,125000,petrol,mini,no,6.67
8155,2500,bus,manual,75,transporter,150000,diesel,volkswagen,no,21.92
8156,7900,small car,manual,75,polo,125000,diesel,volkswagen,no,7.25
8157,650,limousine,manual,60,astra,100000,petrol,opel,no,25.25
8159,4899,bus,manual,105,roomster,150000,petrol,skoda,no,12.0
8161,7200,bus,automatic,120,zafira,125000,diesel,opel,no,13.0
8165,16990,suv,manual,122,tiguan,10000,petrol,volkswagen,no,7.67
8167,750,limousine,manual,75,golf,150000,petrol,volkswagen,yes,19.42
8171,3350,cabrio,manual,90,tigra,90000,petrol,opel,no,13.5
8173,4000,limousine,manual,220,golf,150000,petrol,volkswagen,no,19.5
8174,7500,cabrio,automatic,170,3er,125000,petrol,bmw,no,18.25
8175,7700,limousine,automatic,163,e_klasse,150000,cng,mercedes_benz,no,13.92
8176,4000,small car,manual,75,2_reihe,80000,petrol,peugeot,no,9.92
8178,4500,limousine,manual,136,touran,150000,diesel,volkswagen,no,14.0
8179,550,small car,manual,58,corsa,150000,petrol,opel,yes,17.42
8182,3950,coupe,automatic,170,3er,150000,petrol,bmw,no,18.42
8183,1000,small car,manual,60,seicento,80000,petrol,fiat,no,16.58
8184,5499,small car,manual,69,others,50000,petrol,fiat,no,6.42
8185,8499,limousine,manual,105,golf,100000,diesel,volkswagen,no,6.08
8186,3998,small car,manual,65,others,90000,petrol,fiat,no,9.33
8187,170,small car,manual,75,fiesta,125000,petrol,ford,no,22.83
8190,7500,small car,manual,60,polo,20000,petrol,volkswagen,no,6.08
8192,1200,station wagon,manual,200,v40,150000,petrol,volvo,no,18.42
8193,1450,small car,manual,65,corsa,80000,petrol,opel,no,19.17
8195,5000,limousine,automatic,190,e_klasse,150000,diesel,mercedes_benz,no,13.75
8196,4999,small car,manual,63,others,80000,petrol,rover,no,20.58
8198,1500,small car,manual,69,corsa,150000,diesel,opel,yes,13.33
8200,1795,cabrio,manual,109,2_reihe,150000,petrol,peugeot,no,15.58
8201,12500,limousine,automatic,179,a6,150000,diesel,audi,no,12.25
8202,63500,suv,automatic,245,cayenne,40000,diesel,porsche,no,4.5
8203,2999,limousine,manual,129,avensis,150000,petrol,toyota,no,16.42
8204,4400,station wagon,manual,116,focus,150000,petrol,ford,no,13.42
8205,2100,suv,automatic,125,pajero,150000,diesel,mitsubishi,no,23.67
8206,1550,limousine,manual,150,passat,150000,petrol,volkswagen,yes,18.58
8207,14500,cabrio,automatic,163,slk,70000,petrol,mercedes_benz,no,13.5
8209,27750,limousine,manual,179,a3,20000,petrol,audi,no,3.17
8211,1850,limousine,manual,122,vectra,150000,petrol,opel,no,16.5
8212,11499,suv,automatic,340,cayenne,150000,petrol,porsche,no,15.42
8213,14000,limousine,manual,110,megane,30000,diesel,renault,no,4.58
8216,7499,limousine,automatic,150,e_klasse,150000,diesel,mercedes_benz,no,13.5
8217,29900,cabrio,automatic,360,slk,50000,petrol,mercedes_benz,no,13.58
8218,10000,limousine,manual,200,golf,125000,petrol,volkswagen,no,12.58
8219,1450,small car,manual,60,ka,125000,petrol,ford,no,18.5
8221,8100,small car,manual,86,ibiza,60000,petrol,seat,no,8.0
8222,1099,small car,manual,75,ibiza,125000,petrol,seat,no,19.58
8226,5500,station wagon,manual,265,a6,150000,petrol,audi,no,23.25
8227,2899,bus,manual,125,zafira,150000,petrol,opel,no,14.5
8228,2499,suv,manual,136,others,150000,petrol,opel,no,23.83
8229,11750,limousine,manual,105,golf,50000,petrol,volkswagen,no,7.33
8232,4950,station wagon,manual,109,i_reihe,150000,petrol,hyundai,no,9.75
8233,4200,small car,manual,65,others,80000,petrol,fiat,no,9.33
8235,2600,limousine,manual,150,toledo,150000,petrol,seat,no,19.0
8236,2999,station wagon,manual,131,passat,150000,diesel,volkswagen,no,16.25
8239,6500,limousine,manual,143,1er,100000,petrol,bmw,no,11.42
8240,7750,coupe,manual,231,rx_reihe,125000,petrol,mazda,no,9.58
8242,4500,coupe,automatic,193,3er,125000,petrol,bmw,no,22.5
8243,8999,station wagon,manual,177,avensis,125000,diesel,toyota,no,10.0
8244,3299,limousine,manual,131,a4,150000,petrol,audi,no,17.5
8247,3000,limousine,manual,150,3er,150000,petrol,bmw,yes,13.83
8248,14750,small car,manual,85,golf,20000,petrol,volkswagen,yes,4.33
8249,3000,station wagon,manual,113,megane,150000,petrol,renault,no,14.17
8250,800,small car,manual,58,twingo,90000,petrol,renault,no,19.58
8251,25900,station wagon,automatic,184,octavia,30000,diesel,skoda,no,3.5
8253,1999,station wagon,automatic,170,5er,150000,petrol,bmw,no,19.17
8254,300,small car,manual,60,corsa,150000,petrol,opel,yes,26.0
8255,27500,suv,manual,150,range_rover_evoque,125000,diesel,land_rover,no,8.0
8259,2250,limousine,manual,98,3_reihe,100000,petrol,mazda,no,17.42
8260,2250,cabrio,manual,75,golf,125000,petrol,volkswagen,no,23.58
8261,3350,bus,manual,101,vivaro,150000,diesel,opel,no,15.25
8262,6500,station wagon,automatic,140,a3,150000,diesel,audi,no,13.92
8267,6250,small car,manual,68,others,30000,petrol,toyota,no,9.42
8268,18888,station wagon,manual,240,a4,100000,diesel,audi,no,10.75
8269,12950,coupe,manual,306,3er,150000,petrol,bmw,no,13.0
8271,1144,limousine,manual,98,3_reihe,150000,petrol,mazda,no,17.67
8273,3800,limousine,automatic,306,s_klasse,150000,petrol,mercedes_benz,no,19.75
8275,39800,cabrio,automatic,333,others,40000,petrol,audi,no,6.08
8276,3590,cabrio,automatic,116,golf,125000,petrol,volkswagen,no,24.58
8277,4500,small car,manual,75,golf,150000,petrol,volkswagen,no,13.17
8278,799,small car,manual,60,punto,150000,petrol,fiat,no,16.33
8279,3300,limousine,manual,101,astra,150000,diesel,opel,no,14.58
8280,2190,bus,manual,75,doblo,125000,petrol,fiat,yes,12.08
8281,16900,small car,automatic,136,auris,50000,hybrid,toyota,no,5.92
8283,1300,small car,manual,54,corsa,150000,petrol,opel,no,18.33
8284,1400,station wagon,manual,165,a4,150000,petrol,audi,yes,18.17
8285,2200,small car,automatic,75,corsa,125000,petrol,opel,no,15.25
8286,2800,limousine,manual,136,c_klasse,125000,petrol,mercedes_benz,no,18.75
8288,17000,bus,automatic,140,galaxy,60000,diesel,ford,no,6.33
8289,3100,limousine,manual,110,leon,150000,diesel,seat,no,14.25
8290,21999,suv,automatic,224,m_klasse,150000,diesel,mercedes_benz,no,9.17
8291,11400,station wagon,manual,156,3_reihe,60000,petrol,peugeot,no,7.75
8292,1500,small car,manual,56,corsa,150000,petrol,opel,no,19.42
8293,1199,small car,manual,60,twingo,150000,petrol,renault,no,18.42
8294,3200,station wagon,automatic,175,a6,150000,diesel,audi,yes,16.67
8295,2200,station wagon,manual,110,golf,150000,diesel,volkswagen,no,16.33
8296,1500,limousine,manual,179,a3,150000,petrol,audi,no,19.33
8297,4500,limousine,manual,105,golf,150000,diesel,volkswagen,no,13.67
8298,4250,station wagon,automatic,120,c_klasse,125000,petrol,mercedes_benz,no,17.83
8300,1499,limousine,manual,170,5er,150000,petrol,bmw,no,22.92
8303,3000,small car,manual,59,others,60000,petrol,mini,yes,22.58
8304,30490,station wagon,manual,122,others,5000,petrol,mercedes_benz,no,3.83
8305,3000,station wagon,manual,94,others,70000,petrol,suzuki,no,15.0
8306,7150,station wagon,manual,126,others,50000,petrol,kia,no,8.83
8307,1600,station wagon,manual,101,a4,150000,petrol,audi,yes,19.67
8310,42996,cabrio,automatic,320,911,100000,petrol,porsche,no,14.5
8311,1899,limousine,manual,136,e_klasse,150000,lpg,mercedes_benz,no,20.83
8312,6950,bus,manual,131,transporter,150000,diesel,volkswagen,no,12.0
8313,6300,limousine,automatic,306,s_klasse,150000,petrol,mercedes_benz,no,19.42
8314,500,small car,manual,105,stilo,150000,petrol,fiat,yes,15.17
8315,8500,limousine,manual,105,golf,100000,diesel,volkswagen,no,11.17
8316,2700,coupe,automatic,163,c_klasse,150000,petrol,mercedes_benz,no,17.33
8317,9999,station wagon,manual,140,passat,150000,diesel,volkswagen,no,10.08
8318,500,small car,manual,65,corsa,150000,petrol,opel,no,18.17
8319,6800,limousine,manual,120,others,125000,diesel,suzuki,no,9.42
8321,2000,limousine,manual,75,golf,150000,petrol,volkswagen,no,18.33
8323,23390,limousine,automatic,231,e_klasse,150000,diesel,mercedes_benz,no,8.0
8324,18990,bus,manual,131,others,50000,diesel,opel,no,5.42
8325,2000,bus,manual,125,zafira,150000,petrol,opel,no,16.67
8326,35900,cabrio,automatic,193,sl,50000,petrol,mercedes_benz,no,23.75
8330,9950,limousine,manual,177,5er,150000,diesel,bmw,no,11.08
8331,1600,limousine,manual,105,3er,150000,petrol,bmw,no,19.58
8332,7450,limousine,manual,109,b_klasse,125000,diesel,mercedes_benz,no,11.42
8333,13300,limousine,automatic,177,3er,125000,diesel,bmw,no,9.92
8334,6700,station wagon,manual,170,passat,150000,diesel,volkswagen,no,11.08
8335,2199,others,manual,179,a6,150000,diesel,audi,no,15.42
8336,1350,station wagon,manual,125,a6,150000,petrol,audi,no,22.75
8337,5900,bus,manual,85,transit,150000,diesel,ford,no,11.0
8339,8350,limousine,automatic,232,a8,150000,diesel,audi,no,13.17
8340,8800,station wagon,manual,140,v70,150000,petrol,volvo,no,10.08
8342,41500,cabrio,automatic,190,others,20000,diesel,bmw,no,3.33
8343,1200,limousine,manual,75,almera,150000,petrol,nissan,no,18.08
8346,28200,suv,automatic,177,tiguan,70000,diesel,volkswagen,no,5.75
8348,24500,cabrio,automatic,184,3er,90000,diesel,bmw,no,7.08
8350,7800,cabrio,manual,120,2_reihe,70000,petrol,peugeot,no,9.67
8353,6900,small car,manual,75,up,70000,petrol,volkswagen,no,6.33
8354,999,station wagon,automatic,131,omega,150000,diesel,opel,no,18.5
8355,6990,bus,automatic,140,touran,150000,diesel,volkswagen,no,13.42
8356,800,small car,manual,58,twingo,150000,petrol,renault,no,19.42
8358,7000,bus,manual,136,others,150000,diesel,fiat,no,7.08
8360,890,small car,manual,60,punto,150000,petrol,fiat,no,18.5
8361,6200,suv,automatic,347,m_klasse,150000,petrol,mercedes_benz,no,15.17
8362,4400,limousine,automatic,256,a6,150000,petrol,audi,yes,10.67
8363,5200,limousine,manual,170,golf,150000,petrol,volkswagen,no,12.83
8365,1680,small car,manual,58,corsa,150000,petrol,opel,no,15.08
8366,4999,cabrio,manual,118,z_reihe,150000,petrol,bmw,no,18.58
8368,7190,station wagon,manual,143,3er,150000,diesel,bmw,no,11.75
8370,4900,cabrio,manual,140,z_reihe,150000,petrol,bmw,no,21.58
8371,2000,coupe,manual,147,astra,150000,petrol,opel,no,17.5
8373,17900,coupe,manual,169,golf,20000,petrol,volkswagen,no,35.5
8374,1500,limousine,manual,150,others,150000,petrol,mercedes_benz,no,25.25
8375,1200,small car,manual,50,polo,150000,petrol,volkswagen,no,17.17
8376,5390,limousine,manual,179,golf,150000,petrol,volkswagen,no,15.42
8378,768,limousine,manual,75,megane,150000,petrol,renault,no,19.25
8380,4500,bus,manual,102,transporter,150000,diesel,volkswagen,no,22.92
8381,11399,bus,manual,140,touran,150000,diesel,volkswagen,no,8.83
8382,6800,station wagon,automatic,140,golf,150000,diesel,volkswagen,no,11.58
8383,1600,small car,manual,58,agila,150000,petrol,opel,no,14.42
8384,850,small car,manual,60,ka,150000,petrol,ford,no,20.0
8385,2990,coupe,manual,125,astra,150000,lpg,opel,no,15.58
8387,750,small car,manual,75,fiesta,125000,petrol,ford,no,19.5
8389,750,limousine,manual,75,megane,150000,petrol,renault,no,21.67
8390,940,small car,manual,58,corsa,150000,petrol,opel,yes,16.5
8391,500,limousine,manual,99,carisma,150000,petrol,mitsubishi,yes,20.58
8392,1950,station wagon,manual,136,3er,150000,petrol,bmw,no,17.0
8393,2800,small car,manual,105,golf,90000,petrol,volkswagen,no,20.0
8394,5490,small car,manual,69,panda,30000,petrol,fiat,no,7.17
8395,3800,limousine,manual,108,a_klasse,150000,diesel,mercedes_benz,yes,10.08
8396,7800,station wagon,manual,86,ibiza,40000,petrol,seat,no,7.25
8400,15450,station wagon,manual,174,transporter,150000,diesel,volkswagen,no,11.33
8401,2400,small car,manual,75,polo,150000,petrol,volkswagen,no,15.83
8402,10500,bus,manual,128,others,70000,diesel,kia,no,7.25
8404,4990,cabrio,manual,147,astra,150000,petrol,opel,no,17.58
8406,2100,small car,manual,101,astra,5000,petrol,opel,no,16.33
8407,2990,limousine,manual,105,147,150000,petrol,alfa_romeo,no,12.5
8408,1199,limousine,manual,90,3_reihe,150000,diesel,peugeot,no,17.67
8411,1350,bus,manual,110,sharan,150000,diesel,volkswagen,no,20.0
8412,750,station wagon,manual,90,3_reihe,150000,diesel,peugeot,no,18.0
8414,7100,small car,manual,60,polo,60000,petrol,volkswagen,no,7.67
8415,12850,limousine,automatic,105,terios,60000,petrol,daihatsu,no,10.17
8416,9490,limousine,manual,258,3er,150000,lpg,bmw,no,13.25
8417,5500,small car,automatic,78,punto,20000,petrol,fiat,no,8.42
8418,4990,small car,manual,80,polo,125000,petrol,volkswagen,no,12.83
8419,4500,bus,manual,88,transporter,150000,diesel,volkswagen,no,19.0
8423,1550,small car,manual,75,golf,150000,petrol,volkswagen,no,18.08
8424,1150,station wagon,manual,155,a6,150000,diesel,audi,yes,16.0
8427,850,small car,manual,50,lupo,150000,petrol,volkswagen,yes,16.0
8428,16000,limousine,automatic,272,5er,150000,petrol,bmw,no,11.58
8430,19450,limousine,automatic,122,golf,40000,petrol,volkswagen,no,5.58
8431,1500,others,manual,101,astra,150000,petrol,opel,no,17.33
8432,14900,bus,manual,150,transporter,150000,diesel,volkswagen,no,18.92
8433,2950,cabrio,manual,101,golf,150000,petrol,volkswagen,no,20.92
8434,27500,coupe,automatic,306,3er,70000,petrol,bmw,no,5.5
8435,2299,limousine,manual,122,3er,150000,diesel,bmw,no,18.0
8436,7200,small car,manual,60,fabia,40000,petrol,skoda,no,6.83
8437,2990,small car,automatic,61,fortwo,100000,petrol,smart,no,12.5
8438,3299,limousine,automatic,147,vectra,150000,petrol,opel,no,17.0
8439,18000,limousine,automatic,245,7er,60000,diesel,bmw,no,8.92
8443,5500,limousine,automatic,279,e_klasse,150000,petrol,mercedes_benz,no,19.58
8444,1500,station wagon,manual,139,laguna,90000,petrol,renault,no,17.25
8445,2199,limousine,automatic,150,3er,150000,petrol,bmw,no,27.33
8446,4250,limousine,manual,95,a_klasse,150000,petrol,mercedes_benz,no,13.25
8447,1500,station wagon,manual,84,astra,150000,petrol,opel,no,16.58
8448,10900,others,manual,110,sprinter,150000,diesel,mercedes_benz,no,10.67
8449,800,limousine,manual,103,others,90000,petrol,fiat,no,20.33
8453,2899,coupe,manual,179,tt,150000,petrol,audi,no,20.92
8454,6500,limousine,manual,192,3er,150000,petrol,bmw,no,17.58
8455,1000,station wagon,manual,116,v40,150000,petrol,volvo,no,20.33
8456,8000,station wagon,manual,140,passat,150000,diesel,volkswagen,no,12.08
8459,3500,limousine,automatic,150,e_klasse,30000,lpg,mercedes_benz,no,24.25
8461,4499,station wagon,manual,69,fabia,150000,diesel,skoda,no,12.0
8463,6500,limousine,automatic,170,5er,150000,petrol,bmw,no,15.83
8464,950,limousine,manual,90,6_reihe,150000,petrol,mazda,no,21.0
8465,5890,limousine,manual,116,1er,150000,petrol,bmw,no,14.75
8467,6940,limousine,manual,102,a3,150000,petrol,audi,no,10.33
8471,7000,station wagon,manual,84,logan,80000,petrol,dacia,no,6.25
8472,7999,cabrio,manual,150,2_reihe,50000,petrol,peugeot,no,11.25
8474,19700,bus,manual,140,sharan,90000,diesel,volkswagen,no,7.33
8475,2900,small car,manual,69,fiesta,100000,petrol,ford,no,13.75
8476,5490,small car,manual,150,fiesta,150000,petrol,ford,yes,13.42
8477,8300,limousine,automatic,116,i_reihe,80000,diesel,hyundai,no,8.92
8478,4999,limousine,manual,75,golf,150000,diesel,volkswagen,no,13.17
8479,400,small car,manual,90,golf,150000,petrol,volkswagen,yes,28.58
8480,8500,station wagon,manual,140,a4,125000,diesel,audi,no,11.42
8483,9399,small car,manual,120,cooper,90000,petrol,mini,no,10.75
8484,7850,suv,manual,129,grand,150000,diesel,suzuki,no,11.67
8485,3900,coupe,manual,105,golf,150000,diesel,volkswagen,yes,11.42
8486,2900,limousine,automatic,420,phaeton,150000,petrol,volkswagen,yes,14.92
8487,900,small car,manual,75,lupo,125000,petrol,volkswagen,no,20.0
8488,2900,bus,manual,156,others,150000,petrol,toyota,no,16.67
8489,1700,cabrio,automatic,110,2_reihe,150000,petrol,peugeot,yes,15.0
8491,13300,bus,manual,175,galaxy,125000,diesel,ford,no,9.75
8493,6450,small car,manual,80,polo,60000,petrol,volkswagen,no,9.5
8495,12200,suv,automatic,286,x_reihe,100000,diesel,bmw,no,11.0
8496,899,small car,manual,75,ibiza,150000,petrol,seat,yes,16.0
8497,12000,station wagon,automatic,217,3er,125000,petrol,bmw,no,12.25
8500,2100,limousine,manual,136,6_reihe,150000,diesel,mazda,no,15.25
8503,3800,others,manual,75,transit,150000,diesel,ford,no,13.0
8506,12200,limousine,automatic,231,e_klasse,60000,petrol,mercedes_benz,no,14.0
8508,399,small car,manual,39,seicento,150000,petrol,fiat,no,20.33
8512,4900,station wagon,manual,101,passat,150000,diesel,volkswagen,no,15.5
8513,24600,station wagon,manual,150,a4,40000,diesel,audi,no,4.25
8514,9450,small car,manual,85,polo,50000,petrol,volkswagen,no,7.42
8515,16000,bus,manual,114,transporter,80000,petrol,volkswagen,no,45.83
8517,650,small car,manual,60,golf,150000,petrol,volkswagen,no,22.75
8518,1190,small car,automatic,90,clio,80000,petrol,renault,yes,19.58
8519,5400,station wagon,automatic,140,a4,100000,diesel,audi,no,11.0
8520,6620,limousine,manual,131,a4,80000,petrol,audi,no,17.5
8524,1700,station wagon,manual,131,megane,150000,diesel,renault,no,12.08
8525,3650,station wagon,manual,116,passat,150000,petrol,volkswagen,no,15.5
8526,150,small car,automatic,60,1_reihe,150000,petrol,peugeot,no,24.0
8527,13990,station wagon,manual,160,insignia,90000,diesel,opel,no,7.5
8529,12800,cabrio,automatic,163,slk,100000,petrol,mercedes_benz,no,11.83
8530,2300,station wagon,manual,150,a4,150000,petrol,audi,no,18.58
8531,11950,station wagon,manual,105,a3,50000,diesel,audi,no,8.75
8532,5500,suv,automatic,250,cayenne,150000,lpg,porsche,yes,13.5
8533,1499,small car,manual,75,twingo,150000,petrol,renault,no,14.17
8534,2999,limousine,manual,170,5er,150000,petrol,bmw,no,20.5
8535,2000,limousine,manual,101,a4,150000,petrol,audi,no,23.0
8536,3250,limousine,automatic,105,3er,150000,petrol,bmw,no,18.33
8537,15900,cabrio,manual,232,others,100000,diesel,audi,no,12.5
8539,2950,bus,manual,120,others,150000,diesel,renault,no,14.92
8540,1650,limousine,manual,145,mondeo,125000,petrol,ford,yes,13.83
8542,950,limousine,manual,140,3er,125000,petrol,bmw,yes,23.33
8546,6500,cabrio,automatic,343,m_reihe,150000,petrol,bmw,no,15.75
8547,2800,limousine,manual,130,golf,150000,diesel,volkswagen,no,13.17
8549,6700,small car,automatic,106,golf,150000,diesel,volkswagen,no,12.92
8551,1299,station wagon,manual,116,passat,150000,diesel,volkswagen,no,19.75
8552,1399,limousine,manual,105,3er,150000,petrol,bmw,yes,18.25
8554,3600,small car,manual,68,1_reihe,60000,petrol,peugeot,no,9.5
8557,8999,limousine,manual,170,a3,150000,diesel,audi,no,11.5
8560,550,station wagon,manual,90,focus,150000,diesel,ford,no,15.67
8561,6999,cabrio,manual,170,3er,150000,petrol,bmw,no,15.25
8562,999,bus,manual,91,others,150000,diesel,mercedes_benz,yes,15.33
8565,8490,limousine,manual,143,1er,150000,diesel,bmw,no,11.0
8567,1690,limousine,manual,107,laguna,150000,petrol,renault,no,19.08
8568,2500,coupe,automatic,136,clk,150000,petrol,mercedes_benz,no,20.67
8569,3200,bus,manual,102,transporter,150000,diesel,volkswagen,no,19.92
8572,18800,limousine,automatic,204,e_klasse,125000,diesel,mercedes_benz,no,7.83
8573,3600,station wagon,automatic,101,focus,125000,petrol,ford,no,15.25
8574,9000,station wagon,automatic,143,exeo,80000,diesel,seat,no,6.83
8576,8450,limousine,automatic,184,x_reihe,150000,diesel,bmw,no,15.5
8582,11000,limousine,automatic,275,a8,150000,diesel,audi,no,13.58
8583,23000,coupe,automatic,190,a5,125000,diesel,audi,no,10.33
8584,19999,cabrio,manual,140,others,80000,diesel,audi,no,7.5
8585,8700,station wagon,automatic,250,others,125000,petrol,saab,no,11.17
8586,2000,bus,manual,122,vito,150000,diesel,mercedes_benz,no,15.17
8588,999,limousine,manual,75,golf,150000,petrol,volkswagen,no,19.58
8589,2999,small car,manual,101,corsa,150000,diesel,opel,no,14.08
8590,1599,small car,automatic,61,lupo,150000,diesel,volkswagen,yes,20.0
8591,10300,limousine,manual,122,1er,80000,petrol,bmw,no,9.08
8593,11900,limousine,manual,226,focus,150000,petrol,ford,no,9.75
8594,600,station wagon,manual,114,primera,150000,petrol,nissan,no,18.25
8595,3450,limousine,automatic,143,3er,150000,petrol,bmw,no,16.92
8596,7800,station wagon,manual,140,passat,100000,diesel,volkswagen,no,10.5
8597,350,bus,manual,114,espace,150000,petrol,renault,yes,20.42
8598,18800,bus,manual,163,others,80000,diesel,fiat,no,7.42
8602,1950,bus,manual,136,others,150000,diesel,mazda,yes,13.75
8603,23500,suv,automatic,235,x_reihe,100000,diesel,bmw,no,10.08
8604,1250,small car,manual,54,fortwo,125000,petrol,smart,no,19.08
8605,9500,station wagon,automatic,170,c_klasse,150000,diesel,mercedes_benz,no,10.67
8607,33400,limousine,automatic,184,x_reihe,40000,petrol,bmw,no,5.5
8608,8800,cabrio,manual,150,beetle,125000,petrol,volkswagen,no,14.5
8611,13900,station wagon,manual,110,i_reihe,40000,diesel,hyundai,no,4.33
8613,11500,limousine,manual,143,1er,50000,diesel,bmw,no,10.67
8614,7200,small car,manual,69,corsa,80000,petrol,opel,no,6.58
8615,200,small car,manual,50,corsa,125000,petrol,opel,no,26.17
8617,8200,cabrio,automatic,197,slk,125000,petrol,mercedes_benz,no,14.33
8619,1150,small car,manual,80,punto,150000,petrol,fiat,no,18.5
8622,6000,bus,manual,102,transporter,150000,diesel,volkswagen,no,19.25
8623,35500,station wagon,automatic,340,others,80000,petrol,audi,no,6.17
8624,2500,limousine,manual,60,lupo,150000,petrol,volkswagen,no,14.67
8628,3999,limousine,manual,102,passat,150000,lpg,volkswagen,no,15.33
8629,849,station wagon,manual,116,6_reihe,150000,petrol,mazda,no,18.42
8633,3600,small car,manual,80,fiesta,150000,petrol,ford,no,12.17
8636,2700,limousine,automatic,105,3er,125000,petrol,bmw,no,36.0
8637,550,small car,manual,58,clio,150000,petrol,renault,no,18.08
8638,29000,coupe,manual,300,911,70000,petrol,porsche,no,20.67
8642,2650,limousine,manual,118,3er,150000,petrol,bmw,no,18.83
8643,2999,limousine,manual,101,astra,90000,petrol,opel,no,19.0
8647,450,limousine,manual,116,3er,150000,petrol,bmw,no,22.33
8648,9999,small car,manual,75,ibiza,30000,diesel,seat,no,5.08
8649,13500,suv,manual,150,cr_reihe,70000,petrol,honda,no,9.25
8650,44300,coupe,manual,272,911,150000,petrol,porsche,no,23.58
8653,9400,limousine,manual,143,a4,150000,diesel,audi,no,12.0
8655,2000,small car,manual,101,others,150000,petrol,mazda,no,11.5
8656,5100,station wagon,manual,86,fabia,80000,petrol,skoda,no,9.58
8657,400,station wagon,manual,75,astra,150000,petrol,opel,no,21.08
8658,14000,suv,automatic,224,touareg,150000,diesel,volkswagen,no,11.83
8659,1699,small car,manual,60,corsa,125000,petrol,opel,no,13.58
8660,4400,others,manual,80,roomster,60000,diesel,skoda,no,11.75
8662,8990,small car,manual,86,corsa,20000,petrol,opel,no,5.33
8663,500,station wagon,automatic,116,astra,150000,petrol,opel,yes,22.17
8665,2250,limousine,manual,98,megane,125000,petrol,renault,no,15.33
8668,6980,limousine,manual,102,octavia,90000,petrol,skoda,no,9.33
8670,6700,small car,manual,60,fiesta,50000,petrol,ford,no,7.08
8671,12500,bus,manual,140,altea,60000,diesel,seat,no,6.25
8673,3299,station wagon,manual,143,3er,150000,petrol,bmw,no,16.67
8674,18999,suv,automatic,355,x_reihe,150000,petrol,bmw,no,11.67
8675,500,small car,manual,58,twingo,150000,petrol,renault,no,19.42
8677,3199,station wagon,manual,75,fabia,125000,petrol,skoda,no,13.75
8678,22000,bus,automatic,140,transporter,100000,diesel,volkswagen,no,5.17
8680,19000,cabrio,manual,122,cooper,20000,petrol,mini,no,5.42
8683,2170,bus,manual,110,sharan,150000,diesel,volkswagen,no,20.75
8684,17000,station wagon,automatic,143,a4,125000,diesel,audi,no,7.25
8685,450,station wagon,manual,147,ptcruiser,150000,petrol,chrysler,no,18.67
8686,2199,small car,manual,61,picanto,150000,petrol,kia,no,11.25
8687,13550,suv,automatic,224,others,150000,diesel,mercedes_benz,no,9.58
8688,900,station wagon,manual,90,golf,150000,petrol,volkswagen,no,21.67
8689,1600,coupe,manual,102,3er,150000,petrol,bmw,no,21.83
8690,3900,limousine,manual,60,golf,150000,diesel,volkswagen,no,27.17
8692,5700,station wagon,manual,140,a3,150000,diesel,audi,no,14.92
8693,1200,limousine,manual,102,3er,150000,petrol,bmw,no,21.0
8694,15500,coupe,automatic,198,3er,125000,diesel,bmw,no,10.33
8696,15000,station wagon,automatic,197,5er,100000,diesel,bmw,yes,10.83
8697,600,small car,manual,58,cuore,150000,petrol,daihatsu,no,16.42
8702,8999,bus,automatic,140,touran,150000,diesel,volkswagen,no,9.67
8707,14000,station wagon,manual,170,a3,125000,diesel,audi,no,10.67
8708,11500,small car,manual,72,one,70000,petrol,mini,no,8.58
8710,1400,coupe,manual,163,others,150000,petrol,mercedes_benz,no,17.25
8712,1600,small car,automatic,61,fortwo,150000,petrol,smart,no,15.92
8713,8300,limousine,manual,140,a4,150000,diesel,audi,no,13.0
8714,3790,coupe,manual,193,others,150000,petrol,chevrolet,no,18.25
8715,7300,bus,manual,109,caddy,150000,diesel,volkswagen,no,11.92
8716,9500,station wagon,automatic,310,a4,80000,diesel,audi,no,7.33
8717,950,station wagon,manual,115,focus,150000,petrol,ford,no,18.5
8718,2890,small car,manual,125,a_klasse,150000,petrol,mercedes_benz,no,15.08
8719,17999,coupe,automatic,286,3er,150000,diesel,bmw,no,11.92
8723,1600,station wagon,manual,131,mondeo,150000,diesel,ford,no,16.75
8728,4499,station wagon,manual,131,mondeo,150000,diesel,ford,no,12.5
8729,900,limousine,manual,150,a4,150000,petrol,audi,yes,18.42
8730,3200,bus,manual,88,note,150000,petrol,nissan,no,10.17
8732,1750,station wagon,manual,101,bora,150000,petrol,volkswagen,no,19.92
8733,9999,station wagon,manual,143,a4,150000,diesel,audi,no,9.17
8736,4950,bus,manual,103,note,125000,diesel,nissan,no,10.83
8737,7000,station wagon,manual,158,forester,150000,petrol,subaru,no,12.17
8738,10750,limousine,manual,116,1er,100000,diesel,bmw,no,8.42
8739,5800,bus,manual,116,sharan,150000,diesel,volkswagen,no,13.17
8740,3300,cabrio,manual,109,2_reihe,125000,petrol,peugeot,no,16.75
8741,2250,small car,manual,110,corolla,100000,petrol,toyota,no,19.0
8742,9999,limousine,manual,80,golf,80000,petrol,volkswagen,no,7.33
8744,3950,coupe,manual,90,others,150000,petrol,opel,yes,49.58
8745,100,limousine,manual,67,corsa,150000,diesel,opel,yes,19.33
8746,21900,station wagon,automatic,156,c_klasse,90000,petrol,mercedes_benz,no,6.42
8747,4200,small car,manual,80,fiesta,80000,petrol,ford,no,12.58
8750,16980,limousine,manual,150,x_reihe,10000,petrol,bmw,no,7.33
8751,45000,cabrio,automatic,313,6er,70000,diesel,bmw,no,7.83
8752,2650,bus,manual,77,transporter,150000,diesel,volkswagen,no,23.17
8756,26000,bus,manual,114,vivaro,20000,diesel,opel,no,3.58
8757,600,small car,manual,45,1_reihe,125000,petrol,peugeot,yes,23.92
8758,2000,suv,automatic,171,cherokee,150000,petrol,jeep,yes,29.17
8759,4500,station wagon,manual,131,mondeo,150000,diesel,ford,no,11.08
8763,1300,bus,manual,102,scenic,150000,diesel,renault,no,16.17
8764,350,small car,manual,75,golf,150000,petrol,volkswagen,no,21.33
8766,6790,suv,automatic,269,others,125000,petrol,nissan,yes,13.83
8769,12900,coupe,automatic,182,others,150000,petrol,mercedes_benz,no,36.5
8770,26500,station wagon,automatic,333,others,90000,petrol,audi,no,8.92
8771,32500,coupe,manual,184,tt,20000,diesel,audi,no,3.08
8772,42900,coupe,manual,320,911,70000,petrol,porsche,no,16.5
8773,2490,small car,manual,58,corsa,100000,petrol,opel,no,14.33
8776,1450,cabrio,manual,116,astra,150000,petrol,opel,no,21.83
8777,1350,small car,manual,60,polo,150000,petrol,volkswagen,no,20.5
8778,250,small car,manual,60,polo,150000,petrol,volkswagen,no,20.0
8779,6500,station wagon,manual,140,passat,150000,diesel,volkswagen,no,12.58
8780,3900,limousine,manual,170,c_klasse,150000,petrol,mercedes_benz,no,15.08
8781,13900,station wagon,automatic,235,5er,150000,diesel,bmw,no,10.17
8782,1950,small car,manual,75,polo,125000,petrol,volkswagen,no,20.0
8783,7444,cabrio,manual,120,2_reihe,50000,petrol,peugeot,no,10.67
8784,4000,cabrio,manual,109,2_reihe,100000,petrol,peugeot,no,14.5
8789,150,small car,manual,45,fiesta,80000,petrol,ford,yes,21.08
8790,4900,limousine,manual,120,astra,150000,diesel,opel,no,12.58
8791,1500,limousine,manual,101,astra,125000,petrol,opel,no,16.67
8793,4999,limousine,manual,116,3er,60000,petrol,bmw,no,15.83
8796,4150,cabrio,manual,109,2_reihe,125000,petrol,peugeot,no,12.33
8797,1650,small car,manual,60,punto,125000,petrol,fiat,no,18.0
8798,19800,suv,automatic,218,x_reihe,90000,diesel,bmw,no,12.58
8801,3190,station wagon,manual,136,v50,150000,diesel,volvo,no,14.67
8803,12500,limousine,manual,265,leon,125000,petrol,seat,no,8.42
8804,6300,limousine,automatic,192,5er,150000,petrol,bmw,no,14.83
8805,1490,station wagon,manual,133,100,150000,petrol,audi,no,26.25
8806,17500,station wagon,manual,163,others,90000,diesel,citroen,no,6.75
8807,5900,coupe,manual,163,4_reihe,70000,petrol,peugeot,no,13.0
8808,9400,suv,manual,258,cx_reihe,90000,petrol,mazda,no,11.83
8809,13750,bus,manual,105,touran,80000,diesel,volkswagen,no,8.75
8811,1600,small car,automatic,75,2_reihe,150000,petrol,peugeot,no,18.33
8812,7500,coupe,manual,150,tt,125000,petrol,audi,no,15.5
8813,2800,coupe,manual,116,others,150000,petrol,volkswagen,no,24.58
8814,21950,limousine,manual,150,golf,40000,diesel,volkswagen,no,4.25
8815,1350,limousine,automatic,90,vectra,90000,petrol,opel,no,25.75
8816,1200,bus,manual,125,zafira,150000,diesel,opel,no,16.42
8818,500,small car,manual,60,polo,150000,petrol,volkswagen,yes,22.25
8819,21900,limousine,manual,170,1er,40000,petrol,bmw,no,5.5
8820,3600,small car,manual,88,2_reihe,90000,petrol,peugeot,no,12.92
8821,18900,station wagon,manual,136,a4,70000,diesel,audi,no,5.25
8822,16499,limousine,manual,170,golf,90000,diesel,volkswagen,no,7.33
8824,950,bus,manual,80,transit,150000,diesel,ford,no,25.25
8826,1150,cabrio,manual,147,astra,150000,petrol,opel,yes,17.5
8827,1200,bus,manual,90,scenic,150000,petrol,renault,no,19.83
8829,1111,coupe,automatic,109,others,125000,petrol,honda,no,30.83
8830,5700,limousine,automatic,163,3er,150000,diesel,bmw,no,12.92
8831,3250,small car,manual,75,corsa,150000,diesel,opel,no,9.25
8834,4650,station wagon,automatic,116,octavia,150000,petrol,skoda,no,12.5
8835,13999,small car,manual,68,mii,20000,cng,seat,no,3.92
8839,1200,limousine,manual,75,golf,150000,petrol,volkswagen,no,20.92
8840,1200,limousine,manual,150,a4,150000,diesel,audi,no,19.5
8841,2600,station wagon,manual,116,passat,150000,diesel,volkswagen,no,19.83
8843,5800,small car,manual,60,ka,20000,petrol,ford,no,9.5
8845,899,limousine,manual,75,colt,150000,petrol,mitsubishi,no,22.67
8846,999,small car,manual,50,arosa,150000,petrol,seat,no,20.25
8847,5950,limousine,manual,116,astra,125000,petrol,opel,no,10.33
8850,7800,limousine,automatic,140,a_klasse,150000,diesel,mercedes_benz,no,6.92
8851,1199,small car,manual,58,twingo,125000,petrol,renault,no,14.33
8852,28000,limousine,manual,184,octavia,20000,diesel,skoda,no,3.17
8853,1900,limousine,manual,122,c_klasse,150000,petrol,mercedes_benz,no,19.5
8854,650,limousine,manual,140,others,150000,diesel,alfa_romeo,yes,17.67
8855,650,limousine,manual,75,golf,150000,petrol,volkswagen,no,19.25
8858,4499,small car,manual,54,polo,60000,petrol,volkswagen,no,13.83
8859,6400,small car,manual,75,twingo,40000,petrol,renault,no,6.33
8860,23500,station wagon,automatic,299,passat,90000,petrol,volkswagen,no,6.08
8862,550,limousine,automatic,115,others,150000,petrol,volvo,no,22.58
8863,2900,limousine,manual,132,others,100000,petrol,mercedes_benz,no,28.58
8864,450,station wagon,manual,70,astra,150000,petrol,opel,yes,21.0
8865,2800,small car,manual,69,ka,150000,petrol,ford,no,9.75
8867,10900,others,automatic,180,others,150000,petrol,chevrolet,no,39.0
8869,990,small car,manual,60,arosa,125000,petrol,seat,no,15.25
8870,5650,small car,automatic,61,fortwo,50000,petrol,smart,no,9.92
8871,10500,bus,automatic,140,touran,40000,diesel,volkswagen,no,5.42
8874,9999,small car,manual,200,1er,150000,diesel,bmw,no,10.67
8877,14700,suv,automatic,190,others,125000,diesel,mercedes_benz,no,12.0
8878,2600,cabrio,automatic,136,clk,150000,petrol,mercedes_benz,no,20.0
8879,1150,small car,manual,58,twingo,150000,petrol,renault,no,16.5
8881,10200,limousine,automatic,200,golf,125000,petrol,volkswagen,no,12.83
8882,5555,small car,manual,76,twingo,50000,petrol,renault,no,8.25
8883,7500,small car,manual,95,one,60000,petrol,mini,no,9.08
8884,8700,small car,manual,86,polo,40000,petrol,volkswagen,no,5.5
8885,4800,cabrio,manual,109,2_reihe,60000,petrol,peugeot,no,13.5
8887,2200,small car,manual,64,polo,150000,petrol,volkswagen,no,16.0
8892,1000,station wagon,manual,69,combo,150000,diesel,opel,yes,12.92
8894,16800,suv,manual,143,x_reihe,80000,diesel,bmw,no,8.33
8897,500,limousine,manual,75,colt,100000,petrol,mitsubishi,no,21.25
8898,4499,station wagon,automatic,140,octavia,150000,diesel,skoda,no,12.33
8899,7500,coupe,manual,192,rx_reihe,125000,petrol,mazda,no,14.75
8900,9400,station wagon,automatic,231,5er,150000,diesel,bmw,no,12.92
8901,34990,bus,automatic,140,transporter,70000,diesel,volkswagen,no,5.75
8907,4990,limousine,automatic,250,others,150000,petrol,saab,no,15.75
8909,2100,station wagon,manual,100,others,150000,diesel,renault,no,15.75
8910,9999,suv,automatic,150,captiva,80000,diesel,chevrolet,no,9.25
8911,10500,limousine,manual,101,megane,20000,petrol,renault,no,5.58
8912,3400,bus,manual,120,scenic,150000,diesel,renault,no,13.5
8915,9400,bus,manual,109,b_klasse,150000,diesel,mercedes_benz,no,8.33
8916,6499,limousine,manual,131,a4,150000,diesel,audi,no,14.58
8917,2750,station wagon,manual,121,ptcruiser,150000,diesel,chrysler,no,16.67
8918,999,station wagon,manual,101,passat,150000,petrol,volkswagen,no,20.25
8919,8500,station wagon,manual,140,a4,150000,diesel,audi,no,11.33
8921,4900,small car,manual,86,ibiza,150000,petrol,seat,no,9.17
8924,1600,small car,manual,75,corsa,150000,petrol,opel,no,15.42
8926,13333,bus,automatic,160,altea,60000,petrol,seat,no,7.67
8927,42900,station wagon,automatic,245,a4,30000,diesel,audi,no,3.42
8929,7950,station wagon,manual,86,fabia,30000,petrol,skoda,no,8.5
8931,6950,station wagon,manual,163,3er,150000,diesel,bmw,no,13.83
8932,1300,limousine,manual,129,5er,150000,petrol,bmw,no,28.33
8933,6100,small car,manual,82,fiesta,80000,petrol,ford,no,9.58
8935,1950,station wagon,automatic,90,golf,150000,diesel,volkswagen,no,18.5
8936,134900,coupe,manual,286,911,60000,petrol,porsche,no,21.58
8938,2900,station wagon,manual,143,c_klasse,150000,diesel,mercedes_benz,no,15.75
8939,27900,suv,automatic,140,tiguan,40000,diesel,volkswagen,no,5.25
8940,400,coupe,manual,90,megane,150000,petrol,renault,no,19.33
8941,5500,bus,manual,131,sharan,150000,diesel,volkswagen,no,13.33
8942,8887,small car,manual,60,fiesta,50000,lpg,ford,no,5.58
8943,7490,limousine,manual,143,1er,150000,diesel,bmw,no,10.33
8947,7950,bus,manual,140,s_max,150000,diesel,ford,no,10.08
8948,4250,station wagon,manual,101,focus,150000,petrol,ford,no,10.58
8949,6850,limousine,manual,72,others,150000,diesel,mercedes_benz,no,35.75
8950,2700,limousine,manual,136,c_max,150000,diesel,ford,no,14.92
8952,1000,small car,manual,75,fiesta,150000,petrol,ford,no,20.17
8953,2600,small car,manual,54,polo,100000,petrol,volkswagen,no,16.42
8954,1850,small car,manual,75,clio,150000,petrol,renault,no,15.33
8955,22990,cabrio,automatic,184,3er,80000,diesel,bmw,no,7.75
8957,1000,limousine,manual,140,megane,150000,petrol,renault,no,16.58
8959,900,station wagon,automatic,170,e_klasse,150000,diesel,mercedes_benz,yes,17.08
8960,1500,bus,manual,103,others,150000,petrol,hyundai,no,13.33
8962,7999,small car,manual,60,up,10000,petrol,volkswagen,no,5.33
8963,9199,small car,manual,75,up,10000,petrol,volkswagen,no,5.83
8964,6000,station wagon,manual,116,a3,150000,petrol,audi,no,13.0
8965,2700,limousine,manual,147,accord,150000,petrol,honda,no,20.92
8966,2499,limousine,manual,125,a3,125000,petrol,audi,yes,20.83
8967,4250,limousine,manual,105,astra,150000,petrol,opel,no,13.25
8968,1150,small car,manual,50,fiesta,125000,petrol,ford,no,22.67
8969,2200,limousine,automatic,193,5er,150000,petrol,bmw,no,21.17
8970,15500,small car,manual,86,a1,10000,petrol,audi,no,4.75
8971,2250,limousine,manual,68,3_reihe,150000,diesel,peugeot,no,13.17
8972,17000,limousine,manual,150,golf,80000,diesel,volkswagen,no,5.25
8973,3650,limousine,manual,75,corsa,150000,diesel,opel,no,11.58
8974,6099,small car,manual,95,others,125000,petrol,alfa_romeo,no,9.08
8977,1199,small car,automatic,54,micra,150000,petrol,nissan,no,24.5
8979,11999,limousine,manual,280,others,150000,petrol,mitsubishi,no,20.0
8980,2390,station wagon,automatic,75,fabia,125000,petrol,skoda,no,16.42
8981,5700,limousine,manual,129,avensis,80000,petrol,toyota,no,14.92
8982,799,limousine,manual,90,carisma,125000,petrol,mitsubishi,no,22.67
8983,7990,bus,automatic,140,touran,125000,diesel,volkswagen,no,13.67
8986,600,station wagon,manual,90,polo,150000,petrol,volkswagen,no,21.0
8989,4200,limousine,manual,96,swift,100000,petrol,suzuki,no,12.0
8990,4699,small car,manual,60,corsa,80000,petrol,opel,no,9.83
8991,6200,small car,manual,95,2_reihe,100000,petrol,peugeot,no,9.33
8992,18500,limousine,automatic,105,golf,50000,diesel,volkswagen,no,6.75
8993,750,others,manual,50,others,150000,diesel,volkswagen,yes,31.17
8994,3300,bus,manual,114,others,125000,diesel,opel,no,13.17
8995,5950,cabrio,manual,163,c_reihe,150000,petrol,volvo,no,18.08
8997,3000,small car,automatic,77,punto,150000,lpg,fiat,no,12.5
9002,699,small car,manual,45,corsa,150000,petrol,opel,no,21.42
9005,3099,small car,manual,60,corsa,70000,petrol,opel,yes,10.0
9006,1000,suv,automatic,204,others,150000,lpg,ford,yes,18.25
9007,12900,station wagon,manual,211,a4,90000,petrol,audi,no,9.83
9008,2000,cabrio,automatic,197,slk,150000,petrol,mercedes_benz,yes,16.08
9009,2999,bus,manual,110,note,150000,petrol,nissan,no,13.0
9010,3749,small car,manual,71,fortwo,125000,petrol,smart,no,11.33
9011,950,bus,manual,82,others,150000,diesel,hyundai,no,16.5
9012,12821,limousine,manual,117,others,30000,petrol,mitsubishi,no,5.25
9013,8500,limousine,manual,163,3er,150000,diesel,bmw,no,12.25
9014,750,station wagon,manual,102,3er,150000,petrol,bmw,yes,20.0
9015,7990,bus,automatic,140,s_max,150000,diesel,ford,no,10.92
9016,25000,coupe,automatic,231,e_klasse,125000,diesel,mercedes_benz,no,9.5
9019,4500,limousine,manual,116,3er,70000,petrol,bmw,no,15.67
9021,7999,bus,manual,140,transit,150000,diesel,ford,yes,7.33
9025,15499,limousine,manual,116,1er,60000,diesel,bmw,no,5.33
9027,3333,cabrio,automatic,61,fortwo,90000,petrol,smart,no,12.42
9028,11850,limousine,automatic,200,others,20000,petrol,nissan,no,20.67
9030,12590,coupe,manual,102,1er,70000,petrol,bmw,no,5.25
9031,350,others,manual,103,3er,150000,petrol,bmw,yes,23.17
9032,3000,limousine,manual,101,astra,150000,diesel,opel,no,12.75
9033,2499,station wagon,manual,120,6_reihe,150000,petrol,mazda,no,15.75
9034,3550,bus,manual,90,others,80000,diesel,peugeot,yes,7.67
9035,8990,station wagon,automatic,140,passat,150000,diesel,volkswagen,no,7.33
9036,6950,station wagon,automatic,170,3er,150000,diesel,bmw,no,13.92
9037,1999,bus,manual,107,scenic,150000,petrol,renault,no,17.0
9038,4500,small car,manual,69,yaris,125000,petrol,toyota,no,12.33
9039,2200,bus,manual,114,almera,125000,petrol,nissan,no,16.5
9041,999,small car,manual,75,golf,150000,petrol,volkswagen,no,24.0
9042,6999,station wagon,automatic,170,a3,150000,diesel,audi,no,13.0
9043,4499,limousine,manual,80,corsa,100000,petrol,opel,no,9.25
9045,9999,bus,manual,95,kangoo,40000,petrol,renault,no,15.67
9048,2150,small car,automatic,60,polo,125000,petrol,volkswagen,no,18.42
9049,1400,limousine,manual,101,a3,150000,petrol,audi,no,19.25
9050,1550,bus,manual,60,others,150000,petrol,mitsubishi,yes,15.17
9051,2900,small car,manual,69,aygo,125000,petrol,toyota,yes,12.83
9054,3990,limousine,manual,125,astra,150000,diesel,opel,no,10.25
9055,1100,cabrio,manual,95,ka,125000,lpg,ford,yes,15.0
9056,900,small car,manual,60,2_reihe,150000,petrol,peugeot,no,16.42
9057,3999,cabrio,manual,192,3er,150000,petrol,bmw,yes,15.67
9058,2200,cabrio,manual,116,3er,150000,petrol,bmw,no,21.42
9060,11999,station wagon,automatic,105,golf,150000,diesel,volkswagen,no,6.08
9061,2900,limousine,manual,116,3er,150000,diesel,bmw,no,15.58
9062,777,bus,manual,145,galaxy,150000,petrol,ford,yes,19.67
9063,2150,bus,manual,64,caddy,150000,diesel,volkswagen,no,18.67
9064,600,limousine,manual,150,100,150000,petrol,audi,yes,26.0
9066,4100,station wagon,manual,131,passat,150000,diesel,volkswagen,yes,17.83
9067,3850,limousine,manual,131,a4,150000,petrol,audi,no,16.33
9068,5790,cabrio,automatic,71,fortwo,50000,petrol,smart,no,10.83
9069,10890,station wagon,manual,232,a6,150000,diesel,audi,no,12.0
9072,6000,limousine,automatic,131,s60,125000,diesel,volvo,no,15.5
9073,199,coupe,manual,136,others,150000,petrol,ford,yes,23.58
9075,4500,small car,manual,86,a1,90000,petrol,audi,no,8.92
9077,3750,small car,manual,116,focus,150000,petrol,ford,no,13.92
9078,777,station wagon,manual,150,a6,150000,petrol,audi,no,23.58
9079,2700,limousine,manual,116,3er,150000,petrol,bmw,no,17.75
9082,3390,small car,manual,88,clio,150000,petrol,renault,no,12.33
9083,320,limousine,manual,131,others,150000,petrol,saab,no,19.42
9085,31950,limousine,automatic,170,q5,80000,diesel,audi,no,6.58
9087,888,small car,automatic,60,corsa,150000,petrol,opel,no,22.42
9089,3750,small car,automatic,61,fortwo,60000,petrol,smart,no,8.17
9090,8700,limousine,automatic,163,c_klasse,80000,petrol,mercedes_benz,no,12.83
9092,6300,limousine,manual,116,astra,150000,petrol,opel,no,11.92
9094,7999,station wagon,manual,163,3er,150000,diesel,bmw,no,14.0
9095,3000,station wagon,manual,109,others,125000,petrol,peugeot,no,15.83
9096,3790,limousine,manual,150,a3,150000,petrol,audi,no,19.42
9097,5000,limousine,manual,126,auris,50000,diesel,toyota,no,11.67
9099,5490,suv,manual,177,rav,150000,diesel,toyota,no,12.25
9100,500,small car,manual,60,corsa,150000,petrol,opel,no,24.33
9103,2399,cabrio,manual,131,others,125000,petrol,saab,no,21.0
9105,895,small car,manual,58,twingo,60000,petrol,renault,no,20.92
9107,1998,limousine,manual,105,3er,150000,petrol,bmw,no,18.17
9109,4400,bus,manual,102,transporter,150000,diesel,volkswagen,no,10.58
9110,14998,bus,manual,140,touran,70000,petrol,volkswagen,no,8.17
9111,2500,limousine,manual,116,astra,150000,petrol,opel,no,20.0
9113,16900,small car,manual,143,cooper,70000,diesel,mini,no,6.5
9114,12000,limousine,automatic,190,e_klasse,150000,diesel,mercedes_benz,no,11.08
9115,13900,cabrio,manual,171,3er,150000,petrol,bmw,yes,31.33
9117,5300,small car,manual,94,others,60000,petrol,suzuki,no,12.75
9118,1499,small car,automatic,54,fortwo,125000,petrol,smart,no,19.5
9119,699,small car,manual,50,fiesta,125000,petrol,ford,no,19.08
9121,7000,coupe,manual,122,c_klasse,60000,petrol,mercedes_benz,no,13.83
9122,500,small car,manual,75,polo,150000,petrol,volkswagen,no,27.67
9123,6800,bus,manual,120,others,150000,diesel,citroen,no,7.08
9124,3900,others,manual,88,modus,40000,petrol,renault,no,13.25
9125,3800,limousine,manual,170,3er,150000,petrol,bmw,no,19.83
9126,3800,suv,automatic,250,m_klasse,150000,diesel,mercedes_benz,no,15.5
9127,3999,limousine,manual,150,147,100000,diesel,alfa_romeo,no,11.33
9128,999,small car,manual,60,fiesta,70000,petrol,ford,no,17.17
9129,3850,small car,manual,90,corsa,80000,petrol,opel,no,17.42
9130,23799,limousine,automatic,239,a6,100000,diesel,audi,no,9.92
9132,7950,station wagon,automatic,232,a6,150000,diesel,audi,no,10.75
9135,13000,coupe,manual,143,others,90000,petrol,mercedes_benz,no,8.92
9137,799,limousine,manual,60,golf,150000,petrol,volkswagen,no,26.83
9138,899,station wagon,manual,90,a4,150000,diesel,audi,no,21.0
9139,14990,bus,manual,150,c_max,20000,petrol,ford,no,5.75
9141,4000,station wagon,manual,131,mondeo,150000,diesel,ford,no,11.25
9143,2395,limousine,manual,125,passat,150000,petrol,volkswagen,no,18.5
9144,200,coupe,manual,101,astra,150000,petrol,opel,no,20.58
9145,4777,station wagon,automatic,101,bora,150000,diesel,volkswagen,no,14.25
9146,7499,cabrio,manual,225,tt,150000,petrol,audi,no,17.33
9147,1399,bus,manual,75,kangoo,150000,petrol,renault,no,19.33
9148,3990,station wagon,manual,155,accord,150000,petrol,honda,yes,13.08
9151,9199,station wagon,manual,163,3er,150000,diesel,bmw,no,12.67
9152,13650,limousine,automatic,235,x_reihe,150000,diesel,bmw,no,11.67
9156,15200,station wagon,manual,140,passat,125000,diesel,volkswagen,no,6.25
9159,8200,station wagon,manual,140,a3,150000,diesel,audi,no,13.83
9160,10000,station wagon,manual,184,golf,60000,diesel,volkswagen,no,5.58
9162,1900,small car,manual,101,a3,150000,petrol,audi,no,20.17
9164,9999,bus,manual,102,transporter,150000,diesel,volkswagen,no,20.5
9165,12000,station wagon,manual,179,astra,70000,petrol,opel,no,9.0
9166,11490,limousine,automatic,95,a_klasse,60000,petrol,mercedes_benz,no,7.25
9169,7700,station wagon,manual,140,c5,125000,petrol,citroen,no,9.25
9170,3800,limousine,automatic,131,a4,150000,petrol,audi,no,17.25
9172,11499,bus,manual,111,c4,40000,diesel,citroen,no,9.0
9173,600,limousine,manual,125,carisma,150000,petrol,mitsubishi,no,19.25
9174,6000,cabrio,manual,192,3er,150000,petrol,bmw,no,24.42
9178,1450,station wagon,manual,90,a4,150000,diesel,audi,no,19.67
9179,4900,bus,manual,129,sprinter,90000,diesel,mercedes_benz,yes,8.92
9180,899,small car,manual,60,ibiza,150000,petrol,seat,no,18.92
9181,5200,station wagon,manual,136,passat,150000,diesel,volkswagen,no,14.83
9182,1300,small car,manual,63,others,150000,petrol,hyundai,yes,12.58
9183,4750,small car,manual,65,micra,50000,petrol,nissan,no,10.0
9186,5990,limousine,manual,95,others,50000,petrol,mercedes_benz,no,46.5
9187,9200,limousine,manual,122,passat,70000,petrol,volkswagen,no,9.58
9188,250,limousine,manual,116,golf,150000,petrol,volkswagen,no,25.42
9191,350,small car,manual,75,golf,150000,petrol,volkswagen,no,21.25
9194,1600,station wagon,manual,170,v70,150000,petrol,volvo,no,19.42
9195,15300,suv,automatic,200,kuga,90000,petrol,ford,no,8.17
9196,14500,station wagon,automatic,272,5er,150000,diesel,bmw,no,12.33
9197,7590,station wagon,automatic,232,a6,150000,diesel,audi,no,12.5
9198,11750,small car,manual,90,polo,30000,petrol,volkswagen,no,5.58
9199,6350,small car,manual,69,500,50000,petrol,fiat,no,9.5
9200,799,limousine,manual,125,golf,150000,petrol,volkswagen,yes,22.0
9202,8799,station wagon,automatic,197,5er,150000,diesel,bmw,yes,10.17
9204,8000,bus,manual,128,others,150000,diesel,citroen,yes,5.33
9205,2399,bus,manual,105,doblo,150000,diesel,fiat,no,15.83
9206,5400,limousine,manual,109,3_reihe,125000,diesel,mazda,no,10.0
9207,12300,suv,manual,92,g_klasse,125000,diesel,mercedes_benz,no,27.58
9208,17490,station wagon,automatic,170,3er,60000,petrol,bmw,no,10.0
9209,14200,others,manual,143,1er,125000,diesel,bmw,no,10.0
9210,3400,small car,manual,169,clio,150000,petrol,renault,no,16.42
9214,5490,station wagon,manual,170,passat,150000,diesel,volkswagen,no,11.08
9215,3700,small car,manual,75,polo,150000,petrol,volkswagen,no,12.33
9216,23250,bus,manual,180,transporter,150000,diesel,volkswagen,no,7.83
9218,15900,station wagon,manual,140,passat,70000,diesel,volkswagen,no,6.33
9219,7400,coupe,manual,179,tt,100000,petrol,audi,no,19.42
9220,10990,small car,manual,174,clubman,100000,petrol,mini,no,11.5
9222,11500,coupe,manual,231,clk,150000,petrol,mercedes_benz,no,14.0
9224,950,limousine,manual,131,focus,150000,petrol,ford,no,18.83
9230,6450,coupe,manual,237,astra,125000,petrol,opel,no,11.83
9231,4700,small car,manual,75,clio,90000,petrol,renault,no,9.92
9232,8950,station wagon,manual,105,a3,150000,diesel,audi,no,10.5
9234,4000,small car,manual,101,polo,150000,petrol,volkswagen,no,15.25
9235,8999,coupe,automatic,306,clk,150000,petrol,mercedes_benz,no,15.33
9236,2600,limousine,manual,105,3er,150000,petrol,bmw,no,17.33
9238,20500,station wagon,automatic,160,insignia,90000,diesel,opel,no,7.33
9240,3700,small car,manual,106,clio,150000,diesel,renault,no,12.67
9241,2349,bus,manual,90,others,150000,petrol,volkswagen,no,27.67
9242,5000,station wagon,manual,177,5er,150000,diesel,bmw,no,12.75
9245,17400,coupe,automatic,197,3er,90000,diesel,bmw,no,9.42
9246,6999,bus,automatic,102,transporter,150000,diesel,volkswagen,no,15.33
9247,2400,small car,manual,125,polo,150000,petrol,volkswagen,no,17.67
9249,16700,limousine,automatic,99,auris,30000,hybrid,toyota,no,5.33
9250,900,small car,manual,50,lupo,150000,petrol,volkswagen,no,17.08
9251,1500,bus,manual,145,galaxy,150000,petrol,ford,no,22.0
9252,1800,station wagon,manual,60,caddy,150000,petrol,volkswagen,no,19.0
9253,2200,limousine,manual,116,3er,150000,petrol,bmw,no,15.58
9255,10800,station wagon,manual,90,others,40000,diesel,skoda,no,4.08
9258,6099,limousine,manual,86,leon,125000,petrol,seat,no,8.58
9259,6990,station wagon,manual,72,others,150000,diesel,mercedes_benz,no,35.5
9262,16000,cabrio,manual,105,golf,90000,diesel,volkswagen,no,6.25
9263,2650,cabrio,manual,193,slk,150000,petrol,mercedes_benz,yes,20.58
9264,4900,limousine,manual,220,a4,150000,petrol,audi,no,17.92
9265,500,small car,manual,55,micra,150000,petrol,nissan,no,19.58
9267,900,small car,manual,75,polo,150000,petrol,volkswagen,no,23.25
9269,9777,limousine,automatic,200,golf,150000,petrol,volkswagen,no,12.25
9270,2800,station wagon,manual,131,bora,150000,diesel,volkswagen,no,16.75
9271,6950,limousine,manual,122,c_klasse,150000,diesel,mercedes_benz,no,13.67
9272,8500,limousine,automatic,256,a6,150000,lpg,audi,no,14.67
9274,5500,station wagon,automatic,177,e_klasse,150000,diesel,mercedes_benz,no,13.33
9276,19500,suv,automatic,205,others,50000,lpg,ford,no,12.08
9277,1000,station wagon,automatic,122,c_klasse,150000,petrol,mercedes_benz,no,20.08
9278,8499,suv,automatic,163,others,150000,diesel,mercedes_benz,no,15.25
9279,4300,cabrio,manual,110,mx_reihe,150000,petrol,mazda,no,16.42
9281,1090,small car,manual,54,fortwo,125000,petrol,smart,no,17.25
9283,6690,station wagon,manual,116,focus,40000,petrol,ford,no,13.67
9285,1300,limousine,manual,98,3_reihe,150000,petrol,mazda,no,17.75
9286,6800,station wagon,automatic,163,a4,150000,diesel,audi,no,12.42
9288,6500,suv,manual,39,others,60000,petrol,suzuki,no,37.5
9289,550,small car,automatic,60,corsa,150000,petrol,opel,no,24.83
9291,699,small car,manual,75,golf,150000,petrol,volkswagen,no,23.75
9292,12000,coupe,automatic,347,clk,150000,petrol,mercedes_benz,no,18.33
9293,4300,bus,automatic,241,others,150000,petrol,renault,no,15.83
9294,1150,limousine,manual,116,e_klasse,150000,diesel,mercedes_benz,yes,18.5
9297,2700,station wagon,manual,105,touran,150000,diesel,volkswagen,no,13.33
9298,4990,station wagon,manual,140,passat,150000,diesel,volkswagen,no,12.08
9299,800,limousine,manual,116,golf,150000,petrol,volkswagen,yes,23.5
9300,24850,coupe,automatic,299,others,150000,petrol,audi,no,7.5
9302,9500,limousine,automatic,232,a8,150000,diesel,audi,no,15.0
9303,20800,station wagon,automatic,140,passat,90000,diesel,volkswagen,no,4.17
9304,11390,station wagon,manual,232,a6,150000,diesel,audi,no,11.92
9305,1000,station wagon,automatic,122,c_klasse,150000,petrol,mercedes_benz,no,19.5
9307,11000,bus,manual,151,transporter,150000,diesel,volkswagen,no,17.92
9311,2900,small car,manual,69,fiesta,150000,petrol,ford,no,11.08
9313,26950,cabrio,automatic,204,3er,60000,diesel,bmw,no,6.42
9318,2350,station wagon,manual,101,golf,150000,diesel,volkswagen,no,16.58
9320,6500,suv,automatic,170,grand,150000,diesel,jeep,no,16.42
9324,4200,small car,manual,54,fox,100000,petrol,volkswagen,no,12.0
9325,3400,coupe,manual,150,3er,150000,petrol,bmw,no,20.67
9326,4999,limousine,manual,150,3er,150000,diesel,bmw,no,14.17
9327,9000,coupe,manual,150,c_klasse,125000,diesel,mercedes_benz,no,12.0
9328,900,small car,manual,60,fiesta,125000,petrol,ford,no,18.75
9329,6200,limousine,manual,140,ceed,150000,diesel,kia,no,10.25
9331,13999,limousine,automatic,224,e_klasse,150000,diesel,mercedes_benz,no,11.58
9334,8300,suv,manual,129,grand,100000,diesel,suzuki,no,11.92
9335,10999,station wagon,manual,120,a4,125000,diesel,audi,no,9.17
9338,900,small car,manual,75,fiesta,150000,petrol,ford,no,20.17
9339,2000,limousine,manual,50,lupo,150000,petrol,volkswagen,no,13.17
9342,3400,suv,manual,80,others,150000,petrol,suzuki,no,26.08
9343,5500,coupe,manual,200,golf,150000,petrol,volkswagen,yes,13.58
9345,900,small car,manual,50,polo,150000,petrol,volkswagen,no,18.25
9346,6500,station wagon,automatic,140,a3,150000,diesel,audi,no,13.5
9348,2900,limousine,manual,113,megane,125000,petrol,renault,no,15.25
9350,2450,small car,manual,54,fox,80000,petrol,volkswagen,no,13.58
9354,2850,small car,manual,54,polo,125000,petrol,volkswagen,no,14.67
9355,9000,station wagon,manual,177,3er,150000,diesel,bmw,no,11.75
9356,23600,limousine,automatic,156,b_klasse,30000,petrol,mercedes_benz,no,6.25
9358,1390,small car,manual,60,others,60000,petrol,citroen,no,19.33
9359,10800,limousine,automatic,200,golf,125000,petrol,volkswagen,no,12.0
9360,9500,station wagon,automatic,233,a6,150000,diesel,audi,no,10.42
9363,1000,station wagon,manual,60,polo,100000,petrol,volkswagen,yes,19.75
9366,25230,cabrio,manual,211,tt,30000,petrol,audi,no,7.5
9367,8799,limousine,automatic,200,golf,150000,petrol,volkswagen,no,13.33
9369,1999,coupe,automatic,116,calibra,150000,petrol,opel,no,22.25
9370,260,small car,manual,110,others,150000,petrol,rover,yes,18.67
9371,1999,small car,automatic,61,fortwo,100000,petrol,smart,no,16.42
9376,4450,station wagon,manual,131,passat,150000,diesel,volkswagen,no,15.58
9378,550,limousine,manual,105,3er,150000,petrol,bmw,yes,19.92
9379,5600,small car,manual,69,500,100000,petrol,fiat,no,9.25
9380,1800,bus,manual,125,zafira,150000,petrol,opel,no,17.25
9381,777,station wagon,manual,101,vectra,150000,petrol,opel,no,19.92
9382,5700,limousine,manual,101,focus,125000,petrol,ford,no,8.58
9383,790,station wagon,manual,116,3er,150000,petrol,bmw,no,22.08
9385,7500,limousine,manual,122,1er,80000,petrol,bmw,no,10.0
9386,8499,station wagon,manual,150,a3,125000,petrol,audi,no,13.92
9387,12500,coupe,manual,177,1er,150000,diesel,bmw,no,9.75
9388,14000,suv,automatic,340,cayenne,150000,petrol,porsche,no,13.92
9391,7000,station wagon,manual,200,mondeo,50000,diesel,ford,no,7.25
9392,1900,cabrio,manual,133,others,150000,petrol,audi,no,25.5
9394,15250,suv,automatic,238,xc_reihe,100000,petrol,volvo,no,10.58
9395,5450,bus,manual,105,caddy,150000,diesel,volkswagen,no,12.17
9398,3700,small car,manual,92,swift,125000,petrol,suzuki,no,13.42
9399,1200,limousine,manual,101,fusion,150000,petrol,ford,no,15.83
9400,9000,bus,manual,163,others,70000,diesel,volkswagen,no,6.17
9401,2850,small car,manual,80,polo,125000,diesel,volkswagen,no,13.92
9402,1250,limousine,manual,75,golf,150000,petrol,volkswagen,no,17.75
9403,2300,small car,manual,60,polo,150000,petrol,volkswagen,no,17.25
9405,150,small car,manual,55,punto,100000,petrol,fiat,no,22.58
9406,3500,limousine,manual,120,147,100000,petrol,alfa_romeo,no,13.92
9409,8400,suv,manual,107,duster,100000,diesel,dacia,no,9.0
9411,699,small car,manual,50,polo,150000,petrol,volkswagen,no,22.0
9412,1200,limousine,manual,88,3_reihe,20000,petrol,mazda,yes,23.25
9413,4300,small car,manual,90,one,100000,petrol,mini,no,15.92
9414,4700,small car,manual,68,c1,20000,petrol,citroen,no,9.5
9416,7500,bus,manual,102,others,150000,diesel,toyota,no,12.67
9419,490,small car,manual,50,corsa,150000,petrol,opel,no,19.0
9420,7899,small car,manual,73,yaris,50000,petrol,toyota,no,5.08
9422,47500,limousine,automatic,400,others,70000,petrol,porsche,no,8.67
9423,3850,small car,manual,80,fiesta,150000,petrol,ford,no,11.33
9429,23900,suv,automatic,205,xc_reihe,70000,diesel,volvo,no,7.42
9430,1350,small car,manual,80,a_klasse,150000,petrol,mercedes_benz,no,18.58
9431,29799,suv,automatic,184,x_reihe,40000,diesel,bmw,no,4.75
9432,2000,station wagon,automatic,155,signum,150000,petrol,opel,no,15.5
9433,2850,small car,manual,69,polo,150000,diesel,volkswagen,no,12.58
9434,3690,cabrio,manual,110,2_reihe,80000,petrol,peugeot,no,12.33
9435,6950,coupe,automatic,171,cooper,100000,petrol,mini,yes,12.75
9437,790,limousine,automatic,170,vectra,150000,petrol,opel,yes,19.92
9438,17800,coupe,manual,265,megane,60000,petrol,renault,no,6.33
9439,15900,bus,manual,128,ducato,100000,diesel,fiat,no,16.5
9441,1250,small car,manual,60,ypsilon,150000,petrol,lancia,no,18.17
9442,7499,limousine,manual,101,c_reihe,80000,petrol,volvo,no,11.25
9443,4000,small car,manual,87,yaris,150000,petrol,toyota,no,12.5
9444,700,small car,manual,75,3er,150000,petrol,bmw,no,22.67
9445,3600,limousine,manual,105,leon,150000,lpg,seat,no,17.58
9446,2800,limousine,automatic,170,e_klasse,150000,diesel,mercedes_benz,no,18.75
9447,3600,small car,manual,60,panda,90000,cng,fiat,no,11.0
9449,7100,coupe,automatic,218,clk,150000,petrol,mercedes_benz,no,16.75
9451,2000,coupe,manual,192,3er,150000,petrol,bmw,yes,26.17
9452,2500,limousine,manual,102,a_klasse,150000,petrol,mercedes_benz,no,15.5
9453,500,limousine,manual,99,3er,150000,petrol,bmw,no,25.42
9454,3600,others,manual,105,astra,150000,petrol,opel,no,12.67
9455,10900,limousine,manual,105,golf,80000,petrol,volkswagen,no,8.25
9456,10250,limousine,automatic,160,golf,90000,petrol,volkswagen,no,9.25
9457,999,coupe,manual,150,accord,150000,petrol,honda,no,21.42
9460,31900,suv,automatic,211,xc_reihe,70000,diesel,volvo,no,5.5
9462,6900,coupe,manual,192,clk,50000,petrol,mercedes_benz,no,19.25
9463,5000,limousine,manual,179,octavia,125000,petrol,skoda,no,17.5
9465,2700,coupe,manual,140,others,100000,petrol,chevrolet,yes,38.58
9467,950,small car,manual,75,golf,150000,petrol,volkswagen,no,17.25
9469,5800,bus,manual,102,transporter,150000,diesel,volkswagen,yes,21.75
9471,8000,limousine,manual,143,1er,150000,diesel,bmw,no,10.08
9473,8250,small car,manual,105,ibiza,40000,petrol,seat,no,7.42
9475,5850,station wagon,automatic,231,c_klasse,150000,petrol,mercedes_benz,no,13.5
9477,11999,station wagon,automatic,218,5er,150000,diesel,bmw,no,14.75
9479,15800,bus,automatic,165,others,100000,diesel,opel,no,5.58
9480,2400,small car,manual,72,others,100000,petrol,chevrolet,no,13.0
9481,2400,bus,manual,75,yaris,150000,diesel,toyota,no,16.75
9482,9500,others,automatic,313,touareg,150000,diesel,volkswagen,no,13.67
9484,4699,bus,manual,77,transporter,150000,diesel,volkswagen,no,22.67
9485,700,limousine,manual,102,3er,150000,petrol,bmw,no,21.0
9486,6000,limousine,automatic,170,3er,150000,petrol,bmw,no,18.5
9488,1350,limousine,manual,75,3_reihe,150000,petrol,peugeot,no,19.75
9489,1750,limousine,automatic,72,golf,90000,petrol,volkswagen,no,27.17
9491,8299,station wagon,manual,110,mondeo,80000,petrol,ford,no,10.17
9492,6850,bus,manual,102,transporter,80000,diesel,volkswagen,no,9.83
9493,2250,station wagon,manual,158,4_reihe,150000,petrol,peugeot,no,17.08
9494,8999,small car,manual,201,clio,125000,petrol,renault,no,9.67
9497,2650,small car,manual,82,a_klasse,125000,petrol,mercedes_benz,no,15.25
9500,4850,bus,automatic,163,others,150000,petrol,chevrolet,no,25.58
9501,2200,small car,manual,41,fortwo,125000,diesel,smart,no,15.42
9503,2600,station wagon,manual,110,corolla,100000,petrol,toyota,no,15.0
9504,6900,station wagon,automatic,130,mondeo,150000,diesel,ford,no,11.0
9505,6600,limousine,automatic,224,a6,150000,diesel,audi,no,14.75
9507,1700,small car,manual,69,ka,90000,petrol,ford,no,11.08
9512,460,station wagon,manual,71,astra,150000,petrol,opel,no,23.83
9513,170,small car,manual,50,arosa,150000,petrol,seat,yes,20.58
9514,1890,limousine,manual,150,a3,150000,petrol,audi,no,18.33
9517,13750,station wagon,manual,200,mondeo,150000,diesel,ford,no,7.83
9520,14000,station wagon,automatic,140,octavia,100000,diesel,skoda,no,6.58
9521,5500,station wagon,manual,140,a3,150000,diesel,audi,no,13.42
9523,3000,limousine,automatic,193,5er,150000,diesel,bmw,no,17.42
9524,500,small car,manual,82,micra,150000,petrol,nissan,no,16.67
9525,3500,station wagon,manual,163,a4,150000,diesel,audi,no,15.58
9526,10190,bus,automatic,105,caddy,125000,diesel,volkswagen,no,10.83
9528,2600,station wagon,automatic,150,c_klasse,150000,diesel,mercedes_benz,yes,15.0
9529,5900,limousine,manual,124,auris,70000,petrol,toyota,no,10.08
9531,7250,limousine,manual,125,leon,90000,petrol,seat,yes,8.5
9532,16300,bus,manual,140,sharan,70000,diesel,volkswagen,no,6.17
9535,7200,bus,manual,95,vito,100000,diesel,mercedes_benz,no,10.58
9537,2600,station wagon,manual,150,3er,150000,diesel,bmw,yes,16.58
9539,1850,station wagon,manual,102,sharan,150000,petrol,volkswagen,no,16.5
9541,400,limousine,manual,150,5er,150000,petrol,bmw,yes,27.0
9544,2000,limousine,manual,105,octavia,150000,diesel,skoda,no,11.25
9545,1350,small car,manual,60,cuore,150000,petrol,daihatsu,no,12.33
9546,3350,small car,manual,68,1_reihe,60000,petrol,peugeot,no,9.42
9547,1350,small car,manual,67,others,150000,petrol,mazda,no,20.75
9548,900,small car,manual,58,twingo,150000,petrol,renault,no,16.42
9551,8870,cabrio,manual,120,2_reihe,80000,petrol,peugeot,no,8.25
9552,4290,small car,manual,70,i_reihe,30000,petrol,hyundai,no,6.25
9553,4590,small car,manual,86,polo,125000,petrol,volkswagen,no,12.58
9554,5990,cabrio,manual,163,c_reihe,150000,petrol,volvo,no,18.42
9555,14600,limousine,manual,143,a4,100000,diesel,audi,no,8.42
9558,11400,small car,manual,95,fiesta,20000,diesel,ford,no,3.42
9561,1500,bus,manual,101,zafira,150000,diesel,opel,yes,18.67
9562,900,small car,manual,45,corsa,100000,petrol,opel,no,26.25
9563,8790,limousine,manual,80,golf,80000,petrol,volkswagen,no,8.58
9564,29900,station wagon,automatic,245,5er,125000,diesel,bmw,no,7.5
9565,14590,limousine,manual,136,1er,30000,petrol,bmw,no,5.58
9566,1300,station wagon,manual,150,a6,150000,diesel,audi,no,18.92
9567,1300,small car,automatic,75,2_reihe,150000,petrol,peugeot,no,18.5
9568,6500,cabrio,manual,231,3er,150000,petrol,bmw,yes,17.58
9570,300,station wagon,manual,105,v40,150000,petrol,volvo,no,20.67
9573,7385,bus,manual,125,c_max,125000,petrol,ford,no,10.42
9574,2400,limousine,manual,116,100,125000,petrol,audi,no,28.83
9578,1500,small car,manual,75,lupo,150000,petrol,volkswagen,no,21.0
9580,13200,station wagon,manual,184,3er,150000,diesel,bmw,no,8.0
9581,14870,station wagon,manual,170,c_klasse,60000,diesel,mercedes_benz,no,11.92
9582,16999,small car,manual,105,a3,60000,diesel,audi,no,5.33
9584,600,small car,manual,60,ka,150000,petrol,ford,no,20.92
9585,2890,small car,manual,67,getz,60000,petrol,hyundai,no,10.92
9586,4199,limousine,manual,122,vectra,150000,petrol,opel,no,16.33
9587,5300,suv,automatic,140,sorento,150000,diesel,kia,no,13.25
9590,25500,station wagon,manual,204,c_klasse,60000,diesel,mercedes_benz,no,7.5
9591,5500,cabrio,manual,109,2_reihe,60000,petrol,peugeot,no,12.33
9592,12400,limousine,manual,140,q3,90000,diesel,audi,yes,6.5
9593,8500,bus,manual,136,verso,90000,diesel,toyota,no,9.5
9594,2250,station wagon,manual,110,mondeo,150000,petrol,ford,no,17.58
9598,2599,small car,automatic,61,fortwo,125000,petrol,smart,no,12.42
9599,4000,limousine,automatic,193,7er,150000,petrol,bmw,no,18.08
9602,699,small car,manual,54,twingo,150000,petrol,renault,no,21.08
9605,5990,station wagon,manual,170,passat,150000,diesel,volkswagen,no,12.33
9606,24000,coupe,automatic,387,cl,150000,lpg,mercedes_benz,no,11.25
9608,4500,others,manual,116,touran,90000,petrol,volkswagen,no,15.5
9610,8500,bus,manual,109,berlingo,125000,diesel,citroen,no,9.67
9612,5198,small car,manual,80,corsa,70000,petrol,opel,no,10.92
9613,3000,cabrio,manual,163,c_reihe,150000,petrol,volvo,yes,18.5
9616,22900,small car,manual,184,cooper,20000,petrol,mini,no,5.92
9617,4222,station wagon,manual,109,v50,150000,diesel,volvo,no,15.75
9619,7300,coupe,automatic,54,fortwo,50000,diesel,smart,no,6.58
9623,2199,limousine,manual,95,a_klasse,150000,diesel,mercedes_benz,no,15.42
9624,6999,limousine,manual,231,ibiza,150000,diesel,seat,no,15.67
9625,18499,limousine,automatic,177,x_reihe,150000,diesel,bmw,no,8.33
9626,650,small car,manual,45,corsa,150000,petrol,opel,no,21.25
9627,7600,station wagon,automatic,143,c_klasse,150000,petrol,mercedes_benz,no,15.0
9629,21800,station wagon,manual,150,a3,50000,diesel,audi,no,5.92
9632,2400,cabrio,automatic,109,c3,90000,petrol,citroen,yes,11.42
9634,2250,small car,manual,54,fox,150000,petrol,volkswagen,no,13.0
9635,1450,bus,manual,87,others,150000,petrol,daihatsu,no,17.5
9636,2590,limousine,manual,80,fusion,125000,petrol,ford,yes,12.25
9637,3000,cabrio,manual,90,golf,150000,diesel,volkswagen,yes,16.08
9638,3100,limousine,manual,101,civic,150000,diesel,honda,no,13.58
9640,15500,station wagon,manual,116,focus,20000,diesel,ford,no,4.83
9641,1000,station wagon,manual,118,3er,150000,petrol,bmw,yes,17.25
9643,1450,station wagon,automatic,115,passat,150000,petrol,volkswagen,no,24.58
9644,3499,small car,manual,77,others,125000,petrol,fiat,no,11.58
9646,8600,limousine,automatic,231,7er,150000,petrol,bmw,no,15.25
9653,1650,bus,manual,86,modus,150000,diesel,renault,no,13.33
9654,850,small car,manual,55,corsa,150000,petrol,opel,no,19.75
9655,600,limousine,manual,90,mondeo,125000,petrol,ford,no,26.0
9657,11250,station wagon,manual,143,3er,150000,diesel,bmw,no,8.5
9659,1700,bus,manual,116,zafira,150000,petrol,opel,no,18.0
9660,15300,limousine,automatic,177,x_reihe,150000,diesel,bmw,no,7.25
9661,3400,limousine,manual,68,2_reihe,125000,diesel,peugeot,no,11.42
9662,490,small car,manual,55,polo,150000,petrol,volkswagen,no,24.42
9665,3500,coupe,manual,192,rx_reihe,150000,petrol,mazda,no,12.25
9666,2500,cabrio,manual,193,glk,150000,petrol,mercedes_benz,yes,20.0
9667,3000,bus,manual,88,vito,150000,diesel,mercedes_benz,no,13.42
9669,6100,others,manual,95,ducato,150000,diesel,fiat,no,27.17
9670,2550,small car,manual,60,corsa,150000,petrol,opel,no,9.17
9671,19999,suv,automatic,177,x_reihe,125000,diesel,bmw,no,8.08
9672,13800,limousine,automatic,111,5_reihe,60000,diesel,peugeot,no,7.5
9676,1500,station wagon,manual,101,golf,150000,petrol,volkswagen,no,18.42
9680,3950,limousine,manual,75,golf,80000,petrol,volkswagen,no,17.33
9681,18000,limousine,automatic,245,7er,60000,diesel,bmw,no,8.92
9682,8200,cabrio,manual,170,3er,150000,petrol,bmw,no,14.5
9684,5990,small car,manual,69,ka,30000,petrol,ford,no,6.75
9685,699,small car,manual,58,twingo,150000,petrol,renault,yes,20.0
9686,900,small car,manual,27,others,20000,petrol,citroen,yes,29.25
9687,2500,bus,manual,101,zafira,125000,petrol,opel,no,15.75
9688,9900,limousine,manual,143,1er,150000,diesel,bmw,no,10.92
9689,8990,limousine,manual,110,golf,125000,diesel,volkswagen,no,9.42
9690,16400,suv,automatic,306,m_klasse,150000,lpg,mercedes_benz,no,11.25
9691,5350,small car,manual,82,fiesta,90000,petrol,ford,no,9.33
9692,14900,suv,manual,140,kuga,80000,diesel,ford,no,7.92
9694,3100,small car,manual,68,c1,125000,petrol,citroen,no,10.67
9696,1600,station wagon,automatic,101,astra,150000,petrol,opel,no,19.25
9697,150,limousine,manual,115,mondeo,125000,petrol,ford,yes,22.0
9698,999,small car,automatic,90,golf,150000,petrol,volkswagen,no,22.67
9699,8900,suv,manual,218,x_reihe,150000,diesel,bmw,no,13.0
9701,950,small car,manual,60,1_reihe,150000,petrol,peugeot,yes,15.33
9702,2875,cabrio,manual,75,golf,150000,petrol,volkswagen,no,17.42
9703,1850,limousine,automatic,170,5er,150000,petrol,bmw,no,21.25
9704,8999,small car,manual,75,polo,80000,diesel,volkswagen,no,6.25
9705,1400,cabrio,manual,88,3_reihe,150000,petrol,peugeot,no,18.25
9709,8900,station wagon,automatic,170,passat,150000,diesel,volkswagen,no,12.92
9711,2000,limousine,manual,95,a_klasse,150000,diesel,mercedes_benz,no,14.17
9712,499,limousine,manual,114,others,150000,petrol,kia,yes,15.5
9713,4690,cabrio,manual,113,megane,150000,petrol,renault,no,13.33
9715,6500,bus,manual,109,sprinter,150000,diesel,mercedes_benz,no,12.08
9720,7100,limousine,manual,125,leon,90000,petrol,seat,no,9.5
9721,3700,limousine,automatic,224,s_klasse,150000,petrol,mercedes_benz,no,19.83
9723,2550,station wagon,manual,116,passat,150000,petrol,volkswagen,no,16.5
9724,4990,small car,manual,95,fiesta,150000,diesel,ford,no,8.67
9725,2099,small car,manual,75,golf,90000,petrol,volkswagen,no,19.42
9726,14900,station wagon,manual,184,3er,150000,diesel,bmw,no,9.0
9728,1900,cabrio,manual,110,mx_reihe,150000,petrol,mazda,no,19.33
9729,650,limousine,manual,90,golf,150000,petrol,volkswagen,no,24.17
9731,2290,limousine,manual,75,3_reihe,150000,petrol,peugeot,no,15.33
9733,6900,limousine,manual,143,3er,150000,petrol,bmw,no,15.33
9737,1549,bus,manual,58,kangoo,100000,petrol,renault,no,19.42
9739,6200,suv,manual,140,tiguan,125000,diesel,volkswagen,no,11.0
9741,34490,bus,manual,179,transporter,80000,diesel,volkswagen,no,6.08
9742,1200,small car,manual,54,astra,150000,petrol,opel,no,20.5
9743,5995,cabrio,automatic,71,fortwo,60000,petrol,smart,no,13.0
9744,1990,bus,manual,77,transporter,150000,diesel,volkswagen,no,22.92
9747,2550,station wagon,automatic,207,laguna,150000,petrol,renault,no,16.0
9748,500,small car,manual,75,astra,150000,petrol,opel,no,19.33
9749,21850,cabrio,automatic,160,golf,50000,petrol,volkswagen,no,6.5
9750,8500,suv,automatic,184,x_reihe,150000,diesel,bmw,no,17.83
9751,2600,small car,manual,68,1_reihe,125000,petrol,peugeot,no,11.25
9752,420,small car,manual,60,punto,150000,petrol,fiat,yes,16.5
9753,4000,small car,manual,90,corsa,150000,petrol,opel,no,11.25
9754,5899,limousine,automatic,140,a_klasse,100000,diesel,mercedes_benz,no,15.0
9755,1499,small car,automatic,90,corsa,150000,petrol,opel,no,21.42
9756,10900,cabrio,manual,192,3er,150000,petrol,bmw,no,15.25
9757,16850,suv,manual,175,xc_reihe,150000,diesel,volvo,no,8.42
9758,5500,small car,manual,95,one,150000,petrol,mini,no,11.58
9759,3900,cabrio,manual,116,others,150000,petrol,audi,no,23.0
9761,9450,station wagon,manual,170,a3,150000,diesel,audi,no,11.58
9762,5700,bus,manual,143,5_reihe,150000,diesel,mazda,no,10.25
9765,7950,small car,manual,82,fiesta,40000,petrol,ford,no,9.25
9766,13500,cabrio,manual,131,megane,90000,diesel,renault,no,6.08
9768,3600,small car,manual,64,polo,150000,petrol,volkswagen,no,13.67
9770,67999,coupe,manual,320,911,70000,petrol,porsche,no,13.17
9772,16950,limousine,manual,170,1er,70000,petrol,bmw,no,6.08
9773,8399,station wagon,automatic,140,passat,150000,diesel,volkswagen,no,11.42
9774,2190,limousine,manual,95,a_klasse,150000,petrol,mercedes_benz,no,13.58
9775,120,small car,manual,75,punto,125000,petrol,fiat,no,24.92
9777,600,small car,manual,50,corsa,125000,petrol,opel,no,19.83
9778,4150,limousine,manual,102,leon,150000,petrol,seat,no,14.0
9779,2000,small car,manual,60,fiesta,100000,petrol,ford,no,12.92
9780,2150,station wagon,manual,101,octavia,150000,petrol,skoda,no,18.25
9781,22222,station wagon,automatic,286,5er,150000,diesel,bmw,no,10.33
9783,5890,station wagon,manual,70,fabia,125000,petrol,skoda,no,9.33
9784,2200,station wagon,manual,109,others,150000,petrol,citroen,no,16.17
9786,9200,cabrio,manual,18,500,100000,petrol,fiat,no,49.5
9787,1200,small car,manual,75,fiesta,150000,petrol,ford,no,15.25
9789,1500,limousine,manual,67,polo,150000,petrol,volkswagen,yes,15.17
9792,3900,station wagon,manual,192,3er,150000,petrol,bmw,no,17.75
9793,1450,small car,manual,60,2_reihe,150000,petrol,peugeot,no,19.25
9794,3900,bus,automatic,125,meriva,150000,petrol,opel,no,13.42
9795,5350,limousine,manual,116,focus,125000,diesel,ford,no,10.42
9796,300,cabrio,manual,90,others,150000,petrol,nissan,yes,25.42
9798,800,limousine,manual,101,a4,150000,petrol,audi,no,22.58
9800,2150,small car,manual,68,fiesta,90000,diesel,ford,no,13.42
9801,5550,limousine,manual,150,3er,150000,diesel,bmw,yes,12.25
9803,6200,cabrio,manual,192,3er,150000,petrol,bmw,no,15.58
9804,5500,bus,manual,200,zafira,150000,petrol,opel,no,15.5
9805,9000,small car,manual,135,fiesta,80000,petrol,ford,no,7.42
9806,9190,station wagon,manual,110,passat,150000,diesel,volkswagen,no,9.75
9807,9999,limousine,manual,204,1er,150000,diesel,bmw,no,10.67
9808,8500,coupe,manual,224,others,150000,petrol,toyota,yes,23.25
9809,7500,cabrio,automatic,231,3er,150000,petrol,bmw,no,15.17
9812,5990,cabrio,manual,75,beetle,90000,petrol,volkswagen,no,15.33
9814,27900,limousine,manual,170,q5,125000,diesel,audi,no,7.83
9815,9700,station wagon,automatic,197,5er,150000,diesel,bmw,no,11.75
9816,2150,small car,manual,73,c2,150000,petrol,citroen,no,14.33
9818,5999,limousine,automatic,193,7er,150000,diesel,bmw,no,18.58
9819,5800,bus,manual,107,touran,150000,diesel,volkswagen,no,11.83
9821,11900,limousine,manual,122,golf,90000,petrol,volkswagen,no,7.5
9823,550,bus,manual,114,scenic,150000,petrol,renault,no,21.5
9824,19000,cabrio,automatic,333,6er,125000,petrol,bmw,no,13.5
9826,320,station wagon,manual,60,polo,150000,petrol,volkswagen,no,21.0
9827,9000,small car,manual,170,a3,150000,diesel,audi,no,12.33
9828,3599,small car,manual,60,polo,125000,petrol,volkswagen,no,11.42
9829,2850,small car,manual,64,polo,150000,petrol,volkswagen,no,15.75
9831,1290,limousine,manual,90,impreza,150000,petrol,subaru,no,21.75
9832,4100,cabrio,manual,136,2_reihe,80000,petrol,peugeot,no,14.25
9834,650,small car,manual,54,corsa,150000,petrol,opel,no,20.0
9835,3650,limousine,manual,120,golf,150000,diesel,volkswagen,no,24.42
9836,2499,station wagon,manual,131,passat,150000,diesel,volkswagen,no,16.67
9837,1700,bus,manual,101,zafira,150000,petrol,opel,no,19.5
9840,11900,suv,manual,140,tiguan,150000,diesel,volkswagen,no,9.67
9841,11500,suv,manual,136,kuga,100000,diesel,ford,no,11.0
9842,6900,station wagon,automatic,179,a6,150000,diesel,audi,no,11.08
9843,15390,coupe,manual,140,scirocco,60000,diesel,volkswagen,no,7.42
9845,4800,suv,manual,163,m_klasse,150000,diesel,mercedes_benz,no,16.92
9847,1990,station wagon,manual,120,omega,150000,diesel,opel,no,17.92
9848,2990,station wagon,manual,131,x_type,150000,diesel,jaguar,no,14.58
9850,2200,cabrio,automatic,150,3er,150000,petrol,bmw,no,21.58
9851,7500,station wagon,manual,140,passat,150000,diesel,volkswagen,no,10.08
9852,6700,station wagon,manual,131,megane,50000,petrol,renault,yes,9.92
9854,6300,cabrio,manual,166,spider,100000,petrol,alfa_romeo,no,14.42
9855,13800,limousine,automatic,140,passat,150000,diesel,volkswagen,no,10.67
9856,1100,small car,manual,75,twingo,150000,petrol,renault,no,17.25
9857,8999,cabrio,automatic,147,mustang,60000,petrol,ford,yes,24.58
9858,24500,limousine,automatic,286,x_reihe,125000,diesel,bmw,no,8.08
9859,199,small car,automatic,54,twingo,150000,petrol,renault,no,20.0
9860,8000,coupe,automatic,140,a3,150000,diesel,audi,no,14.58
9861,1999,small car,manual,45,corsa,150000,petrol,opel,no,13.58
9862,600,limousine,manual,140,3er,150000,petrol,bmw,no,25.0
9863,250,others,manual,89,3_reihe,150000,petrol,peugeot,yes,21.0
9865,2900,small car,manual,60,polo,80000,petrol,volkswagen,yes,10.33
9866,2950,bus,manual,101,meriva,100000,petrol,opel,no,14.33
9867,2500,station wagon,automatic,101,golf,150000,diesel,volkswagen,yes,15.0
9868,250,small car,manual,75,megane,150000,petrol,renault,yes,21.5
9872,7950,station wagon,manual,101,focus,40000,petrol,ford,no,8.92
9875,1420,limousine,manual,140,others,150000,petrol,volvo,no,17.17
9882,10900,coupe,manual,114,cr_reihe,60000,hybrid,honda,no,7.5
9883,760,small car,manual,50,lupo,150000,petrol,volkswagen,no,19.08
9884,8999,coupe,manual,160,scirocco,125000,petrol,volkswagen,no,9.58
9886,11890,station wagon,manual,105,passat,150000,diesel,volkswagen,no,6.33
9887,4499,suv,automatic,193,others,150000,petrol,chevrolet,no,25.58
9888,4100,limousine,manual,140,passat,150000,diesel,volkswagen,no,11.92
9889,3250,cabrio,manual,136,2_reihe,125000,petrol,peugeot,no,16.75
9891,9000,station wagon,automatic,170,c_klasse,150000,diesel,mercedes_benz,no,10.67
9892,8400,bus,manual,140,touran,150000,diesel,volkswagen,no,10.25
9893,8900,limousine,automatic,334,a8,150000,lpg,audi,no,14.17
9894,18900,limousine,automatic,218,300c,70000,diesel,chrysler,no,9.58
9895,43500,suv,automatic,239,cayenne,60000,diesel,porsche,no,7.25
9897,3200,station wagon,automatic,179,others,150000,diesel,audi,no,16.58
9900,995,limousine,manual,114,primera,150000,petrol,nissan,no,17.92
9901,500,small car,manual,75,2_reihe,150000,petrol,peugeot,no,18.42
9903,7999,station wagon,manual,105,golf,150000,diesel,volkswagen,no,10.83
9904,53000,suv,automatic,211,g_klasse,100000,diesel,mercedes_benz,no,7.42
9905,500,small car,manual,44,polo,150000,petrol,volkswagen,no,22.5
9908,1000,suv,manual,156,others,150000,petrol,subaru,yes,19.42
9909,19990,limousine,automatic,177,a4,150000,diesel,audi,no,5.33
9910,1000,limousine,automatic,80,fiesta,125000,petrol,ford,yes,15.17
9911,9500,suv,manual,136,captiva,125000,lpg,chevrolet,no,9.58
9912,2800,small car,manual,68,c2,150000,diesel,citroen,no,14.5
9913,3400,station wagon,manual,125,a4,150000,petrol,audi,no,17.42
9914,14900,cabrio,manual,105,golf,20000,petrol,volkswagen,no,6.25
9915,1650,small car,automatic,60,corsa,70000,petrol,opel,no,21.08
9916,24990,bus,automatic,122,b_klasse,5000,petrol,mercedes_benz,no,4.67
9917,1050,limousine,manual,90,toledo,150000,diesel,seat,yes,19.92
9918,2200,station wagon,manual,125,c_klasse,150000,petrol,mercedes_benz,yes,17.58
9919,300,small car,manual,44,corsa,150000,petrol,opel,yes,22.25
9922,8500,station wagon,manual,105,golf,125000,diesel,volkswagen,no,8.08
9923,5300,limousine,automatic,224,e_klasse,150000,petrol,mercedes_benz,no,16.42
9925,3899,station wagon,manual,150,ptcruiser,150000,diesel,chrysler,no,12.42
9927,9490,cabrio,manual,69,500,30000,petrol,fiat,no,6.25
9928,1700,small car,manual,75,punto,150000,petrol,fiat,yes,19.0
9930,3899,station wagon,manual,116,passat,150000,petrol,volkswagen,no,15.42
9931,900,bus,automatic,116,zafira,150000,petrol,opel,yes,19.58
9932,17550,limousine,manual,143,1er,50000,diesel,bmw,no,6.17
9933,3700,cabrio,manual,73,c3,80000,petrol,citroen,no,15.58
9934,1990,station wagon,manual,101,passat,150000,diesel,volkswagen,no,16.42
9935,5940,bus,manual,110,zafira,150000,diesel,opel,no,10.58
9936,6400,bus,manual,140,sharan,150000,diesel,volkswagen,no,12.92
9937,100,limousine,manual,75,escort,30000,petrol,ford,yes,22.08
9939,5250,small car,manual,77,i_reihe,80000,petrol,hyundai,no,9.67
9940,699,limousine,manual,101,vectra,150000,petrol,opel,no,19.25
9941,3890,small car,manual,65,micra,60000,petrol,nissan,no,13.83
9942,1250,small car,automatic,45,fortwo,150000,petrol,smart,no,16.25
9944,8899,small car,manual,192,corsa,100000,petrol,opel,no,11.75
9946,39900,station wagon,automatic,313,5er,125000,diesel,bmw,no,6.58
9948,4380,bus,manual,86,transit,150000,diesel,ford,yes,7.42
9949,5000,small car,manual,69,500,125000,petrol,fiat,no,10.5
9950,3490,station wagon,automatic,155,signum,150000,petrol,opel,no,15.5
9951,1000,small car,manual,60,polo,150000,petrol,volkswagen,no,22.67
9952,3500,station wagon,manual,184,e_klasse,150000,petrol,mercedes_benz,yes,11.67
9954,3000,limousine,manual,109,3_reihe,125000,petrol,peugeot,no,16.0
9955,2100,limousine,manual,116,beetle,150000,petrol,volkswagen,no,18.33
9956,4500,station wagon,manual,163,3er,150000,diesel,bmw,yes,13.0
9957,900,small car,manual,45,polo,125000,petrol,volkswagen,no,22.5
9958,11650,station wagon,manual,143,3er,150000,diesel,bmw,yes,9.25
9959,3200,limousine,manual,170,5er,150000,petrol,bmw,no,17.92
9960,8400,small car,manual,75,ibiza,60000,diesel,seat,no,7.67
9962,16500,limousine,manual,265,leon,70000,petrol,seat,no,7.83
9967,5990,bus,manual,116,i_reihe,150000,diesel,hyundai,no,6.92
9968,5850,coupe,manual,192,rx_reihe,100000,petrol,mazda,no,12.42
9969,5900,limousine,automatic,218,c_klasse,125000,petrol,mercedes_benz,no,16.17
9970,3250,station wagon,manual,102,a4,150000,petrol,audi,no,16.33
9971,4899,small car,manual,80,corsa,70000,petrol,opel,no,11.58
9972,1250,limousine,manual,26,601,60000,petrol,trabant,no,29.33
9973,6900,cabrio,manual,170,3er,150000,petrol,bmw,no,17.58
9974,2897,limousine,automatic,122,c_klasse,90000,petrol,mercedes_benz,no,21.83
9978,24900,cabrio,manual,218,1er,40000,petrol,bmw,no,8.33
9980,10250,station wagon,manual,131,astra,100000,diesel,opel,no,6.08
9981,2000,station wagon,manual,75,golf,150000,petrol,volkswagen,no,18.83
9983,3750,station wagon,manual,143,c_klasse,150000,petrol,mercedes_benz,no,15.58
9984,27000,suv,manual,170,tiguan,40000,diesel,volkswagen,no,6.92
9985,590,station wagon,manual,101,vectra,150000,petrol,opel,no,21.5
9986,2599,limousine,manual,105,bora,150000,petrol,volkswagen,no,15.75
9990,10799,limousine,automatic,105,jetta,125000,diesel,volkswagen,no,8.25
9992,600,bus,manual,103,others,150000,lpg,hyundai,yes,15.83
9995,7999,cabrio,automatic,140,3_reihe,150000,petrol,peugeot,no,12.33
9998,4000,coupe,manual,170,3er,150000,petrol,bmw,no,20.08
10001,12900,small car,manual,90,a1,60000,diesel,audi,no,7.42
10003,3600,small car,manual,68,c1,60000,petrol,citroen,no,8.75
10004,13800,bus,automatic,136,b_klasse,70000,petrol,mercedes_benz,no,10.17
10005,4890,station wagon,automatic,179,a6,150000,diesel,audi,no,12.67
10006,4250,bus,manual,128,others,150000,diesel,peugeot,no,14.67
10008,10900,coupe,manual,211,golf,125000,petrol,volkswagen,yes,9.83
10009,37500,suv,automatic,230,others,60000,petrol,chevrolet,no,61.5
10010,2500,limousine,manual,140,passat,150000,petrol,volkswagen,yes,17.92
10011,699,small car,manual,54,seicento,150000,petrol,fiat,no,18.42
10014,2899,limousine,manual,101,a4,90000,petrol,audi,no,21.5
10015,1000,cabrio,automatic,75,astra,150000,petrol,opel,no,21.33
10016,4000,station wagon,manual,131,a4,150000,diesel,audi,no,15.58
10018,26199,coupe,manual,122,others,30000,petrol,mercedes_benz,no,4.08
10022,1450,small car,manual,75,2_reihe,150000,petrol,peugeot,yes,18.83
10023,600,limousine,automatic,116,vectra,150000,petrol,opel,no,20.25
10025,3500,bus,manual,115,transit,150000,diesel,ford,yes,7.67
10026,3100,bus,manual,90,touran,150000,diesel,volkswagen,no,13.42
10027,4000,limousine,automatic,272,7er,150000,petrol,bmw,yes,17.42
10029,1900,limousine,manual,122,c_klasse,150000,petrol,mercedes_benz,no,22.25
10030,9700,limousine,manual,143,1er,150000,petrol,bmw,no,10.17
10032,3390,small car,manual,64,polo,40000,petrol,volkswagen,no,15.75
10036,3000,limousine,automatic,192,5er,150000,petrol,bmw,yes,16.17
10037,399,limousine,manual,90,golf,150000,petrol,volkswagen,no,22.75
10039,4700,limousine,manual,122,1er,150000,diesel,bmw,no,13.83
10042,6200,limousine,manual,163,c_klasse,150000,petrol,mercedes_benz,no,11.08
10043,650,limousine,manual,100,passat,150000,petrol,volkswagen,no,21.17
10044,2800,station wagon,manual,75,fabia,150000,petrol,skoda,no,12.08
10045,9599,cabrio,manual,200,eos,150000,petrol,volkswagen,no,11.5
10046,3700,limousine,manual,150,passat,150000,diesel,volkswagen,no,17.42
10047,1849,station wagon,manual,116,passat,150000,diesel,volkswagen,no,19.67
10048,4990,small car,manual,131,polo,150000,diesel,volkswagen,no,13.83
10051,15000,coupe,automatic,299,others,125000,petrol,bmw,no,26.42
10052,9350,station wagon,manual,163,3er,150000,diesel,bmw,no,12.33
10054,3200,cabrio,manual,109,2_reihe,100000,petrol,peugeot,no,15.25
10055,49900,station wagon,automatic,204,c_klasse,20000,diesel,mercedes_benz,no,3.17
10056,18650,station wagon,manual,190,a6,150000,diesel,audi,no,8.25
10057,3250,limousine,automatic,220,c_klasse,150000,petrol,mercedes_benz,no,15.92
10059,12500,bus,manual,114,others,150000,diesel,nissan,no,12.83
10061,2300,small car,manual,80,corsa,125000,petrol,opel,no,13.58
10062,31500,coupe,manual,325,911,150000,petrol,porsche,no,13.33
10063,2950,station wagon,manual,150,bora,150000,petrol,volkswagen,no,19.42
10064,2500,small car,manual,75,polo,125000,petrol,volkswagen,no,15.83
10066,6299,small car,manual,200,cooper,150000,petrol,mini,no,15.08
10067,500,small car,manual,43,twingo,150000,petrol,renault,no,18.75
10070,1750,coupe,manual,102,3er,150000,petrol,bmw,no,19.25
10071,6600,cabrio,manual,120,2_reihe,100000,petrol,peugeot,no,11.33
10072,3400,small car,manual,97,rio,90000,petrol,kia,no,9.58
10073,800,small car,manual,75,justy,150000,petrol,subaru,yes,27.42
10075,8500,station wagon,manual,136,c_klasse,150000,diesel,mercedes_benz,no,9.42
10077,10490,station wagon,manual,163,3er,125000,diesel,bmw,no,12.42
10079,1350,small car,manual,88,getz,150000,diesel,hyundai,yes,9.0
10082,12750,coupe,automatic,200,beetle,90000,petrol,volkswagen,no,7.92
10083,13700,coupe,manual,177,3er,150000,diesel,bmw,no,9.0
10084,500,station wagon,manual,105,omega,150000,petrol,opel,yes,23.0
10085,1200,small car,manual,54,polo,150000,petrol,volkswagen,no,13.17
10088,7490,small car,manual,60,fabia,40000,petrol,skoda,no,6.75
10089,15450,cabrio,automatic,228,boxster,90000,petrol,porsche,no,14.42
10090,14500,cabrio,automatic,306,3er,150000,petrol,bmw,no,11.25
10092,19800,limousine,manual,250,focus,40000,petrol,ford,no,7.0
10095,1700,small car,manual,75,2_reihe,150000,petrol,peugeot,no,15.08
10096,1000,limousine,manual,95,others,150000,petrol,citroen,no,13.17
10097,62900,limousine,automatic,204,s_klasse,30000,hybrid,mercedes_benz,no,4.92
10100,1300,small car,manual,125,a3,150000,petrol,audi,no,22.83
10101,4500,station wagon,manual,116,3er,150000,diesel,bmw,no,15.75
10102,14650,coupe,automatic,224,clk,70000,diesel,mercedes_benz,no,11.58
10104,3499,station wagon,automatic,197,e_klasse,150000,diesel,mercedes_benz,no,17.17
10105,550,limousine,manual,75,golf,150000,petrol,volkswagen,yes,19.92
10107,4700,limousine,manual,90,golf,70000,petrol,volkswagen,no,27.5
10109,1350,station wagon,automatic,224,e_klasse,150000,petrol,mercedes_benz,no,19.42
10110,9999,coupe,automatic,200,golf,125000,petrol,volkswagen,no,13.17
10111,2500,cabrio,manual,75,golf,150000,petrol,volkswagen,no,33.67
10112,10990,cabrio,manual,220,a4,150000,petrol,audi,no,17.0
10115,2700,station wagon,manual,150,3er,150000,petrol,bmw,no,21.33
10116,3200,limousine,manual,109,3_reihe,80000,petrol,peugeot,no,14.83
10118,11000,limousine,automatic,183,e_klasse,60000,petrol,mercedes_benz,no,11.42
10119,550,small car,manual,75,golf,150000,petrol,volkswagen,no,21.5
10121,4700,coupe,manual,88,c4,40000,petrol,citroen,no,10.5
10124,1800,limousine,manual,82,omega,50000,petrol,opel,no,31.33
10125,6950,small car,manual,86,ibiza,60000,petrol,seat,no,9.33
10128,9800,small car,manual,95,fiesta,50000,diesel,ford,no,6.67
10130,10999,coupe,manual,174,cooper,90000,petrol,mini,no,11.0
10131,8999,limousine,manual,122,golf,70000,petrol,volkswagen,no,8.33
10132,1649,limousine,manual,150,80,150000,petrol,audi,no,24.33
10133,1890,limousine,automatic,204,e_klasse,150000,petrol,mercedes_benz,yes,21.0
10136,1499,small car,automatic,54,fortwo,150000,petrol,smart,no,19.25
10137,1900,limousine,manual,75,golf,150000,petrol,volkswagen,yes,17.92
10139,11290,cabrio,manual,197,slk,90000,petrol,mercedes_benz,no,15.42
10140,650,limousine,manual,116,3er,150000,petrol,bmw,yes,23.17
10142,4990,limousine,manual,143,3er,150000,petrol,bmw,no,14.17
10144,1500,limousine,manual,90,golf,150000,diesel,volkswagen,yes,20.75
10145,600,station wagon,manual,122,c_klasse,150000,petrol,mercedes_benz,yes,20.25
10147,15300,cabrio,manual,122,golf,40000,petrol,volkswagen,no,6.17
10149,9200,cabrio,automatic,71,fortwo,20000,petrol,smart,no,5.5
10150,6000,cabrio,manual,193,3er,150000,petrol,bmw,no,23.25
10151,8450,cabrio,automatic,163,clk,150000,petrol,mercedes_benz,no,14.25
10154,21700,limousine,manual,150,a3,20000,petrol,audi,no,4.75
10155,1450,limousine,automatic,150,e_klasse,150000,petrol,mercedes_benz,no,26.92
10156,17900,suv,automatic,156,others,90000,diesel,citroen,no,7.67
10157,3800,small car,manual,92,swift,125000,petrol,suzuki,no,13.0
10158,4900,small car,manual,69,polo,150000,diesel,volkswagen,no,11.5
10159,11200,station wagon,automatic,218,300c,150000,diesel,chrysler,no,12.0
10160,4490,cabrio,manual,110,z_reihe,125000,petrol,bmw,no,22.0
10161,10999,limousine,manual,132,auris,70000,petrol,toyota,no,6.5
10162,500,bus,automatic,201,others,5000,petrol,opel,yes,21.08
10166,1250,limousine,automatic,101,astra,150000,petrol,opel,no,22.5
10167,5800,small car,automatic,77,others,50000,petrol,fiat,no,9.25
10168,15100,coupe,manual,184,cooper,60000,petrol,mini,no,6.17
10169,7490,limousine,manual,82,fiesta,125000,petrol,ford,no,8.0
10170,2850,small car,manual,60,c3,100000,petrol,citroen,no,16.92
10171,6350,limousine,manual,250,a3,150000,lpg,audi,yes,13.17
10172,3000,limousine,manual,90,fiesta,90000,diesel,ford,no,9.42
10173,200,coupe,manual,55,polo,150000,petrol,volkswagen,yes,25.5
10176,1950,small car,manual,75,twingo,150000,petrol,renault,no,16.0
10178,8900,suv,manual,136,others,150000,diesel,mitsubishi,no,11.5
10179,4800,small car,manual,86,fabia,90000,petrol,skoda,no,10.5
10180,6350,limousine,automatic,204,e_klasse,150000,diesel,mercedes_benz,no,15.75
10181,1600,limousine,manual,82,a_klasse,150000,petrol,mercedes_benz,no,20.67
10183,3450,small car,manual,75,corsa,150000,diesel,opel,no,10.42
10184,3500,small car,manual,68,others,90000,petrol,nissan,no,9.5
10186,2599,station wagon,manual,109,others,150000,lpg,chevrolet,no,12.0
10187,1300,limousine,manual,102,3er,150000,petrol,bmw,no,21.75
10188,500,station wagon,manual,90,passat,150000,petrol,volkswagen,no,22.25
10189,2800,cabrio,manual,109,2_reihe,125000,diesel,peugeot,no,12.58
10190,1299,limousine,manual,125,a4,150000,petrol,audi,no,21.5
10191,650,small car,manual,65,corolla,150000,petrol,toyota,no,24.08
10192,1350,small car,manual,75,golf,150000,petrol,volkswagen,no,23.08
10193,21000,limousine,automatic,245,7er,150000,diesel,bmw,no,9.92
10194,4200,bus,manual,116,alhambra,150000,diesel,seat,no,14.25
10195,650,limousine,manual,150,passat,150000,petrol,volkswagen,yes,19.5
10198,4499,small car,manual,65,punto,40000,petrol,fiat,no,9.75
10200,25500,bus,manual,122,b_klasse,5000,petrol,mercedes_benz,no,3.92
10201,650,small car,manual,63,civic,80000,petrol,honda,no,28.92
10203,23500,coupe,automatic,280,mustang,100000,petrol,ford,no,46.58
10204,7950,station wagon,manual,140,a3,150000,diesel,audi,no,11.67
10205,2700,station wagon,manual,166,6_reihe,150000,petrol,mazda,no,14.33
10206,1350,small car,manual,101,a3,150000,petrol,audi,no,21.75
10208,1500,limousine,manual,88,3_reihe,150000,petrol,mazda,no,20.92
10210,8700,station wagon,automatic,177,5er,150000,diesel,bmw,no,13.42
10211,2499,coupe,automatic,147,astra,150000,petrol,opel,no,17.25
10212,8200,limousine,manual,140,golf,125000,petrol,volkswagen,no,12.0
10213,3150,station wagon,manual,116,golf,150000,petrol,volkswagen,no,15.5
10215,4250,limousine,automatic,105,golf,150000,diesel,volkswagen,no,12.75
10217,1299,small car,manual,60,corsa,125000,petrol,opel,no,19.67
10218,3000,limousine,manual,75,golf,125000,petrol,volkswagen,no,17.0
10219,22000,limousine,automatic,387,s_klasse,150000,petrol,mercedes_benz,no,11.92
10220,500,limousine,manual,95,jetta,150000,petrol,volkswagen,no,27.17
10221,5699,cabrio,manual,136,3_reihe,125000,petrol,peugeot,no,14.75
10222,850,small car,manual,58,twingo,150000,petrol,renault,no,21.17
10223,1650,limousine,manual,101,a3,150000,petrol,audi,no,17.5
10226,1111,small car,manual,50,ibiza,150000,petrol,seat,no,20.08
10227,11500,station wagon,manual,102,caddy,125000,diesel,volkswagen,no,5.17
10228,15950,bus,manual,140,others,40000,diesel,ford,no,6.67
10229,10990,limousine,manual,102,1er,90000,petrol,bmw,no,6.75
10232,650,small car,manual,60,fiesta,70000,petrol,ford,yes,20.17
10236,3100,coupe,manual,170,3er,150000,petrol,bmw,no,19.75
10240,1500,small car,manual,58,corsa,5000,petrol,opel,no,16.08
10245,15899,coupe,manual,140,passat,150000,diesel,volkswagen,no,6.75
10246,6950,small car,manual,70,corsa,40000,petrol,opel,no,6.92
10251,1500,coupe,manual,150,others,150000,petrol,mitsubishi,no,26.67
10252,2600,suv,manual,98,golf,150000,petrol,volkswagen,yes,27.33
10253,1250,limousine,manual,143,5er,150000,diesel,bmw,no,19.08
10257,2000,limousine,manual,101,golf,150000,petrol,volkswagen,no,19.75
10258,7900,limousine,automatic,476,e_klasse,100000,petrol,mercedes_benz,yes,14.33
10259,5900,small car,manual,80,polo,60000,petrol,volkswagen,no,10.42
10261,1500,coupe,manual,101,golf,150000,petrol,volkswagen,no,20.0
10263,600,small car,manual,60,punto,150000,petrol,fiat,no,22.33
10264,3600,bus,manual,131,sharan,150000,diesel,volkswagen,no,16.0
10266,3650,coupe,automatic,132,others,150000,petrol,mercedes_benz,no,27.92
10267,3450,cabrio,automatic,116,golf,150000,petrol,volkswagen,no,19.08
10268,1990,cabrio,manual,136,2_reihe,150000,petrol,peugeot,no,15.42
10271,950,coupe,manual,125,cr_reihe,150000,petrol,honda,no,25.08
10272,1650,bus,manual,116,alhambra,150000,diesel,seat,no,18.75
10273,5900,bus,manual,140,s_max,150000,diesel,ford,yes,11.33
10274,3000,station wagon,automatic,150,a4,150000,diesel,audi,yes,18.17
10275,1690,station wagon,automatic,192,5er,150000,petrol,bmw,no,20.5
10276,150,small car,manual,50,fiesta,150000,petrol,ford,yes,17.67
10277,1700,small car,manual,60,polo,90000,petrol,volkswagen,no,19.83
10280,12800,small car,manual,87,others,5000,petrol,opel,no,2.25
10281,24500,limousine,automatic,150,x_reihe,40000,petrol,bmw,no,6.42
10282,1650,small car,automatic,107,clio,150000,petrol,renault,no,16.58
10284,8900,bus,automatic,160,sprinter,150000,diesel,mercedes_benz,no,14.92
10287,3999,limousine,manual,80,golf,150000,petrol,volkswagen,no,16.0
10288,1699,small car,manual,58,corsa,150000,petrol,opel,no,16.42
10289,990,limousine,automatic,211,omega,150000,petrol,opel,no,20.67
10290,16999,station wagon,automatic,170,passat,150000,diesel,volkswagen,no,7.92
10291,300,station wagon,manual,90,others,150000,petrol,ford,yes,21.67
10293,750,limousine,manual,88,3_reihe,150000,petrol,mazda,no,19.33
10295,29000,coupe,automatic,265,others,125000,diesel,mercedes_benz,no,8.0
10296,5600,cabrio,manual,110,mx_reihe,125000,petrol,mazda,no,16.42
10297,18999,bus,manual,140,sharan,60000,diesel,volkswagen,no,7.25
10298,6000,station wagon,manual,86,fabia,125000,petrol,skoda,no,10.5
10299,650,limousine,manual,75,golf,150000,petrol,volkswagen,no,21.42
10302,29500,suv,automatic,333,touareg,125000,hybrid,volkswagen,no,7.17
10303,61900,suv,automatic,258,range_rover_sport,30000,diesel,land_rover,no,4.33
10304,4000,station wagon,manual,140,a3,150000,diesel,audi,no,13.5
10307,19500,cabrio,manual,241,others,80000,petrol,honda,no,14.33
10309,500,limousine,manual,125,a4,150000,petrol,audi,no,23.25
10310,1000,limousine,manual,101,a4,150000,petrol,audi,no,22.33
10312,21500,limousine,automatic,231,e_klasse,150000,diesel,mercedes_benz,no,9.33
10313,26500,cabrio,automatic,204,z_reihe,40000,petrol,bmw,no,7.5
10314,1350,limousine,manual,75,golf,150000,petrol,volkswagen,no,17.75
10315,1980,station wagon,manual,101,astra,150000,petrol,opel,no,17.25
10316,15000,others,manual,100,serie_2,70000,diesel,land_rover,no,36.33
10317,4650,cabrio,manual,95,golf,150000,petrol,volkswagen,no,29.17
10318,2199,bus,manual,75,berlingo,150000,diesel,citroen,no,12.75
10319,6500,coupe,manual,86,ibiza,50000,petrol,seat,no,10.58
10320,999,coupe,manual,102,others,125000,petrol,nissan,no,24.33
10322,2900,limousine,manual,116,3er,150000,petrol,bmw,no,14.42
10324,1400,limousine,manual,75,octavia,150000,petrol,skoda,no,21.58
10327,7490,small car,manual,86,corsa,50000,petrol,opel,no,5.42
10328,1400,bus,manual,120,espace,150000,diesel,renault,no,13.5
10330,7000,station wagon,manual,125,astra,150000,diesel,opel,no,10.67
10331,600,cabrio,manual,71,astra,150000,petrol,opel,no,22.17
10332,499,small car,manual,75,golf,150000,petrol,volkswagen,no,22.25
10333,5700,small car,manual,67,i_reihe,20000,petrol,hyundai,no,10.0
10334,28900,cabrio,automatic,239,a5,80000,diesel,audi,no,7.5
10335,7900,bus,automatic,170,touran,150000,diesel,volkswagen,no,12.42
10336,750,limousine,manual,88,4_reihe,150000,petrol,peugeot,no,27.42
10338,1890,small car,manual,75,lupo,150000,petrol,volkswagen,no,19.5
10340,4399,small car,manual,90,one,150000,petrol,mini,no,15.08
10342,6800,small car,manual,75,2_reihe,40000,petrol,peugeot,no,12.42
10343,20250,limousine,manual,190,a4,90000,diesel,audi,no,7.33
10344,500,coupe,manual,101,3er,150000,petrol,bmw,yes,23.5
10345,15500,limousine,automatic,387,s_klasse,150000,petrol,mercedes_benz,no,12.17
10346,13500,cabrio,manual,204,3er,20000,diesel,bmw,no,12.25
10347,4250,limousine,manual,116,passat,100000,petrol,volkswagen,no,15.75
10348,2400,limousine,manual,110,golf,150000,diesel,volkswagen,no,18.92
10351,1590,small car,manual,75,clio,125000,petrol,renault,no,16.42
10353,1700,station wagon,manual,179,a4,150000,petrol,audi,no,20.33
10357,600,limousine,manual,102,a_klasse,150000,petrol,mercedes_benz,yes,20.83
10358,6999,coupe,automatic,136,c_klasse,150000,petrol,mercedes_benz,no,33.08
10360,999,small car,manual,54,corsa,150000,petrol,opel,no,18.92
10361,2499,station wagon,manual,102,octavia,150000,petrol,skoda,no,17.25
10362,3300,small car,manual,75,yaris,125000,diesel,toyota,no,14.83
10363,6400,small car,automatic,71,fortwo,40000,petrol,smart,no,7.25
10367,11700,station wagon,manual,114,others,125000,diesel,renault,no,8.33
10368,11850,suv,automatic,185,xc_reihe,150000,diesel,volvo,no,12.42
10369,2400,small car,manual,60,fabia,80000,petrol,skoda,no,16.5
10370,10900,small car,manual,68,2_reihe,10000,diesel,peugeot,no,4.58
10372,999,station wagon,manual,135,c5,150000,petrol,citroen,no,15.75
10373,17200,limousine,automatic,306,3er,90000,petrol,bmw,no,11.83
10375,999,small car,manual,55,polo,150000,petrol,volkswagen,no,23.67
10376,4900,bus,manual,129,sprinter,150000,diesel,mercedes_benz,no,13.25
10377,2750,limousine,automatic,170,5er,150000,petrol,bmw,no,22.92
10379,3590,station wagon,manual,105,astra,150000,petrol,opel,no,13.17
10380,1999,station wagon,manual,110,octavia,150000,diesel,skoda,no,18.5
10382,16800,station wagon,automatic,204,a4,125000,diesel,audi,no,6.17
10383,16800,station wagon,manual,160,a4,80000,petrol,audi,no,8.08
10384,1499,bus,manual,107,scenic,150000,petrol,renault,no,16.83
10385,6500,limousine,manual,143,3er,150000,diesel,bmw,no,10.67
10386,450,station wagon,manual,75,golf,150000,petrol,volkswagen,yes,20.0
10387,1690,station wagon,manual,101,zafira,150000,petrol,opel,no,18.5
10389,5900,limousine,automatic,150,e_klasse,150000,diesel,mercedes_benz,no,16.58
10390,2790,small car,manual,54,fox,90000,petrol,volkswagen,no,11.33
10391,1700,bus,manual,116,others,150000,petrol,citroen,no,16.33
10392,5750,small car,manual,68,spark,90000,petrol,chevrolet,no,7.75
10393,9999,limousine,automatic,306,e_klasse,150000,petrol,mercedes_benz,no,15.67
10394,3999,small car,manual,125,focus,125000,petrol,ford,no,11.25
10395,2000,small car,manual,64,polo,150000,petrol,volkswagen,no,15.08
10396,3700,bus,manual,105,meriva,150000,petrol,opel,no,12.08
10397,5880,station wagon,manual,90,astra,125000,petrol,opel,no,10.75
10399,500,small car,manual,45,polo,150000,petrol,volkswagen,no,22.33
10401,3000,station wagon,manual,150,a6,150000,petrol,audi,no,18.25
10404,1250,small car,manual,75,corsa,150000,petrol,opel,no,15.5
10406,2250,station wagon,automatic,101,astra,150000,petrol,opel,no,19.83
10408,1750,small car,manual,60,yaris,150000,petrol,toyota,yes,15.5
10411,13200,cabrio,automatic,184,clk,125000,petrol,mercedes_benz,no,11.67
10412,1700,small car,manual,54,fox,150000,petrol,volkswagen,yes,11.08
10413,5699,small car,manual,90,yaris,100000,diesel,toyota,no,11.42
10414,3999,station wagon,manual,86,logan,150000,diesel,dacia,no,8.08
10415,950,limousine,automatic,75,corsa,150000,petrol,opel,no,17.33
10416,3299,station wagon,manual,150,a4,150000,petrol,audi,no,17.67
10419,52500,cabrio,automatic,315,boxster,20000,petrol,porsche,no,5.25
10422,590,limousine,manual,101,a4,150000,petrol,audi,yes,22.33
10423,17000,bus,manual,140,transit,125000,diesel,ford,no,6.33
10424,6500,suv,automatic,254,others,150000,petrol,chevrolet,no,19.08
10425,3800,small car,manual,69,c1,80000,petrol,citroen,no,10.17
10426,9900,limousine,manual,122,golf,80000,petrol,volkswagen,no,7.17
10427,1990,station wagon,manual,116,mondeo,150000,diesel,ford,no,15.33
10428,4999,limousine,manual,140,golf,150000,diesel,volkswagen,no,12.58
10430,500,small car,manual,54,twingo,150000,petrol,renault,yes,23.92
10431,9700,small car,manual,86,a1,60000,petrol,audi,no,7.25
10433,1000,station wagon,manual,150,a4,150000,diesel,audi,yes,20.25
10434,6950,limousine,manual,122,1er,100000,petrol,bmw,no,9.5
10435,10500,coupe,automatic,218,crossfire,100000,petrol,chrysler,no,11.67
10439,1950,small car,manual,60,corsa,150000,petrol,opel,no,12.33
10440,900,small car,manual,188,punto,125000,petrol,fiat,no,17.83
10442,8000,station wagon,automatic,232,a4,150000,diesel,audi,no,12.25
10444,8900,station wagon,manual,154,mondeo,90000,petrol,ford,no,8.25
10447,34000,coupe,manual,184,others,5000,petrol,bmw,no,2.25
10448,1250,limousine,manual,75,focus,150000,petrol,ford,no,16.5
10449,4500,station wagon,manual,102,octavia,150000,petrol,skoda,yes,10.58
10450,17290,suv,automatic,224,m_klasse,125000,diesel,mercedes_benz,no,12.17
10451,11800,small car,manual,90,fabia,50000,diesel,skoda,no,5.25
10452,11990,bus,manual,140,sharan,150000,diesel,volkswagen,no,8.08
10454,1990,small car,manual,69,fiesta,150000,petrol,ford,no,15.0
10455,10000,cabrio,automatic,231,sl,150000,petrol,mercedes_benz,no,22.17
10456,7299,station wagon,manual,140,mondeo,150000,diesel,ford,no,10.67
10457,1650,limousine,manual,101,megane,150000,diesel,renault,no,15.42
10459,3333,station wagon,manual,77,transporter,150000,diesel,volkswagen,no,24.5
10461,1690,limousine,manual,193,others,150000,petrol,nissan,no,21.0
10463,9999,cabrio,manual,204,boxster,125000,petrol,porsche,no,20.08
10465,1550,station wagon,manual,75,astra,125000,petrol,opel,no,18.42
10466,15500,station wagon,manual,120,a4,70000,petrol,audi,no,8.33
10467,19800,suv,automatic,175,cx_reihe,125000,diesel,mazda,no,6.67
10468,10499,limousine,automatic,143,a4,150000,diesel,audi,no,10.17
10473,5699,limousine,manual,102,golf,100000,petrol,volkswagen,no,13.67
10475,3999,coupe,manual,150,others,150000,petrol,alfa_romeo,no,20.42
10476,16500,limousine,automatic,231,c_klasse,125000,petrol,mercedes_benz,no,11.5
10477,15500,limousine,automatic,177,5er,150000,diesel,bmw,no,9.25
10478,2580,small car,manual,68,aygo,150000,lpg,toyota,no,12.5
10481,8700,cabrio,manual,126,mx_reihe,80000,petrol,mazda,no,12.58
10482,15700,station wagon,automatic,272,5er,150000,petrol,bmw,no,11.5
10484,2999,small car,manual,75,clio,90000,petrol,renault,no,11.83
10488,750,station wagon,manual,170,3er,150000,petrol,bmw,yes,22.5
10489,4900,coupe,automatic,193,3er,125000,petrol,bmw,no,22.5
10491,2790,station wagon,manual,105,logan,150000,petrol,dacia,no,10.67
10492,749,small car,manual,54,micra,150000,petrol,nissan,no,19.75
10493,11940,bus,manual,105,golf,80000,diesel,volkswagen,no,6.58
10495,19000,limousine,manual,120,a4,50000,diesel,audi,no,7.5
10496,4890,cabrio,automatic,193,slk,150000,petrol,mercedes_benz,no,20.25
10497,1890,small car,automatic,54,fortwo,125000,petrol,smart,no,15.08
10499,29450,suv,automatic,245,q7,150000,diesel,audi,yes,8.75
10500,2950,bus,manual,116,sharan,150000,petrol,volkswagen,no,17.25
10501,5250,bus,manual,101,zafira,150000,diesel,opel,no,12.0
10503,3250,station wagon,manual,120,laguna,150000,diesel,renault,no,15.5
10504,1990,station wagon,manual,87,combo,90000,petrol,opel,no,15.25
10505,800,limousine,manual,150,e_klasse,150000,petrol,mercedes_benz,yes,21.92
10506,6700,station wagon,automatic,204,e_klasse,150000,diesel,mercedes_benz,no,14.25
10507,11500,limousine,manual,99,i_reihe,50000,petrol,hyundai,no,4.75
10508,4700,station wagon,manual,150,signum,150000,diesel,opel,no,13.5
10509,12490,limousine,automatic,177,1er,150000,diesel,bmw,no,7.17
10510,1200,small car,manual,45,twingo,150000,petrol,renault,no,17.67
10511,4800,limousine,manual,143,others,150000,diesel,mercedes_benz,no,17.42
10513,4198,bus,manual,105,touran,150000,diesel,volkswagen,no,14.92
10514,17500,station wagon,manual,184,5er,150000,diesel,bmw,no,7.08
10515,888,small car,manual,40,corsa,150000,petrol,opel,no,20.0
10518,4500,station wagon,manual,135,others,150000,diesel,renault,no,14.83
10519,3599,small car,manual,64,polo,90000,petrol,volkswagen,no,12.25
10521,1500,limousine,manual,125,a3,150000,petrol,audi,no,20.75
10522,1350,small car,manual,60,2_reihe,150000,petrol,peugeot,no,14.33
10524,8499,limousine,automatic,204,s_klasse,150000,diesel,mercedes_benz,no,13.42
10527,9000,coupe,automatic,170,clk,125000,petrol,mercedes_benz,no,16.67
10531,19500,limousine,automatic,232,q7,150000,diesel,audi,no,11.42
10532,14500,coupe,automatic,177,1er,150000,diesel,bmw,yes,10.42
10533,1300,small car,manual,90,a_klasse,150000,petrol,mercedes_benz,no,20.0
10535,2200,station wagon,manual,193,passat,150000,petrol,volkswagen,no,16.25
10536,2799,cabrio,automatic,116,golf,150000,petrol,volkswagen,no,19.67
10537,1550,others,manual,125,a3,150000,petrol,audi,no,19.33
10538,1800,small car,manual,69,fiesta,150000,petrol,ford,no,15.67
10539,11500,station wagon,automatic,192,5er,125000,petrol,bmw,no,13.17
10540,1950,limousine,manual,150,5er,150000,petrol,bmw,no,21.25
10541,5100,limousine,manual,75,sandero,30000,petrol,dacia,yes,9.92
10545,1450,limousine,manual,101,bora,150000,petrol,volkswagen,no,19.75
10546,46900,coupe,manual,325,911,60000,petrol,porsche,no,13.33
10547,3900,limousine,manual,231,x_reihe,150000,petrol,bmw,no,19.0
10548,23500,limousine,manual,184,leon,30000,diesel,seat,no,4.33
10549,1200,limousine,manual,116,golf,150000,petrol,volkswagen,no,23.67
10550,5500,small car,manual,68,others,50000,petrol,toyota,no,8.58
10551,1850,small car,manual,75,clio,150000,petrol,renault,no,14.33
10552,15700,suv,manual,189,others,90000,petrol,mini,no,7.5
10553,11800,limousine,manual,170,leon,100000,diesel,seat,no,8.58
10554,12800,station wagon,manual,122,passat,80000,petrol,volkswagen,no,8.83
10556,1900,small car,manual,75,cordoba,150000,petrol,seat,no,14.67
10558,1850,limousine,manual,122,others,150000,petrol,mercedes_benz,no,26.25
10559,9999,station wagon,automatic,232,a6,150000,diesel,audi,no,10.08
10561,3300,bus,manual,98,others,100000,petrol,mitsubishi,no,15.17
10565,5500,station wagon,manual,150,3er,150000,diesel,bmw,no,16.42
10567,1999,limousine,manual,143,5er,150000,diesel,bmw,no,23.08
10568,2450,limousine,manual,101,focus,150000,petrol,ford,no,13.67
10569,1000,coupe,manual,139,others,150000,petrol,hyundai,no,23.0
10570,1400,small car,manual,60,polo,150000,petrol,volkswagen,no,18.42
10571,11250,small car,manual,90,polo,60000,diesel,volkswagen,no,6.92
10572,1800,limousine,manual,110,mondeo,150000,petrol,ford,no,17.58
10574,1950,small car,manual,69,ka,70000,petrol,ford,no,12.25
10577,17999,limousine,manual,116,1er,60000,diesel,bmw,no,6.58
10578,6350,cabrio,manual,98,golf,150000,petrol,volkswagen,no,26.42
10581,8500,station wagon,manual,170,a4,150000,diesel,audi,yes,9.08
10584,3200,small car,automatic,71,fortwo,125000,petrol,smart,no,8.42
10585,4399,limousine,manual,109,3_reihe,125000,diesel,peugeot,no,12.42
10587,27990,suv,manual,140,q3,30000,diesel,audi,no,4.75
10588,2500,small car,manual,116,beetle,150000,petrol,volkswagen,no,17.5
10589,2600,limousine,manual,143,3er,150000,petrol,bmw,no,16.17
10590,4500,suv,manual,82,niva,50000,petrol,lada,no,11.58
10591,990,suv,manual,69,others,100000,petrol,suzuki,yes,26.08
10593,3600,small car,manual,69,panda,150000,petrol,fiat,no,7.17
10594,1250,small car,manual,50,arosa,125000,petrol,seat,no,18.83
10596,4700,small car,manual,140,golf,150000,diesel,volkswagen,no,11.67
10597,4800,limousine,manual,160,astra,150000,petrol,opel,no,18.25
10600,1950,limousine,manual,102,golf,150000,petrol,volkswagen,no,17.33
10601,1200,limousine,manual,102,3er,150000,petrol,bmw,yes,24.33
10603,57500,suv,automatic,258,others,10000,diesel,mercedes_benz,no,3.58
10604,1200,bus,manual,145,galaxy,150000,petrol,ford,no,18.08
10606,5500,coupe,automatic,163,c_klasse,150000,petrol,mercedes_benz,no,14.08
10608,17999,limousine,manual,140,golf,30000,petrol,volkswagen,no,4.33
10609,3500,limousine,manual,136,3er,150000,diesel,bmw,no,20.92
10610,3333,limousine,automatic,165,a6,150000,lpg,audi,no,19.67
10611,999,small car,manual,58,corsa,150000,petrol,opel,no,17.08
10612,2000,limousine,manual,101,passat,150000,petrol,volkswagen,no,20.42
10613,14600,limousine,manual,143,a4,100000,diesel,audi,no,8.42
10615,31700,cabrio,automatic,150,others,20000,diesel,audi,no,3.25
10617,7299,limousine,manual,101,astra,100000,petrol,opel,no,8.67
10619,5555,limousine,manual,140,a3,150000,diesel,audi,no,13.67
10620,6900,bus,manual,90,others,150000,diesel,peugeot,no,5.08
10622,6100,station wagon,manual,163,3er,150000,diesel,bmw,yes,11.67
10623,1249,small car,manual,60,ka,100000,petrol,ford,no,12.42
10624,7000,bus,automatic,116,vito,150000,diesel,mercedes_benz,no,11.33
10625,4500,small car,manual,116,cooper,150000,petrol,mini,no,14.92
10626,21600,suv,automatic,239,q7,150000,diesel,audi,no,9.67
10627,1950,bus,manual,75,kangoo,90000,petrol,renault,no,17.25
10628,5800,suv,manual,141,tucson,150000,lpg,hyundai,no,14.0
10629,79980,cabrio,manual,385,911,20000,petrol,porsche,no,7.5
10630,8500,limousine,manual,102,golf,100000,petrol,volkswagen,no,9.75
10631,6300,limousine,manual,87,logan,40000,petrol,dacia,no,8.92
10632,5400,small car,manual,75,polo,70000,petrol,volkswagen,no,11.17
10633,1700,bus,manual,150,sharan,150000,petrol,volkswagen,no,19.58
10634,145,coupe,manual,69,ibiza,10000,petrol,seat,no,3.42
10635,2200,station wagon,automatic,143,e_klasse,150000,diesel,mercedes_benz,no,18.5
10636,8500,limousine,manual,125,a3,150000,petrol,audi,no,9.5
10637,24999,bus,automatic,140,transporter,70000,diesel,volkswagen,no,6.17
10638,28899,bus,automatic,156,b_klasse,5000,petrol,mercedes_benz,no,3.75
10639,1400,cabrio,manual,101,golf,150000,petrol,volkswagen,no,21.25
10640,1999,small car,automatic,54,fortwo,125000,petrol,smart,no,18.58
10642,1550,small car,manual,54,micra,150000,petrol,nissan,no,18.25
10646,13999,station wagon,automatic,143,3er,150000,diesel,bmw,no,6.08
10648,5450,limousine,manual,140,a6,150000,diesel,audi,no,13.92
10649,3000,cabrio,manual,193,slk,150000,petrol,mercedes_benz,no,20.58
10651,24500,coupe,automatic,204,e_klasse,50000,petrol,mercedes_benz,no,8.83
10652,12400,cabrio,manual,192,z_reihe,50000,petrol,bmw,no,21.5
10653,8250,limousine,automatic,257,a6,150000,petrol,audi,yes,14.5
10654,3560,coupe,manual,179,tt,150000,petrol,audi,no,18.08
10656,2280,station wagon,manual,141,ptcruiser,150000,petrol,chrysler,no,18.92
10657,11999,limousine,manual,141,qashqai,90000,petrol,nissan,no,8.17
10659,1600,limousine,automatic,193,5er,150000,petrol,bmw,no,22.33
10661,2650,bus,manual,116,galaxy,150000,lpg,ford,no,17.67
10662,6000,limousine,manual,200,golf,150000,petrol,volkswagen,no,13.42
10663,580,small car,manual,54,twingo,150000,petrol,renault,no,22.67
10664,5299,small car,automatic,11,others,30000,electro,renault,no,6.33
10666,10600,limousine,manual,116,astra,40000,petrol,opel,no,4.25
10668,1500,small car,manual,75,modus,90000,petrol,renault,yes,12.5
10669,2500,limousine,manual,85,beetle,150000,petrol,volkswagen,no,19.33
10670,650,bus,manual,95,scenic,150000,petrol,renault,yes,16.17
10671,7499,cabrio,automatic,226,slk,150000,petrol,mercedes_benz,no,15.08
10675,2700,limousine,manual,170,golf,150000,petrol,volkswagen,yes,12.83
10676,800,small car,manual,45,others,80000,petrol,citroen,no,21.25
10677,11100,limousine,manual,218,x_reihe,150000,diesel,bmw,no,13.08
10678,2999,limousine,manual,150,5er,150000,petrol,bmw,no,19.25
10680,1690,station wagon,manual,116,focus,125000,petrol,ford,no,18.0
10682,17900,cabrio,manual,184,cooper,60000,petrol,mini,no,7.08
10684,1699,limousine,manual,102,a4,150000,petrol,audi,no,22.92
10686,10500,limousine,manual,140,a3,150000,diesel,audi,no,11.58
10687,14500,cabrio,automatic,120,2_reihe,10000,petrol,peugeot,no,4.08
10690,1450,small car,manual,50,polo,150000,petrol,volkswagen,no,21.75
10691,3800,station wagon,automatic,170,c_klasse,150000,diesel,mercedes_benz,no,16.25
10695,2398,station wagon,manual,136,touran,150000,diesel,volkswagen,no,15.92
10697,8250,station wagon,automatic,140,golf,150000,diesel,volkswagen,no,9.5
10698,2500,small car,manual,75,polo,150000,diesel,volkswagen,no,18.0
10700,2299,bus,manual,122,sprinter,150000,diesel,mercedes_benz,no,21.92
10701,8000,station wagon,manual,143,c_klasse,80000,petrol,mercedes_benz,no,13.08
10702,1400,limousine,manual,116,astra,150000,petrol,opel,no,20.83
10703,8999,limousine,manual,120,others,70000,petrol,alfa_romeo,no,7.5
10705,2000,coupe,manual,247,clk,150000,petrol,mercedes_benz,no,19.42
10706,1100,small car,manual,75,fiesta,150000,petrol,ford,no,21.0
10707,9490,cabrio,manual,98,golf,100000,petrol,volkswagen,no,25.0
10708,19990,limousine,manual,184,3er,150000,diesel,bmw,no,5.25
10710,3700,station wagon,automatic,120,astra,150000,diesel,opel,no,11.83
10711,12500,station wagon,manual,179,a4,125000,petrol,audi,no,9.5
10714,18900,suv,automatic,174,touareg,150000,diesel,volkswagen,no,10.5
10715,1999,small car,manual,50,lupo,150000,petrol,volkswagen,no,17.0
10717,1850,station wagon,manual,90,golf,150000,diesel,volkswagen,no,19.0
10718,1950,limousine,automatic,193,3er,150000,petrol,bmw,no,18.08
10721,3999,small car,manual,60,c2,70000,petrol,citroen,no,11.0
10722,2750,cabrio,automatic,150,3er,150000,petrol,bmw,no,21.58
10724,950,limousine,manual,116,vectra,150000,petrol,opel,no,20.58
10725,16500,limousine,automatic,143,a4,90000,diesel,audi,no,10.33
10727,900,limousine,manual,75,vectra,125000,petrol,opel,no,20.33
10728,3500,limousine,manual,204,golf,150000,petrol,volkswagen,no,20.0
10729,2499,small car,manual,69,ka,70000,petrol,ford,no,10.25
10730,2900,small car,manual,69,c1,125000,petrol,citroen,no,13.08
10731,990,limousine,automatic,131,mondeo,150000,petrol,ford,no,18.67
10733,200,small car,automatic,43,cuore,100000,petrol,daihatsu,yes,23.25
10735,6000,station wagon,manual,84,logan,125000,petrol,dacia,no,6.08
10736,8300,suv,manual,150,x_reihe,150000,diesel,bmw,no,13.0
10739,21500,cabrio,manual,140,golf,50000,diesel,volkswagen,no,6.5
10740,57599,bus,manual,110,transporter,5000,petrol,volkswagen,no,59.5
10741,51899,coupe,automatic,420,others,100000,petrol,audi,no,10.83
10742,8490,limousine,manual,101,focus,70000,petrol,ford,no,8.92
10744,500,station wagon,manual,90,passat,125000,petrol,volkswagen,yes,27.33
10745,6800,station wagon,manual,105,caddy,125000,diesel,volkswagen,no,10.58
10746,2400,small car,manual,90,2_reihe,150000,diesel,peugeot,no,15.75
10748,4700,small car,manual,105,a3,150000,diesel,audi,no,13.0
10749,7999,station wagon,manual,131,insignia,150000,diesel,opel,no,8.92
10751,9850,bus,manual,130,others,150000,diesel,renault,no,8.17
10755,6900,cabrio,manual,170,a4,150000,petrol,audi,no,16.5
10756,1500,others,manual,75,doblo,150000,diesel,fiat,yes,12.58
10757,57900,limousine,automatic,204,q7,10000,diesel,audi,no,3.25
10759,11000,station wagon,manual,140,astra,80000,petrol,opel,no,7.67
10760,1100,small car,manual,48,corsa,150000,petrol,opel,no,20.58
10761,899,small car,manual,50,ibiza,150000,petrol,seat,no,21.75
10762,1700,limousine,automatic,102,golf,150000,petrol,volkswagen,no,17.83
10763,450,limousine,manual,102,3er,150000,petrol,bmw,no,25.0
10764,7500,limousine,automatic,185,s_klasse,125000,petrol,mercedes_benz,no,28.08
10766,1500,limousine,manual,174,80,150000,petrol,audi,no,26.17
10769,8500,station wagon,manual,170,a4,150000,diesel,audi,no,11.5
10770,4500,small car,manual,90,corsa,125000,petrol,opel,no,10.83
10772,999,limousine,manual,60,golf,60000,petrol,volkswagen,no,23.75
10774,6500,limousine,automatic,145,e_klasse,150000,diesel,mercedes_benz,no,15.25
10775,1100,limousine,manual,116,147,150000,diesel,alfa_romeo,no,17.0
10776,2690,station wagon,automatic,170,5er,150000,petrol,bmw,no,18.58
10777,9400,limousine,manual,105,golf,125000,diesel,volkswagen,no,9.75
10780,950,small car,manual,58,clio,150000,petrol,renault,no,19.08
10782,1500,coupe,manual,125,astra,150000,petrol,opel,yes,16.0
10783,3850,suv,automatic,218,m_klasse,150000,petrol,mercedes_benz,no,19.0
10784,899,small car,manual,60,polo,150000,petrol,volkswagen,no,21.08
10785,17900,station wagon,manual,170,a4,80000,diesel,audi,no,7.75
10787,13999,limousine,automatic,272,5er,150000,diesel,bmw,no,12.08
10790,1590,limousine,manual,101,vectra,150000,petrol,opel,no,20.0
10791,9999,suv,automatic,171,others,150000,diesel,nissan,yes,12.0
10793,2500,small car,manual,68,fiesta,150000,diesel,ford,no,12.0
10795,3499,station wagon,automatic,100,e_klasse,150000,petrol,mercedes_benz,no,22.58
10797,16990,station wagon,manual,194,a4,90000,diesel,audi,no,6.33
10798,34500,suv,automatic,190,range_rover_evoque,60000,diesel,land_rover,no,6.33
10799,8000,limousine,manual,122,1er,80000,petrol,bmw,no,10.67
10801,790,limousine,manual,88,3_reihe,125000,petrol,peugeot,yes,19.33
10802,300,small car,manual,58,twingo,150000,petrol,renault,no,20.17
10803,1695,limousine,manual,150,147,150000,petrol,alfa_romeo,no,16.67
10804,750,small car,automatic,54,fortwo,150000,petrol,smart,no,17.08
10807,14900,limousine,manual,184,c_klasse,40000,petrol,mercedes_benz,no,9.33
10808,2799,station wagon,automatic,163,5er,150000,diesel,bmw,no,15.42
10811,4950,limousine,automatic,204,e_klasse,125000,petrol,mercedes_benz,no,21.33
10812,8700,suv,manual,86,jimny,90000,petrol,suzuki,no,8.25
10813,6990,small car,automatic,71,fortwo,30000,petrol,smart,no,6.33
10814,1199,bus,manual,101,zafira,150000,petrol,opel,no,19.75
10817,11900,limousine,automatic,143,a4,150000,diesel,audi,no,10.83
10818,4600,limousine,manual,102,a3,150000,petrol,audi,no,15.67
10819,5200,limousine,manual,102,golf,125000,petrol,volkswagen,no,14.58
10820,2800,small car,manual,60,polo,100000,petrol,volkswagen,no,18.83
10821,4300,station wagon,manual,165,others,150000,lpg,subaru,no,14.67
10823,10500,station wagon,manual,200,a4,150000,petrol,audi,no,11.83
10825,12500,limousine,manual,99,civic,50000,petrol,honda,no,5.33
10827,1549,small car,manual,68,corsa,150000,petrol,opel,no,17.75
10828,23900,coupe,manual,305,mustang,30000,petrol,ford,no,10.67
10830,4800,small car,manual,90,one,100000,petrol,mini,no,15.83
10831,14900,cabrio,manual,211,others,150000,petrol,porsche,no,27.08
10832,7500,limousine,automatic,136,e_klasse,60000,petrol,mercedes_benz,no,33.25
10833,1300,small car,manual,54,seicento,60000,petrol,fiat,no,15.08
10834,7899,station wagon,manual,140,passat,150000,diesel,volkswagen,no,11.17
10836,888,small car,manual,58,twingo,150000,petrol,renault,no,20.5
10838,2900,small car,manual,60,punto,125000,petrol,fiat,no,15.0
10840,650,limousine,manual,116,vectra,150000,petrol,opel,no,21.0
10842,10500,limousine,manual,90,auris,100000,diesel,toyota,no,7.0
10843,3900,station wagon,automatic,143,c_klasse,150000,petrol,mercedes_benz,no,16.58
10844,800,small car,manual,60,corsa,125000,petrol,opel,no,22.42
10845,2600,limousine,manual,192,3er,150000,petrol,bmw,no,17.42
10846,13500,limousine,manual,177,3er,100000,diesel,bmw,no,10.67
10847,500,station wagon,manual,200,v40,150000,petrol,volvo,yes,20.83
10849,700,small car,manual,58,twingo,150000,petrol,renault,no,18.67
10851,2750,limousine,manual,101,golf,150000,diesel,volkswagen,no,15.42
10852,1950,limousine,manual,116,golf,150000,petrol,volkswagen,no,19.92
10854,800,small car,manual,45,1_reihe,150000,petrol,peugeot,no,22.67
10855,999,limousine,manual,101,a4,150000,petrol,audi,yes,20.08
10857,695,small car,manual,54,polo,150000,petrol,volkswagen,no,23.58
10858,800,small car,manual,60,ibiza,150000,petrol,seat,no,20.58
10861,12499,limousine,manual,125,focus,30000,petrol,ford,no,5.42
10864,15749,station wagon,manual,211,a4,150000,petrol,audi,no,9.83
10867,350,small car,manual,101,a3,150000,petrol,audi,yes,21.0
10869,950,coupe,manual,170,others,150000,petrol,ford,no,20.0
10872,4300,station wagon,manual,163,a4,150000,diesel,audi,no,13.5
10873,5200,station wagon,manual,135,4_reihe,100000,petrol,peugeot,no,13.92
10874,850,station wagon,automatic,122,c_klasse,150000,petrol,mercedes_benz,yes,22.67
10875,1750,cabrio,manual,61,fortwo,100000,petrol,smart,no,17.58
10876,10300,station wagon,manual,136,others,150000,diesel,volkswagen,no,10.17
10877,18900,bus,manual,215,transporter,150000,diesel,volkswagen,yes,10.25
10878,7350,limousine,manual,155,1er,125000,petrol,bmw,no,10.5
10879,1600,limousine,manual,136,others,150000,petrol,mercedes_benz,no,21.08
10882,3600,coupe,manual,193,3er,150000,petrol,bmw,no,19.5
10883,4900,small car,manual,69,500,150000,petrol,fiat,no,10.5
10884,18990,station wagon,manual,143,a4,50000,diesel,audi,no,7.5
10889,250,small car,manual,60,ka,90000,petrol,ford,yes,19.17
10890,6200,coupe,manual,143,3er,150000,petrol,bmw,no,14.25
10891,39950,limousine,automatic,184,5er,60000,diesel,bmw,no,4.25
10892,6850,cabrio,manual,150,astra,150000,diesel,opel,no,12.0
10893,500,station wagon,manual,68,others,150000,diesel,ford,no,20.25
10894,1250,station wagon,manual,120,laguna,150000,diesel,renault,no,14.58
10895,1500,small car,manual,101,clio,150000,diesel,renault,no,14.42
10896,2200,bus,manual,132,sharan,150000,diesel,volkswagen,no,19.92
10897,499,limousine,manual,101,astra,150000,petrol,opel,no,21.58
10898,8500,coupe,automatic,231,3er,150000,petrol,bmw,no,15.25
10899,2899,cabrio,manual,116,golf,150000,petrol,volkswagen,no,17.25
10900,8500,coupe,automatic,163,clk,150000,petrol,mercedes_benz,no,13.33
10901,4990,small car,manual,77,jazz,80000,petrol,honda,no,10.83
10903,2000,limousine,manual,125,a4,150000,petrol,audi,no,20.08
10904,1650,small car,manual,60,ka,150000,petrol,ford,no,15.83
10905,2300,small car,manual,54,polo,150000,petrol,volkswagen,no,15.25
10907,2000,limousine,manual,140,mondeo,150000,petrol,ford,no,16.83
10908,3990,limousine,manual,125,mondeo,60000,petrol,ford,no,16.42
10910,750,station wagon,manual,116,passat,150000,petrol,volkswagen,no,24.08
10911,4950,limousine,manual,83,civic,150000,petrol,honda,no,12.83
10912,28490,suv,automatic,284,wrangler,60000,petrol,jeep,no,5.25
10913,22500,limousine,automatic,136,a_klasse,90000,diesel,mercedes_benz,no,6.92
10916,850,small car,manual,60,polo,150000,petrol,volkswagen,no,21.58
10918,23900,limousine,automatic,218,1er,50000,petrol,bmw,no,5.33
10920,1400,limousine,manual,109,3_reihe,100000,petrol,peugeot,yes,17.92
10923,5300,limousine,manual,150,3er,60000,petrol,bmw,no,19.75
10924,2600,cabrio,manual,71,astra,125000,petrol,opel,no,25.25
10926,7990,station wagon,manual,105,passat,150000,diesel,volkswagen,no,9.17
10927,1500,station wagon,automatic,125,e_klasse,150000,diesel,mercedes_benz,no,19.58
10930,1990,small car,manual,75,golf,150000,petrol,volkswagen,no,17.25
10931,26600,bus,automatic,150,golf,20000,diesel,volkswagen,no,4.75
10932,12450,station wagon,manual,163,3er,150000,diesel,bmw,no,11.42
10933,13000,suv,automatic,224,m_klasse,125000,diesel,mercedes_benz,no,9.58
10934,7800,suv,manual,160,freelander,150000,diesel,land_rover,no,11.83
10936,8500,small car,manual,75,up,70000,petrol,volkswagen,no,6.33
10937,5500,limousine,manual,170,others,150000,diesel,mercedes_benz,no,14.08
10939,2200,station wagon,automatic,170,e_klasse,150000,petrol,mercedes_benz,no,20.33
10940,600,small car,manual,50,lupo,150000,petrol,volkswagen,yes,16.25
10943,1999,limousine,automatic,170,c_klasse,150000,petrol,mercedes_benz,yes,17.0
10944,300,small car,manual,75,golf,150000,petrol,volkswagen,yes,22.17
10949,1111,limousine,manual,109,others,150000,petrol,mercedes_benz,no,25.67
10951,2500,limousine,automatic,156,s_klasse,150000,petrol,mercedes_benz,yes,42.0
10952,3200,small car,manual,68,c1,80000,petrol,citroen,no,11.92
10953,3500,station wagon,manual,136,3er,150000,diesel,bmw,no,17.42
10955,12950,cabrio,manual,120,cooper,80000,petrol,mini,no,9.33
10957,8500,station wagon,automatic,197,5er,150000,diesel,bmw,no,11.83
10958,1500,station wagon,manual,136,omega,150000,petrol,opel,no,19.17
10960,6498,limousine,manual,150,signum,125000,diesel,opel,no,11.58
10961,1995,limousine,manual,84,astra,125000,petrol,opel,no,17.58
10962,990,small car,manual,50,arosa,150000,petrol,seat,no,14.58
10963,1300,station wagon,manual,116,focus,150000,petrol,ford,no,19.58
10964,2500,coupe,manual,150,3er,150000,petrol,bmw,no,19.58
10966,6995,small car,manual,75,swift,80000,diesel,suzuki,no,6.33
10967,35900,cabrio,manual,250,911,150000,petrol,porsche,no,28.08
10968,4899,limousine,manual,150,3er,150000,diesel,bmw,no,14.25
10970,8700,small car,manual,143,ibiza,150000,diesel,seat,no,8.58
10973,690,limousine,manual,109,others,150000,petrol,mercedes_benz,yes,27.25
10975,2000,small car,manual,80,golf,150000,petrol,volkswagen,yes,12.0
10976,8200,station wagon,automatic,163,e_klasse,150000,petrol,mercedes_benz,no,13.25
10977,9100,limousine,automatic,129,1er,100000,petrol,bmw,no,12.92
10978,800,limousine,automatic,190,others,150000,petrol,citroen,yes,19.0
10982,15450,small car,automatic,90,others,5000,petrol,mazda,no,3.67
10983,4299,limousine,manual,115,c_klasse,150000,diesel,mercedes_benz,no,17.25
10985,2200,small car,manual,64,polo,150000,petrol,volkswagen,no,16.75
10986,7500,limousine,automatic,333,7er,150000,lpg,bmw,no,16.17
10987,1100,station wagon,manual,90,golf,150000,diesel,volkswagen,no,19.42
10988,4500,limousine,manual,143,golf,150000,diesel,volkswagen,no,8.5
10989,1500,limousine,automatic,95,a_klasse,150000,diesel,mercedes_benz,yes,16.92
10991,2000,limousine,automatic,90,a_klasse,150000,diesel,mercedes_benz,no,18.67
10992,993,small car,manual,50,polo,150000,petrol,volkswagen,no,21.0
10994,8900,bus,manual,140,s_max,150000,diesel,ford,no,12.58
10995,1300,station wagon,manual,101,focus,150000,petrol,ford,no,17.58
10997,5900,limousine,manual,102,golf,125000,petrol,volkswagen,no,11.42
10998,500,small car,automatic,41,fortwo,150000,diesel,smart,no,17.58
10999,1500,limousine,manual,113,80,150000,petrol,audi,no,29.75
11000,4950,limousine,manual,71,others,40000,petrol,lada,no,24.0
11001,5100,cabrio,automatic,71,fortwo,80000,petrol,smart,no,11.42
11002,350,small car,manual,45,corsa,150000,petrol,opel,yes,18.0
11003,6850,small car,manual,105,ibiza,125000,diesel,seat,no,9.92
11004,6800,suv,manual,174,navara,150000,diesel,nissan,no,12.33
11005,10900,bus,manual,86,caddy,100000,petrol,volkswagen,no,6.17
11007,12999,small car,manual,150,golf,150000,petrol,volkswagen,no,13.42
11008,4400,coupe,manual,125,astra,125000,petrol,opel,no,13.5
11011,3900,station wagon,manual,170,5er,150000,petrol,bmw,no,16.83
11012,22500,station wagon,manual,250,focus,30000,petrol,ford,no,4.25
11013,980,small car,manual,60,fiesta,150000,petrol,ford,no,14.92
11014,2000,station wagon,manual,101,astra,150000,petrol,opel,no,18.42
11015,11300,station wagon,manual,140,a4,125000,diesel,audi,no,11.67
11017,3900,limousine,manual,116,c_klasse,150000,diesel,mercedes_benz,no,17.25
11018,17700,limousine,automatic,177,x_reihe,125000,diesel,bmw,no,8.33
11019,4700,small car,automatic,61,fortwo,50000,petrol,smart,no,6.33
11021,18500,limousine,automatic,235,golf,80000,petrol,volkswagen,no,7.83
11023,3499,bus,manual,110,others,150000,diesel,hyundai,no,11.33
11024,5790,coupe,manual,120,3_reihe,90000,petrol,peugeot,no,10.25
11026,1990,bus,manual,116,espace,150000,diesel,renault,no,14.08
11029,5100,limousine,automatic,150,e_klasse,150000,diesel,mercedes_benz,no,16.58
11030,1450,limousine,manual,184,5er,150000,diesel,bmw,no,19.92
11031,2850,limousine,manual,150,e_klasse,150000,petrol,mercedes_benz,no,24.92
11032,1100,station wagon,manual,75,astra,150000,diesel,opel,no,17.5
11033,1250,others,manual,88,3_reihe,150000,petrol,mazda,no,23.0
11034,5899,limousine,manual,143,c_klasse,100000,petrol,mercedes_benz,no,14.83
11038,3990,station wagon,manual,125,forester,150000,petrol,subaru,no,15.42
11039,1000,limousine,automatic,174,a4,150000,petrol,audi,yes,23.0
11040,1799,small car,manual,58,cuore,80000,petrol,daihatsu,no,13.67
11041,5150,small car,automatic,84,fortwo,50000,petrol,smart,no,11.5
11042,25490,coupe,manual,280,others,30000,petrol,toyota,no,4.42
11043,16600,limousine,manual,265,others,125000,petrol,audi,no,10.42
11044,9499,station wagon,manual,280,vectra,150000,petrol,opel,no,10.42
11045,1200,bus,manual,115,others,150000,petrol,citroen,no,18.08
11046,2222,station wagon,manual,129,c_klasse,150000,petrol,mercedes_benz,no,17.92
11047,3200,cabrio,manual,95,others,70000,petrol,ford,no,13.67
11048,1290,limousine,manual,125,a4,150000,petrol,audi,no,20.83
11049,850,station wagon,manual,116,focus,150000,petrol,ford,no,18.42
11054,16999,coupe,manual,218,1er,125000,petrol,bmw,no,9.75
11055,5650,station wagon,manual,131,a4,150000,diesel,audi,no,14.58
11060,28500,limousine,automatic,258,x_reihe,125000,diesel,bmw,no,6.08
11061,1150,limousine,automatic,113,3er,150000,petrol,bmw,no,25.92
11064,10000,bus,manual,95,others,40000,diesel,fiat,no,5.58
11067,2850,limousine,manual,131,passat,150000,diesel,volkswagen,no,16.83
11068,150,small car,manual,54,seicento,70000,petrol,fiat,no,15.08
11069,5550,bus,manual,140,touran,150000,diesel,volkswagen,no,11.83
11070,6200,cabrio,manual,150,beetle,150000,lpg,volkswagen,no,12.58
11072,10000,limousine,manual,260,golf,100000,petrol,volkswagen,no,12.92
11073,500,small car,manual,54,seicento,150000,petrol,fiat,no,20.75
11075,1300,small car,manual,60,ibiza,80000,petrol,seat,no,20.33
11079,6700,small car,manual,86,others,80000,petrol,suzuki,no,8.17
11080,18900,limousine,manual,211,beetle,20000,petrol,volkswagen,no,4.08
11081,1099,limousine,manual,75,astra,150000,petrol,opel,no,20.83
11083,2700,station wagon,manual,136,others,150000,petrol,mercedes_benz,no,24.08
11085,5000,others,manual,100,others,50000,petrol,lada,no,6.0
11088,7400,limousine,manual,82,a_klasse,125000,diesel,mercedes_benz,no,10.5
11090,7400,cabrio,manual,140,3_reihe,80000,petrol,peugeot,no,12.83
11094,1050,bus,manual,63,others,150000,petrol,mazda,no,18.92
11096,11950,small car,manual,120,cooper,50000,petrol,mini,no,10.0
11098,4999,limousine,manual,90,golf,150000,diesel,volkswagen,no,12.58
11099,2750,coupe,manual,139,others,125000,petrol,hyundai,no,12.17
11100,6500,station wagon,automatic,177,e_klasse,150000,diesel,mercedes_benz,no,14.92
11102,12000,limousine,manual,125,a3,90000,petrol,audi,no,7.25
11103,35900,limousine,automatic,320,m_reihe,40000,petrol,bmw,no,3.17
11106,400,station wagon,manual,116,3er,150000,petrol,bmw,yes,22.08
11107,1800,station wagon,manual,140,primera,150000,petrol,nissan,no,16.58
11108,7500,small car,manual,125,corsa,90000,diesel,opel,no,8.25
11109,1600,small car,manual,50,polo,150000,petrol,volkswagen,no,19.0
11110,10000,limousine,automatic,140,golf,150000,diesel,volkswagen,no,9.17
11111,6450,bus,manual,109,c_max,100000,diesel,ford,no,10.5
11112,3800,station wagon,manual,163,a4,150000,diesel,audi,no,14.33
11113,4150,limousine,manual,140,golf,150000,diesel,volkswagen,no,14.67
11115,300,small car,manual,60,2_reihe,125000,petrol,peugeot,no,19.5
11117,3900,bus,manual,136,touran,150000,diesel,volkswagen,no,14.17
11118,2350,bus,manual,69,caddy,150000,diesel,volkswagen,no,13.83
11120,1499,coupe,automatic,102,3er,150000,petrol,bmw,no,20.75
11121,1550,limousine,manual,115,3er,150000,petrol,bmw,no,15.17
11122,2199,limousine,manual,65,punto,150000,petrol,fiat,no,9.25
11123,10490,bus,automatic,95,b_klasse,50000,petrol,mercedes_benz,no,11.5
11124,1400,limousine,automatic,387,s_klasse,20000,petrol,mercedes_benz,no,10.08
11128,3999,limousine,manual,170,5er,150000,petrol,bmw,no,18.58
11129,750,small car,manual,75,polo,150000,petrol,volkswagen,no,19.42
11130,2200,coupe,manual,110,a3,150000,diesel,audi,no,17.25
11134,700,small car,automatic,75,clio,125000,petrol,renault,no,16.83
11136,2999,bus,manual,109,c4,150000,diesel,citroen,no,11.42
11138,9250,station wagon,manual,110,passat,150000,diesel,volkswagen,no,8.25
11139,199,limousine,manual,55,astra,150000,petrol,opel,yes,25.25
11141,2500,small car,manual,70,ka,100000,petrol,ford,no,10.33
11142,1699,small car,manual,75,corsa,150000,petrol,opel,no,15.67
11143,1590,small car,manual,75,corsa,150000,petrol,opel,no,16.25
11144,2890,small car,manual,75,corsa,150000,petrol,opel,no,14.33
11145,5950,limousine,automatic,179,a4,150000,diesel,audi,yes,16.5
11147,9099,small car,manual,60,up,5000,petrol,volkswagen,no,3.17
11149,1299,limousine,manual,101,astra,150000,petrol,opel,no,19.25
11151,150,small car,manual,54,corsa,150000,petrol,opel,no,19.33
11153,4499,limousine,manual,177,auris,150000,diesel,toyota,no,11.83
11154,16800,limousine,manual,122,golf,40000,petrol,volkswagen,no,6.0
11155,1850,limousine,automatic,109,others,150000,diesel,citroen,no,16.92
11156,6950,small car,manual,75,clio,20000,petrol,renault,no,6.75
11160,19400,station wagon,manual,170,superb,70000,diesel,skoda,no,4.25
11165,850,coupe,manual,125,others,150000,petrol,ford,no,20.75
11166,2100,suv,manual,82,niva,125000,petrol,lada,no,13.92
11168,1500,limousine,manual,102,a_klasse,150000,petrol,mercedes_benz,no,20.92
11169,100,small car,manual,63,lanos,150000,petrol,daewoo,no,21.75
11171,22900,coupe,automatic,190,a5,100000,diesel,audi,no,8.58
11172,1800,station wagon,manual,136,3er,150000,diesel,bmw,no,17.5
11173,2750,limousine,manual,105,leon,150000,petrol,seat,no,14.5
11177,7990,station wagon,manual,86,fabia,50000,petrol,skoda,no,6.83
11178,8500,limousine,manual,250,others,150000,petrol,audi,no,18.5
11179,4800,bus,manual,136,others,150000,diesel,mazda,no,14.17
11184,899,bus,automatic,163,voyager,150000,petrol,chrysler,no,23.17
11185,1390,small car,manual,75,golf,125000,petrol,volkswagen,no,19.33
11186,1390,small car,manual,135,2_reihe,150000,petrol,peugeot,no,19.75
11187,12500,others,automatic,174,others,150000,diesel,volkswagen,no,9.0
11189,34999,limousine,automatic,280,leon,5000,petrol,seat,no,2.25
11190,15500,limousine,automatic,298,others,150000,petrol,jaguar,no,9.08
11192,4000,small car,manual,80,polo,150000,diesel,volkswagen,no,11.42
11193,7800,limousine,manual,80,fiesta,50000,petrol,ford,no,6.92
11194,200,small car,manual,45,polo,150000,petrol,volkswagen,yes,27.08
11198,1100,limousine,manual,105,leon,150000,lpg,seat,yes,15.92
11199,2200,small car,manual,75,fabia,150000,petrol,skoda,yes,14.58
11200,700,small car,manual,60,ka,60000,petrol,ford,no,19.33
11201,7700,limousine,manual,150,3_reihe,80000,petrol,mazda,no,9.08
11204,5300,limousine,automatic,170,a4,125000,petrol,audi,no,16.0
11205,12350,limousine,automatic,260,insignia,150000,petrol,opel,no,9.42
11207,7700,suv,automatic,340,cayenne,150000,petrol,porsche,no,15.08
11210,10600,limousine,manual,116,1er,125000,diesel,bmw,no,9.92
11213,1500,station wagon,manual,135,laguna,150000,petrol,renault,no,13.42
11215,8990,bus,automatic,150,vito,150000,diesel,mercedes_benz,no,14.83
11216,1600,small car,manual,75,golf,150000,petrol,volkswagen,no,19.25
11217,1499,small car,manual,75,twingo,150000,petrol,renault,no,17.83
11220,23999,suv,manual,140,q3,40000,diesel,audi,no,5.67
11222,2499,limousine,manual,120,5er,150000,petrol,bmw,no,39.67
11223,550,limousine,manual,102,3er,150000,petrol,bmw,yes,22.33
11224,950,station wagon,manual,150,a6,150000,diesel,audi,no,19.33
11225,12950,bus,manual,140,touran,150000,diesel,volkswagen,no,7.25
11226,600,small car,manual,60,ka,60000,petrol,ford,no,20.75
11229,1150,small car,manual,67,corsa,150000,petrol,opel,no,19.17
11230,2999,bus,manual,136,others,150000,diesel,mazda,no,14.42
11231,8350,small car,manual,120,cooper,90000,petrol,mini,no,9.58
11232,800,station wagon,manual,170,forester,150000,petrol,subaru,no,21.0
11233,5000,coupe,automatic,143,c_klasse,90000,diesel,mercedes_benz,no,17.75
11236,8700,station wagon,automatic,170,e_klasse,150000,diesel,mercedes_benz,no,11.17
11237,5500,bus,manual,90,golf,150000,diesel,volkswagen,no,12.33
11238,1790,limousine,manual,101,focus,125000,petrol,ford,no,16.92
11239,900,station wagon,manual,125,vectra,150000,diesel,opel,no,19.0
11240,2150,limousine,manual,90,golf,150000,diesel,volkswagen,no,19.75
11241,3500,bus,manual,65,transit,20000,petrol,ford,no,43.17
11243,2490,station wagon,manual,121,ptcruiser,150000,diesel,chrysler,no,14.92
11244,1500,station wagon,manual,110,octavia,150000,diesel,skoda,no,19.75
11245,5000,limousine,manual,80,golf,125000,petrol,volkswagen,no,11.33
11246,16250,station wagon,manual,170,e_klasse,150000,diesel,mercedes_benz,no,7.17
11247,2700,limousine,manual,136,3er,150000,diesel,bmw,no,20.0
11249,699,limousine,automatic,82,a_klasse,150000,petrol,mercedes_benz,no,19.67
11250,4850,limousine,manual,125,mondeo,50000,petrol,ford,no,13.0
11251,10900,limousine,manual,140,a3,90000,diesel,audi,no,10.08
11252,4995,station wagon,manual,116,ceed,150000,diesel,kia,no,10.25
11254,4440,bus,manual,136,touran,150000,diesel,volkswagen,no,14.42
11255,5490,station wagon,manual,250,others,150000,petrol,saab,no,16.67
11256,4150,limousine,automatic,193,5er,150000,diesel,bmw,no,18.92
11257,150,small car,manual,75,2_reihe,150000,petrol,peugeot,yes,20.58
11258,1600,limousine,manual,122,c_klasse,150000,petrol,mercedes_benz,no,21.08
11259,10550,limousine,manual,99,i_reihe,60000,petrol,hyundai,no,5.17
11260,8500,limousine,manual,163,3er,150000,diesel,bmw,no,13.0
11261,18800,station wagon,manual,165,6_reihe,60000,petrol,mazda,no,5.33
11263,7700,small car,manual,156,others,80000,petrol,citroen,no,6.17
11266,39500,coupe,automatic,313,6er,125000,diesel,bmw,no,6.75
11267,1350,bus,manual,116,others,150000,petrol,daewoo,yes,16.0
11268,6900,limousine,manual,105,golf,150000,diesel,volkswagen,no,8.08
11269,6999,limousine,manual,116,a_klasse,50000,petrol,mercedes_benz,yes,11.42
11270,2599,station wagon,automatic,279,e_klasse,150000,petrol,mercedes_benz,no,22.92
11271,1399,limousine,manual,125,a3,150000,petrol,audi,no,21.25
11272,5999,others,manual,102,golf,80000,petrol,volkswagen,no,12.5
11273,3500,station wagon,manual,140,4_reihe,150000,diesel,peugeot,no,12.25
11274,2700,suv,manual,136,others,150000,petrol,opel,no,19.25
11275,2299,small car,manual,54,polo,150000,petrol,volkswagen,no,15.75
11276,9500,station wagon,manual,140,passat,125000,diesel,volkswagen,no,10.33
11277,999,limousine,manual,75,golf,150000,petrol,volkswagen,no,19.58
11282,16390,bus,automatic,136,b_klasse,70000,petrol,mercedes_benz,no,8.92
11285,5999,limousine,manual,200,golf,150000,petrol,volkswagen,no,13.75
11286,20350,coupe,manual,184,3er,80000,petrol,bmw,no,7.25
11287,2850,limousine,manual,109,3_reihe,150000,diesel,mazda,yes,13.25
11288,1499,coupe,manual,170,3er,150000,petrol,bmw,yes,19.58
11289,2350,limousine,manual,171,e_klasse,150000,diesel,mercedes_benz,yes,18.08
11290,4278,small car,manual,102,golf,150000,petrol,volkswagen,yes,11.25
11291,18500,coupe,automatic,292,others,150000,petrol,mercedes_benz,no,11.67
11295,8600,small car,manual,105,polo,80000,petrol,volkswagen,no,7.58
11296,3950,small car,manual,90,fiesta,150000,diesel,ford,no,10.5
11297,35900,limousine,automatic,177,q3,20000,diesel,audi,no,5.0
11298,5999,limousine,manual,101,astra,150000,diesel,opel,no,12.67
11303,9750,bus,automatic,136,b_klasse,50000,petrol,mercedes_benz,no,12.83
11306,27800,coupe,automatic,333,others,125000,petrol,audi,no,8.42
11307,7000,coupe,automatic,163,clk,150000,petrol,mercedes_benz,no,15.25
11309,9899,station wagon,manual,98,clubman,40000,petrol,mini,no,8.75
11310,11798,small car,manual,75,fabia,30000,diesel,skoda,no,4.33
11313,7250,bus,automatic,105,touran,150000,diesel,volkswagen,no,13.0
11314,8900,limousine,manual,170,90,150000,petrol,audi,no,28.17
11315,4150,small car,manual,69,ka,80000,petrol,ford,no,10.0
11316,125,station wagon,manual,100,astra,150000,diesel,opel,yes,19.0
11317,4399,station wagon,manual,192,3er,150000,petrol,bmw,no,15.83
11318,14140,small car,automatic,103,golf,40000,petrol,volkswagen,no,8.5
11319,999,limousine,manual,90,others,100000,petrol,kia,no,19.08
11320,1800,limousine,manual,110,golf,150000,diesel,volkswagen,no,20.5
11322,699,small car,manual,45,corsa,150000,petrol,opel,no,24.25
11323,3390,small car,manual,68,1_reihe,90000,petrol,peugeot,no,12.67
11326,5000,suv,automatic,234,others,150000,lpg,nissan,yes,13.25
11327,12500,suv,automatic,177,x_reihe,125000,diesel,bmw,no,10.25
11329,555,small car,manual,58,corsa,150000,petrol,opel,yes,17.33
11331,1200,limousine,manual,90,others,90000,petrol,mitsubishi,yes,26.0
11332,1270,station wagon,manual,101,vectra,150000,petrol,opel,no,19.25
11333,32500,bus,automatic,179,transporter,90000,diesel,volkswagen,no,8.83
11334,8499,limousine,automatic,232,a8,150000,diesel,audi,no,14.42
11335,1500,limousine,manual,116,stilo,150000,diesel,fiat,no,17.92
11336,8550,limousine,automatic,132,auris,80000,petrol,toyota,no,8.5
11339,12500,limousine,manual,163,3er,150000,diesel,bmw,no,11.5
11340,5499,suv,automatic,140,sorento,150000,diesel,kia,no,14.75
11341,3100,station wagon,manual,90,meriva,150000,petrol,opel,no,13.58
11342,2699,small car,manual,109,2_reihe,150000,diesel,peugeot,yes,12.92
11343,4500,small car,manual,101,polo,150000,diesel,volkswagen,no,11.92
11344,1100,small car,manual,75,2_reihe,30000,petrol,peugeot,yes,8.25
11346,650,small car,manual,45,corsa,150000,petrol,opel,no,22.0
11347,549,small car,manual,68,justy,125000,petrol,subaru,no,20.25
11348,3300,small car,manual,54,fox,60000,petrol,volkswagen,no,12.58
11349,1500,station wagon,manual,150,laguna,150000,diesel,renault,no,15.58
11350,2300,station wagon,manual,131,a4,150000,diesel,audi,no,15.67
11351,10900,limousine,manual,218,5er,150000,petrol,bmw,no,12.42
11352,9800,limousine,manual,163,5er,150000,diesel,bmw,no,13.92
11353,11750,station wagon,manual,170,a4,150000,diesel,audi,no,8.17
11354,1800,limousine,manual,101,astra,150000,petrol,opel,no,16.5
11355,800,station wagon,manual,101,a4,150000,petrol,audi,no,19.17
11356,3900,limousine,manual,115,3er,150000,diesel,bmw,no,14.42
11358,7290,limousine,automatic,88,others,125000,hybrid,honda,no,8.08
11359,10990,suv,manual,140,tiguan,150000,diesel,volkswagen,no,10.58
11362,10850,station wagon,manual,170,a3,70000,diesel,audi,no,11.42
11363,4800,small car,manual,75,clio,50000,petrol,renault,yes,7.92
11364,15850,station wagon,manual,184,3er,150000,diesel,bmw,no,7.92
11368,10500,limousine,automatic,150,1er,125000,petrol,bmw,no,13.75
11369,8750,coupe,manual,170,3er,150000,lpg,bmw,no,16.0
11371,11950,bus,manual,105,altea,40000,diesel,seat,no,5.67
11372,2550,coupe,automatic,185,c_klasse,150000,petrol,mercedes_benz,no,40.42
11374,9600,limousine,automatic,190,a4,150000,diesel,audi,no,10.75
11375,11500,station wagon,automatic,143,a4,150000,diesel,audi,no,10.67
11378,7000,station wagon,automatic,179,a6,150000,diesel,audi,no,12.42
11381,1100,coupe,manual,116,kadett,125000,petrol,opel,no,27.58
11382,3999,station wagon,manual,116,octavia,150000,petrol,skoda,no,13.42
11384,12800,cabrio,manual,211,others,150000,petrol,porsche,no,27.58
11389,2680,bus,manual,158,others,150000,lpg,citroen,no,18.83
11390,2600,station wagon,automatic,170,5er,150000,lpg,bmw,no,20.0
11392,1250,station wagon,manual,72,3_reihe,90000,petrol,peugeot,no,18.83
11393,1500,small car,manual,58,twingo,150000,petrol,renault,no,17.75
11394,7400,limousine,automatic,218,5er,150000,petrol,bmw,no,13.25
11396,5540,bus,manual,128,others,150000,diesel,kia,no,9.33
11398,12900,small car,automatic,98,clubman,50000,petrol,mini,no,7.17
11399,7900,limousine,manual,174,3_reihe,100000,petrol,peugeot,no,9.25
11400,1499,limousine,manual,101,golf,150000,petrol,volkswagen,no,20.5
11401,8200,station wagon,manual,140,passat,150000,diesel,volkswagen,no,14.0
11402,11290,station wagon,manual,140,a3,150000,diesel,audi,no,9.58
11404,300,small car,manual,60,2_reihe,150000,petrol,peugeot,no,28.17
11405,7200,limousine,manual,122,1er,125000,petrol,bmw,no,10.92
11406,1200,limousine,manual,90,6_reihe,150000,petrol,mazda,no,20.42
11407,5200,bus,manual,136,touran,150000,diesel,volkswagen,no,15.83
11408,5100,small car,manual,77,i_reihe,60000,petrol,hyundai,no,9.58
11409,4200,cabrio,manual,109,2_reihe,150000,petrol,peugeot,no,14.25
11410,14199,limousine,automatic,231,s_klasse,60000,petrol,mercedes_benz,no,21.08
11412,12500,limousine,automatic,136,e_klasse,90000,diesel,mercedes_benz,no,9.42
11419,1300,small car,manual,58,arosa,150000,petrol,seat,no,17.33
11420,20000,station wagon,manual,170,others,60000,diesel,fiat,no,6.5
11423,20000,suv,manual,122,tiguan,30000,petrol,volkswagen,no,4.17
11424,2600,station wagon,manual,109,others,150000,petrol,peugeot,no,15.92
11425,5250,cabrio,manual,193,slk,150000,petrol,mercedes_benz,no,19.75
11426,5450,bus,automatic,131,transporter,150000,diesel,volkswagen,no,13.58
11428,3750,limousine,manual,110,corolla,5000,petrol,toyota,no,16.58
11430,1000,coupe,manual,102,3er,125000,petrol,bmw,no,22.33
11432,4999,cabrio,manual,120,2_reihe,125000,petrol,peugeot,no,10.17
11433,23600,coupe,automatic,190,a5,150000,diesel,audi,no,9.25
11434,3290,limousine,manual,118,astra,125000,petrol,opel,no,15.08
11435,4780,cabrio,manual,136,2_reihe,100000,petrol,peugeot,no,12.08
11436,3500,small car,manual,68,c1,150000,petrol,citroen,no,9.75
11438,1890,station wagon,manual,144,850,150000,petrol,volvo,no,21.08
11439,2400,station wagon,manual,133,100,150000,petrol,audi,no,25.25
11443,2100,limousine,manual,116,3er,150000,petrol,bmw,no,16.0
11444,1950,limousine,manual,110,corolla,150000,petrol,toyota,no,19.33
11445,12000,station wagon,manual,143,3er,150000,diesel,bmw,no,11.0
11446,13900,limousine,manual,143,1er,50000,diesel,bmw,no,8.75
11447,200,small car,manual,54,fiesta,50000,petrol,ford,yes,23.33
11448,8500,limousine,automatic,134,e_klasse,150000,diesel,mercedes_benz,no,11.33
11449,1200,limousine,manual,98,3_reihe,150000,petrol,mazda,no,15.25
11450,7999,coupe,automatic,250,a3,150000,petrol,audi,no,13.83
11452,2500,limousine,manual,90,golf,150000,petrol,volkswagen,no,23.42
11453,21000,bus,manual,102,transporter,60000,diesel,volkswagen,no,8.5
11454,8600,suv,automatic,218,grand,150000,diesel,jeep,yes,12.67
11456,4300,station wagon,manual,116,fabia,80000,petrol,skoda,no,15.83
11457,1000,small car,manual,55,micra,60000,petrol,nissan,no,24.67
11458,6000,limousine,manual,122,1er,150000,petrol,bmw,no,12.92
11460,11899,limousine,manual,120,a4,60000,petrol,audi,no,10.0
11461,500,station wagon,manual,90,focus,150000,diesel,ford,yes,18.5
11462,1000,cabrio,manual,71,astra,150000,petrol,opel,no,23.25
11463,2850,limousine,manual,64,polo,90000,petrol,volkswagen,no,14.25
11465,7900,limousine,automatic,140,a4,150000,diesel,audi,no,12.5
11469,19800,station wagon,automatic,185,others,150000,petrol,mercedes_benz,no,33.33
11470,750,limousine,manual,75,megane,150000,petrol,renault,no,22.33
11471,4099,cabrio,manual,113,megane,125000,petrol,renault,no,14.92
11474,3999,small car,manual,67,i_reihe,50000,petrol,hyundai,no,10.67
11476,2440,small car,automatic,61,fortwo,100000,petrol,smart,no,16.92
11477,3999,cabrio,manual,110,2_reihe,150000,petrol,peugeot,no,14.0
11479,5400,limousine,manual,140,golf,150000,diesel,volkswagen,no,11.42
11480,12400,station wagon,manual,184,3er,150000,diesel,bmw,no,8.25
11481,2749,station wagon,manual,101,focus,150000,lpg,ford,no,13.75
11482,1399,bus,manual,82,kangoo,150000,diesel,renault,no,15.83
11483,2290,small car,manual,60,fiesta,125000,petrol,ford,no,14.75
11485,7800,coupe,manual,80,golf,125000,petrol,volkswagen,no,9.58
11486,3100,limousine,manual,122,others,150000,petrol,mercedes_benz,no,29.58
11487,1200,small car,manual,65,polo,150000,petrol,volkswagen,no,14.42
11488,960,small car,manual,54,corsa,125000,petrol,opel,no,18.83
11490,750,limousine,manual,66,megane,125000,petrol,renault,no,20.42
11492,1000,small car,manual,60,micra,150000,petrol,nissan,no,19.75
11493,4990,bus,manual,88,note,125000,petrol,nissan,no,10.25
11497,1000,limousine,manual,99,3er,150000,petrol,bmw,no,28.17
11498,1499,small car,manual,80,others,150000,petrol,mazda,no,13.42
11499,999,limousine,manual,88,3_reihe,150000,petrol,mazda,no,19.33
11500,5999,small car,manual,69,punto,50000,petrol,fiat,no,6.25
11501,6300,small car,manual,80,corsa,10000,petrol,opel,no,9.67
11508,3550,coupe,manual,133,others,150000,petrol,honda,no,20.5
11512,4500,bus,manual,105,altea,150000,diesel,seat,no,12.5
11513,11900,limousine,manual,141,qashqai,80000,petrol,nissan,no,7.42
11515,650,cabrio,manual,110,2_reihe,150000,diesel,peugeot,yes,13.0
11516,2450,cabrio,automatic,136,slk,150000,petrol,mercedes_benz,no,19.75
11519,2100,small car,manual,58,clio,100000,petrol,renault,yes,10.25
11522,4900,suv,manual,140,tucson,150000,petrol,hyundai,yes,11.5
11523,3999,cabrio,manual,150,3er,150000,petrol,bmw,no,22.67
11524,19500,bus,manual,156,b_klasse,30000,petrol,mercedes_benz,no,6.5
11526,1650,small car,manual,64,polo,125000,petrol,volkswagen,no,16.42
11527,1250,small car,manual,84,yaris,150000,petrol,toyota,no,17.67
11529,1399,small car,manual,58,corsa,150000,petrol,opel,no,15.08
11530,299,limousine,manual,75,others,150000,petrol,fiat,no,20.83
11531,4950,small car,automatic,102,golf,100000,petrol,volkswagen,no,14.75
11533,13500,station wagon,automatic,143,exeo,80000,diesel,seat,no,7.75
11536,8250,station wagon,manual,140,a3,150000,diesel,audi,no,12.58
11537,850,small car,manual,50,arosa,125000,petrol,seat,no,19.0
11538,1850,small car,manual,100,golf,150000,petrol,volkswagen,no,20.0
11540,1690,cabrio,manual,90,others,150000,petrol,toyota,no,20.25
11541,3800,limousine,manual,101,astra,150000,diesel,opel,no,12.75
11542,3500,bus,manual,101,touran,150000,diesel,volkswagen,no,15.83
11543,2700,small car,manual,75,sandero,90000,petrol,dacia,no,9.42
11544,2500,station wagon,manual,131,passat,150000,diesel,volkswagen,no,17.25
11545,9500,cabrio,manual,163,others,125000,petrol,audi,no,12.33
11547,390,small car,manual,82,clio,150000,diesel,renault,no,17.0
11548,3800,bus,manual,69,transporter,70000,diesel,volkswagen,no,32.33
11550,5190,station wagon,manual,105,passat,150000,diesel,volkswagen,no,12.42
11552,4500,limousine,manual,170,3er,150000,petrol,bmw,no,14.92
11554,1950,small car,manual,88,clio,150000,petrol,renault,no,13.75
11556,24400,limousine,automatic,170,q5,90000,diesel,audi,no,8.25
11557,4400,suv,manual,136,x_trail,150000,diesel,nissan,no,12.83
11558,550,small car,manual,75,golf,150000,petrol,volkswagen,no,22.08
11559,5890,bus,manual,140,s_max,150000,diesel,ford,no,11.5
11561,11800,bus,automatic,199,others,150000,petrol,chevrolet,no,28.42
11564,1350,small car,manual,75,polo,150000,petrol,volkswagen,no,27.25
11565,10200,bus,manual,102,transporter,150000,diesel,volkswagen,no,15.58
11566,1500,limousine,manual,90,6_reihe,150000,petrol,mazda,no,28.5
11567,850,limousine,manual,75,astra,150000,diesel,opel,yes,17.58
11568,1400,limousine,automatic,144,others,150000,petrol,mercedes_benz,no,23.67
11569,6500,station wagon,automatic,224,a6,150000,diesel,audi,no,14.0
11570,1000,small car,manual,105,golf,90000,petrol,volkswagen,yes,16.0
11571,1800,bus,manual,64,caddy,150000,diesel,volkswagen,no,16.33
11572,3200,cabrio,manual,116,golf,150000,petrol,volkswagen,no,18.25
11573,9999,coupe,manual,170,calibra,125000,petrol,opel,no,28.08
11574,3999,limousine,manual,150,a3,150000,petrol,audi,no,16.33
11575,7999,cabrio,automatic,99,500,70000,petrol,fiat,no,8.42
11576,2499,station wagon,automatic,125,c_klasse,150000,diesel,mercedes_benz,no,18.5
11577,1600,small car,manual,73,c3,125000,petrol,citroen,no,13.5
11580,6500,station wagon,manual,116,a4,150000,diesel,audi,no,12.67
11583,3330,limousine,manual,109,3_reihe,125000,petrol,peugeot,yes,15.08
11586,2200,small car,manual,58,corsa,100000,petrol,opel,no,16.5
11588,9150,small car,manual,105,fabia,40000,petrol,skoda,no,8.92
11589,9500,bus,manual,109,c4,60000,diesel,citroen,no,8.17
11590,9800,limousine,manual,170,1er,150000,petrol,bmw,no,11.67
11591,850,small car,manual,60,twingo,150000,petrol,renault,no,18.0
11592,1650,limousine,automatic,197,e_klasse,150000,diesel,mercedes_benz,no,18.75
11593,1000,station wagon,manual,165,laguna,150000,petrol,renault,yes,15.5
11594,1450,small car,manual,63,others,150000,petrol,hyundai,no,14.0
11595,1000,small car,manual,50,lupo,150000,petrol,volkswagen,no,21.0
11596,6300,station wagon,manual,163,3er,150000,diesel,bmw,no,12.25
11597,12900,limousine,manual,218,x_reihe,150000,diesel,bmw,no,12.42
11598,6950,station wagon,automatic,204,others,150000,diesel,mercedes_benz,no,15.0
11599,1499,station wagon,manual,90,others,125000,diesel,suzuki,no,12.42
11600,600,small car,automatic,90,tigra,150000,petrol,opel,yes,23.67
11601,1099,limousine,manual,125,a4,150000,petrol,audi,no,22.33
11602,750,station wagon,manual,90,80,150000,diesel,audi,no,23.42
11603,2333,bus,manual,116,almera,150000,petrol,nissan,no,14.5
11604,3299,station wagon,automatic,116,c_klasse,150000,diesel,mercedes_benz,no,17.75
11605,17500,limousine,automatic,143,3er,50000,petrol,bmw,no,6.08
11606,1900,limousine,manual,101,golf,150000,petrol,volkswagen,no,20.33
11607,150,limousine,manual,70,escort,90000,petrol,ford,yes,27.25
11608,1600,small car,manual,60,fiesta,150000,petrol,ford,no,15.5
11610,5000,bus,manual,102,touran,150000,petrol,volkswagen,no,12.08
11611,1590,limousine,manual,107,laguna,150000,petrol,renault,no,18.58
11613,2800,limousine,automatic,95,a_klasse,150000,diesel,mercedes_benz,no,16.33
11614,9900,limousine,manual,122,golf,90000,petrol,volkswagen,no,8.33
11615,19450,cabrio,manual,143,1er,90000,petrol,bmw,no,7.08
11616,4000,station wagon,manual,116,3er,150000,petrol,bmw,no,15.33
11617,200,limousine,manual,115,mondeo,150000,petrol,ford,yes,20.17
11618,2199,limousine,manual,170,3er,150000,petrol,bmw,no,19.92
11620,6500,coupe,manual,150,astra,150000,diesel,opel,no,12.25
11622,1300,station wagon,manual,139,laguna,150000,diesel,renault,no,13.42
11623,2750,small car,manual,73,c2,150000,petrol,citroen,no,12.83
11625,6600,coupe,manual,220,e_klasse,150000,petrol,mercedes_benz,no,24.58
11626,6200,station wagon,automatic,105,fabia,125000,petrol,skoda,no,10.17
11627,9950,bus,manual,122,golf,70000,petrol,volkswagen,no,7.25
11630,750,small car,manual,50,lupo,125000,petrol,volkswagen,no,19.67
11634,999,small car,manual,54,micra,150000,petrol,nissan,no,20.17
11636,1390,small car,manual,75,corsa,125000,petrol,opel,yes,16.83
11637,850,station wagon,automatic,150,vectra,150000,diesel,opel,yes,13.0
11638,4400,limousine,manual,72,others,150000,diesel,mercedes_benz,no,31.42
11639,9130,small car,manual,105,a1,125000,diesel,audi,no,7.25
11640,5300,limousine,manual,75,golf,100000,petrol,volkswagen,no,12.33
11641,6890,small car,manual,60,up,60000,petrol,volkswagen,no,5.25
11643,150,station wagon,manual,75,golf,5000,petrol,volkswagen,yes,26.0
11644,1201,small car,manual,75,twingo,125000,petrol,renault,no,17.17
11646,10250,bus,manual,92,berlingo,60000,diesel,citroen,no,6.75
11647,5899,station wagon,manual,120,2_reihe,100000,petrol,peugeot,no,11.58
11648,6490,suv,automatic,218,range_rover,150000,lpg,land_rover,no,18.33
11650,3500,limousine,manual,116,focus,150000,petrol,ford,no,16.25
11651,1900,station wagon,automatic,144,v70,150000,petrol,volvo,no,19.42
11652,950,limousine,manual,102,a_klasse,150000,petrol,mercedes_benz,no,19.5
11653,1199,small car,manual,75,lupo,150000,petrol,volkswagen,yes,17.92
11654,2180,small car,manual,60,punto,80000,petrol,fiat,no,14.58
11656,4500,coupe,automatic,367,cl,150000,petrol,mercedes_benz,no,18.83
11658,23150,suv,manual,140,others,30000,petrol,opel,no,4.67
11661,14900,suv,automatic,184,antara,150000,diesel,opel,no,6.58
11662,950,small car,automatic,101,a_klasse,150000,petrol,mercedes_benz,no,19.75
11664,13999,coupe,automatic,258,6er,150000,petrol,bmw,no,11.42
11665,2850,small car,automatic,61,fortwo,70000,petrol,smart,no,14.08
11666,4900,station wagon,manual,120,6_reihe,150000,petrol,mazda,no,11.92
11667,1750,small car,manual,75,agila,125000,petrol,opel,no,16.25
11668,18999,cabrio,manual,197,3er,150000,diesel,bmw,no,10.42
11670,550,station wagon,manual,60,polo,150000,petrol,volkswagen,no,19.42
11674,1300,bus,manual,147,zafira,150000,petrol,opel,yes,15.33
11676,4500,limousine,manual,224,corolla,150000,petrol,toyota,no,12.5
11677,7900,limousine,manual,150,a3,125000,petrol,audi,no,12.83
11678,999,small car,manual,82,a_klasse,150000,petrol,mercedes_benz,no,20.75
11680,5199,station wagon,automatic,140,passat,150000,diesel,volkswagen,no,11.08
11681,4000,bus,manual,128,others,150000,diesel,citroen,no,13.83
11682,2950,small car,manual,68,c1,125000,petrol,citroen,no,9.08
11683,2390,station wagon,manual,170,c_klasse,150000,petrol,mercedes_benz,no,16.58
11685,1850,small car,manual,64,polo,150000,petrol,volkswagen,no,15.42
11687,12900,coupe,manual,177,1er,150000,diesel,bmw,no,11.0
11688,850,station wagon,manual,122,c_klasse,150000,petrol,mercedes_benz,yes,21.75
11689,2700,bus,manual,110,ducato,150000,diesel,fiat,no,17.0
11690,12900,limousine,manual,160,astra,50000,diesel,opel,no,8.58
11691,1499,small car,manual,45,1_reihe,70000,petrol,peugeot,no,21.25
11692,2999,limousine,manual,90,golf,150000,petrol,volkswagen,no,11.5
11693,3000,coupe,automatic,193,c_klasse,150000,petrol,mercedes_benz,no,15.67
11694,10950,suv,manual,136,kuga,150000,diesel,ford,no,9.17
11695,222,station wagon,manual,115,vectra,150000,petrol,opel,no,21.0
11696,2700,cabrio,manual,107,megane,125000,petrol,renault,no,17.58
11697,4400,coupe,automatic,199,others,125000,petrol,mercedes_benz,no,17.42
11698,3450,suv,manual,105,others,125000,petrol,honda,no,16.5
11699,4700,small car,manual,174,2_reihe,150000,petrol,peugeot,no,11.33
11700,4650,cabrio,manual,136,others,150000,petrol,mercedes_benz,no,19.5
11701,10500,station wagon,manual,140,passat,150000,diesel,volkswagen,no,9.33
11703,1350,station wagon,manual,109,3_reihe,150000,petrol,peugeot,yes,15.08
11704,15990,limousine,automatic,99,auris,50000,hybrid,toyota,no,5.42
11708,6500,coupe,manual,163,c_klasse,125000,petrol,mercedes_benz,no,14.5
11710,10800,bus,manual,105,touran,100000,diesel,volkswagen,no,9.83
11711,24900,limousine,automatic,204,x_reihe,60000,diesel,bmw,no,6.58
11712,7400,station wagon,manual,140,passat,150000,diesel,volkswagen,no,14.0
11713,29999,limousine,automatic,211,a_klasse,20000,petrol,mercedes_benz,no,4.92
11714,5999,limousine,manual,150,3er,150000,petrol,bmw,no,12.25
11715,5900,station wagon,manual,143,6_reihe,125000,diesel,mazda,no,11.33
11716,6800,small car,manual,86,ibiza,60000,petrol,seat,no,9.67
11717,700,limousine,manual,75,golf,125000,petrol,volkswagen,no,24.25
11722,1250,small car,manual,54,corsa,150000,petrol,opel,no,21.0
11724,11800,limousine,manual,122,cooper,50000,petrol,mini,no,8.5
11726,2450,suv,manual,82,others,150000,diesel,nissan,no,21.33
11727,1999,cabrio,manual,95,ka,125000,petrol,ford,no,15.25
11728,6333,station wagon,automatic,224,e_klasse,150000,petrol,mercedes_benz,no,15.0
11729,1300,limousine,automatic,193,c_klasse,150000,petrol,mercedes_benz,no,23.17
11731,2150,bus,automatic,117,voyager,150000,petrol,chrysler,no,25.33
11733,12000,limousine,manual,72,others,90000,diesel,mercedes_benz,no,33.58
11735,18500,cabrio,manual,218,1er,60000,petrol,bmw,no,9.5
11737,2000,limousine,manual,170,e_klasse,150000,petrol,mercedes_benz,no,19.92
11739,10500,cabrio,manual,122,eos,60000,petrol,volkswagen,no,10.75
11740,2490,station wagon,manual,82,astra,125000,petrol,opel,no,15.67
11741,3850,small car,manual,75,sandero,125000,petrol,dacia,no,8.25
11742,19800,limousine,manual,311,golf,90000,petrol,volkswagen,no,27.08
11745,2990,cabrio,manual,150,3er,150000,petrol,bmw,no,20.33
11747,4500,small car,manual,75,clio,70000,petrol,renault,no,9.67
11748,3750,cabrio,manual,144,spider,125000,petrol,alfa_romeo,no,20.58
11749,3500,small car,manual,190,golf,150000,diesel,volkswagen,no,17.25
11750,900,limousine,manual,116,3er,150000,petrol,bmw,yes,28.0
11751,7950,station wagon,automatic,140,passat,150000,diesel,volkswagen,no,9.25
11752,1490,small car,manual,75,polo,150000,diesel,volkswagen,no,15.17
11753,4300,limousine,manual,170,5er,150000,petrol,bmw,no,19.0
11754,1700,station wagon,manual,90,golf,150000,petrol,volkswagen,no,24.0
11756,1900,cabrio,manual,116,mx_reihe,150000,petrol,mazda,no,28.67
11757,1199,small car,manual,54,others,125000,petrol,citroen,no,22.67
11758,400,cabrio,manual,75,kadett,150000,petrol,opel,yes,27.17
11759,1790,station wagon,manual,75,cordoba,150000,petrol,seat,no,18.67
11760,500,small car,manual,75,getz,150000,petrol,hyundai,yes,15.0
11761,3600,limousine,manual,90,astra,150000,petrol,opel,no,12.08
11765,1100,bus,manual,101,others,150000,petrol,mazda,no,15.67
11768,4950,limousine,manual,150,a4,150000,petrol,audi,no,15.25
11769,9990,bus,manual,150,3_reihe,150000,diesel,peugeot,no,7.25
11770,9350,limousine,manual,143,1er,150000,diesel,bmw,no,9.33
11771,980,station wagon,manual,116,bora,150000,petrol,volkswagen,no,18.5
11774,1999,station wagon,automatic,160,galant,150000,petrol,mitsubishi,no,17.0
11775,40000,limousine,automatic,258,5er,40000,diesel,bmw,no,5.08
11777,9990,bus,manual,151,transporter,150000,diesel,volkswagen,no,17.83
11778,2300,small car,manual,58,clio,150000,petrol,renault,no,10.08
11779,2690,small car,manual,86,clio,150000,petrol,renault,yes,13.83
11782,14999,limousine,manual,300,a4,150000,petrol,audi,no,15.0
11783,1200,limousine,manual,90,others,150000,petrol,citroen,no,19.67
11785,2500,limousine,manual,118,e_klasse,150000,petrol,mercedes_benz,no,30.67
11788,950,limousine,automatic,193,c_klasse,125000,petrol,mercedes_benz,no,24.5
11789,5900,limousine,manual,150,5er,70000,petrol,bmw,no,21.92
11790,800,small car,manual,50,lupo,150000,petrol,volkswagen,no,19.67
11791,1750,small car,manual,88,2_reihe,150000,petrol,peugeot,no,14.92
11792,22900,cabrio,manual,170,others,20000,petrol,opel,no,3.33
11793,500,station wagon,manual,136,vectra,150000,petrol,opel,no,19.58
11794,8999,station wagon,automatic,122,golf,150000,petrol,volkswagen,no,8.83
11795,700,station wagon,manual,170,850,150000,petrol,volvo,no,23.0
11796,13599,station wagon,manual,170,c_klasse,150000,diesel,mercedes_benz,no,8.08
11800,12000,suv,automatic,218,x_reihe,150000,diesel,bmw,no,12.5
11801,3000,limousine,manual,103,astra,90000,petrol,opel,no,14.08
11803,2700,small car,manual,55,fox,150000,petrol,volkswagen,no,12.0
11806,1099,station wagon,manual,110,mondeo,150000,petrol,ford,no,16.5
11807,3900,small car,automatic,90,others,150000,diesel,fiat,no,11.67
11811,30000,coupe,automatic,333,others,125000,petrol,audi,no,8.25
11813,6200,limousine,manual,70,polo,125000,diesel,volkswagen,no,10.17
11814,32990,station wagon,automatic,220,octavia,5000,petrol,skoda,no,4.0
11815,5950,bus,manual,101,zafira,150000,diesel,opel,no,12.0
11816,15890,coupe,automatic,300,911,150000,petrol,porsche,no,19.42
11817,1990,suv,automatic,173,santa,150000,lpg,hyundai,yes,14.0
11818,6000,limousine,manual,140,golf,150000,diesel,volkswagen,no,14.5
11819,5900,limousine,manual,150,c_klasse,150000,diesel,mercedes_benz,no,13.67
11821,6290,limousine,manual,170,golf,150000,diesel,volkswagen,no,11.83
11823,6500,small car,manual,92,2_reihe,100000,diesel,peugeot,yes,7.92
11824,690,small car,manual,58,twingo,125000,petrol,renault,no,20.58
11825,2999,coupe,manual,143,c_klasse,150000,petrol,mercedes_benz,yes,15.5
11826,1199,small car,manual,65,micra,150000,petrol,nissan,no,15.92
11827,7000,station wagon,manual,105,octavia,150000,diesel,skoda,no,11.75
11828,750,limousine,manual,90,golf,150000,petrol,volkswagen,no,28.42
11830,2200,limousine,manual,103,stilo,150000,petrol,fiat,no,14.75
11832,1790,small car,manual,50,polo,150000,petrol,volkswagen,no,18.58
11833,13995,suv,manual,136,others,100000,diesel,hyundai,no,7.42
11834,7999,limousine,manual,122,1er,90000,petrol,bmw,no,10.08
11835,4000,limousine,manual,100,cordoba,70000,petrol,seat,no,12.92
11837,850,small car,manual,60,polo,150000,petrol,volkswagen,no,22.0
11839,6999,small car,automatic,71,fortwo,60000,petrol,smart,no,7.0
11841,1800,limousine,automatic,170,a6,150000,petrol,audi,no,18.0
11842,4150,coupe,automatic,61,fortwo,60000,hybrid,smart,no,6.33
11843,18500,limousine,manual,235,golf,90000,petrol,volkswagen,no,6.17
11845,4999,limousine,manual,116,1er,150000,petrol,bmw,no,14.0
11846,12150,limousine,manual,90,a3,60000,diesel,audi,no,7.42
11850,4500,station wagon,automatic,140,a4,150000,diesel,audi,yes,13.58
11851,950,small car,manual,54,corsa,150000,petrol,opel,no,18.17
11857,1990,small car,manual,58,twingo,70000,petrol,renault,no,18.42
11858,5300,cabrio,manual,105,astra,150000,petrol,opel,no,12.58
11859,9900,bus,manual,69,roomster,10000,petrol,skoda,no,6.5
11861,2500,limousine,manual,122,c_klasse,125000,petrol,mercedes_benz,no,19.33
11862,23000,cabrio,manual,184,3er,50000,diesel,bmw,no,8.0
11863,2750,suv,manual,116,others,150000,petrol,nissan,no,18.5
11864,2499,station wagon,manual,165,a6,150000,petrol,audi,no,18.08
11865,8500,small car,manual,192,corsa,125000,petrol,opel,no,11.0
11867,3000,bus,manual,120,others,150000,diesel,renault,no,13.33
11868,600,station wagon,manual,116,octavia,150000,petrol,skoda,yes,18.25
11869,4250,limousine,manual,105,golf,150000,diesel,volkswagen,no,15.83
11870,1980,limousine,manual,118,3er,150000,petrol,bmw,no,18.42
11872,2888,small car,manual,60,2_reihe,125000,petrol,peugeot,no,14.83
11873,1299,limousine,manual,75,golf,150000,petrol,volkswagen,no,20.75
11874,16990,coupe,automatic,272,clk,125000,petrol,mercedes_benz,no,13.83
11877,13999,suv,manual,150,others,150000,diesel,ford,no,6.25
11878,1650,limousine,manual,101,focus,125000,petrol,ford,no,19.5
11880,2950,coupe,automatic,61,fortwo,70000,petrol,smart,no,15.17
11882,15999,cabrio,manual,211,cooper,60000,petrol,mini,no,9.67
11883,1500,limousine,manual,150,a6,150000,diesel,audi,no,21.83
11884,5500,small car,manual,80,corsa,100000,petrol,opel,no,9.5
11885,4999,coupe,manual,125,cr_reihe,150000,petrol,honda,no,20.5
11887,3700,cabrio,manual,145,mx_reihe,150000,petrol,mazda,no,15.0
11890,2000,limousine,manual,90,laguna,125000,petrol,renault,no,23.25
11891,15999,limousine,manual,260,3_reihe,60000,petrol,mazda,no,7.5
11893,11500,station wagon,automatic,136,e_klasse,150000,diesel,mercedes_benz,no,6.5
11895,1950,small car,manual,58,corsa,100000,petrol,opel,no,15.08
11896,6400,limousine,manual,140,astra,70000,petrol,opel,no,12.83
11897,450,small car,manual,75,golf,150000,petrol,volkswagen,no,21.08
11898,5400,station wagon,manual,136,3_reihe,80000,diesel,peugeot,no,13.5
11901,2980,cabrio,automatic,54,fortwo,50000,petrol,smart,no,18.58
11902,4999,station wagon,manual,109,c_max,125000,diesel,ford,no,13.42
11903,6800,cabrio,manual,120,2_reihe,80000,petrol,peugeot,yes,9.0
11907,5900,small car,manual,97,fiesta,60000,petrol,ford,no,9.25
11908,56900,cabrio,manual,215,m_reihe,150000,petrol,bmw,no,26.75
11911,8200,limousine,manual,250,others,70000,petrol,saab,no,14.83
11916,7249,small car,manual,75,mii,40000,petrol,seat,no,6.42
11917,12000,limousine,manual,125,leon,50000,petrol,seat,no,7.67
11918,14850,limousine,automatic,218,x_reihe,150000,diesel,bmw,no,14.0
11921,850,limousine,manual,101,vectra,150000,petrol,opel,no,20.5
11922,6490,suv,automatic,218,range_rover,150000,lpg,land_rover,no,18.33
11925,7400,limousine,manual,116,focus,80000,petrol,ford,no,9.5
11929,4800,bus,automatic,110,transporter,150000,lpg,volkswagen,no,25.42
11930,14900,station wagon,manual,143,a4,90000,diesel,audi,no,7.33
11931,5700,limousine,manual,150,passat,150000,petrol,volkswagen,no,12.67
11932,3600,small car,manual,75,polo,150000,diesel,volkswagen,no,14.83
11933,1650,bus,automatic,182,others,150000,petrol,chevrolet,yes,18.83
11936,22700,bus,manual,122,b_klasse,30000,petrol,mercedes_benz,no,4.75
11937,12700,limousine,manual,136,a4,150000,diesel,audi,no,8.25
11941,500,station wagon,manual,101,focus,150000,petrol,ford,no,18.92
11942,16500,bus,manual,140,transporter,125000,diesel,volkswagen,no,8.58
11943,4200,small car,manual,80,corsa,125000,petrol,opel,no,10.67
11944,12986,cabrio,manual,220,boxster,125000,petrol,porsche,no,17.33
11945,11900,limousine,manual,160,golf,70000,petrol,volkswagen,no,7.17
11946,6490,small car,manual,69,polo,100000,petrol,volkswagen,no,9.67
11948,3800,limousine,manual,101,bora,150000,diesel,volkswagen,no,16.17
11949,5700,station wagon,manual,116,3er,125000,petrol,bmw,no,14.58
11950,1200,station wagon,manual,90,focus,150000,diesel,ford,no,18.17
11953,42900,station wagon,automatic,313,others,100000,diesel,audi,no,5.17
11954,3200,bus,manual,110,5_reihe,150000,diesel,mazda,no,11.5
11955,900,small car,manual,50,arosa,150000,petrol,seat,no,20.83
11956,4100,bus,manual,129,sprinter,150000,diesel,mercedes_benz,no,13.5
11957,3600,station wagon,manual,116,golf,150000,petrol,volkswagen,no,15.5
11958,6200,small car,manual,69,ibiza,60000,petrol,seat,no,8.33
11959,2750,small car,manual,60,corsa,150000,petrol,opel,no,14.58
11960,19999,small car,automatic,170,golf,80000,diesel,volkswagen,no,6.75
11961,6900,cabrio,manual,140,astra,70000,petrol,opel,no,12.67
11962,2000,limousine,manual,118,3er,150000,petrol,bmw,no,19.67
11965,10100,suv,automatic,239,touareg,100000,diesel,volkswagen,no,11.0
11966,2990,coupe,manual,90,astra,125000,petrol,opel,yes,12.75
11967,6300,limousine,manual,116,passat,125000,petrol,volkswagen,no,12.33
11969,2000,limousine,manual,75,golf,150000,petrol,volkswagen,no,15.75
11971,5000,coupe,manual,120,astra,150000,diesel,opel,no,11.5
11972,25999,bus,manual,163,galaxy,30000,diesel,ford,no,4.33
11973,2500,limousine,manual,163,a4,150000,diesel,audi,no,18.0
11976,2399,small car,manual,69,polo,125000,diesel,volkswagen,no,12.83
11977,799,small car,manual,60,golf,150000,petrol,volkswagen,no,22.83
11978,8450,station wagon,automatic,150,c_klasse,125000,diesel,mercedes_benz,no,14.67
11981,5790,station wagon,manual,163,3er,150000,diesel,bmw,no,12.42
11982,8495,small car,manual,69,500,40000,petrol,fiat,yes,5.83
11983,1599,limousine,automatic,170,5er,150000,petrol,bmw,no,21.33
11984,2499,small car,manual,65,micra,150000,petrol,nissan,no,12.42
11985,900,station wagon,manual,136,omega,150000,petrol,opel,no,19.58
11986,3500,bus,manual,88,transporter,150000,diesel,volkswagen,no,18.5
11988,1100,limousine,manual,150,147,150000,petrol,alfa_romeo,no,15.25
11989,1299,small car,manual,60,fiesta,150000,petrol,ford,no,12.92
11990,150,small car,manual,75,others,150000,petrol,hyundai,yes,21.33
11991,2995,small car,manual,90,corsa,100000,petrol,opel,no,14.5
11992,7200,small car,manual,150,fiesta,40000,petrol,ford,no,13.92
11993,15400,limousine,manual,170,c_klasse,125000,diesel,mercedes_benz,no,8.33
11995,7450,station wagon,manual,110,passat,150000,diesel,volkswagen,no,11.0
11996,17500,limousine,automatic,190,a6,150000,diesel,audi,no,9.17
11998,3950,small car,manual,73,c3,40000,petrol,citroen,no,10.25
12000,6999,limousine,manual,120,c4,40000,petrol,citroen,no,7.08
12001,21900,cabrio,automatic,232,others,80000,petrol,jaguar,no,22.58
12002,3600,small car,manual,75,ibiza,100000,petrol,seat,no,13.17
12004,3500,bus,manual,88,transporter,150000,diesel,volkswagen,no,16.5
12006,2500,small car,manual,105,getz,100000,petrol,hyundai,no,15.25
12007,7490,bus,manual,129,verso,100000,petrol,toyota,no,13.83
12008,17990,station wagon,manual,136,others,150000,diesel,mercedes_benz,no,5.33
12009,15950,limousine,automatic,170,golf,125000,diesel,volkswagen,no,9.67
12010,4299,station wagon,manual,105,astra,150000,petrol,opel,no,13.83
12011,7950,station wagon,manual,129,3er,150000,petrol,bmw,no,12.67
12013,6500,small car,manual,71,others,20000,petrol,mitsubishi,no,3.17
12014,15290,suv,automatic,184,captiva,90000,diesel,chevrolet,no,7.75
12015,23500,limousine,automatic,265,e_klasse,150000,diesel,mercedes_benz,no,9.0
12016,12500,suv,manual,105,yeti,60000,petrol,skoda,no,7.08
12017,2950,station wagon,manual,98,lancer,150000,lpg,mitsubishi,no,10.33
12018,7333,limousine,manual,109,c5,100000,diesel,citroen,no,9.33
12020,1199,station wagon,manual,90,golf,150000,petrol,volkswagen,no,21.33
12021,1450,limousine,automatic,122,c_klasse,150000,petrol,mercedes_benz,no,22.0
12022,370,small car,manual,60,ka,150000,petrol,ford,no,20.67
12024,7300,limousine,manual,143,c_klasse,150000,diesel,mercedes_benz,no,19.0
12025,4000,small car,manual,68,1_reihe,90000,petrol,peugeot,no,7.17
12026,8000,small car,manual,125,clubman,80000,petrol,mini,no,9.5
12027,750,limousine,manual,101,vectra,150000,petrol,opel,no,22.25
12028,999,limousine,manual,107,stilo,150000,petrol,fiat,no,14.17
12029,750,limousine,manual,75,astra,150000,petrol,opel,no,21.25
12030,9990,limousine,manual,140,golf,90000,diesel,volkswagen,no,11.67
12031,10490,limousine,manual,105,jetta,60000,petrol,volkswagen,no,7.08
12032,12700,limousine,manual,105,a3,40000,petrol,audi,no,6.0
12033,11880,suv,automatic,224,m_klasse,150000,diesel,mercedes_benz,no,12.58
12035,11000,limousine,automatic,160,golf,100000,petrol,volkswagen,no,10.0
12036,1980,small car,automatic,100,a_klasse,150000,petrol,mercedes_benz,no,18.83
12037,6950,coupe,automatic,286,others,90000,petrol,chevrolet,no,28.58
12038,4500,small car,manual,69,i_reihe,70000,petrol,hyundai,no,6.0
12041,1099,small car,automatic,54,fortwo,150000,petrol,smart,no,19.42
12042,11500,station wagon,manual,116,others,90000,petrol,citroen,no,39.17
12043,4990,small car,manual,68,2_reihe,100000,diesel,peugeot,no,7.75
12044,8250,coupe,manual,160,scirocco,150000,petrol,volkswagen,no,9.08
12045,12300,bus,automatic,136,b_klasse,100000,petrol,mercedes_benz,no,8.5
12048,600,small car,manual,60,polo,150000,petrol,volkswagen,no,22.0
12049,3900,bus,automatic,174,voyager,150000,petrol,chrysler,no,15.58
12051,27500,bus,manual,174,transporter,100000,diesel,volkswagen,no,10.33
12052,888,station wagon,manual,115,stilo,150000,diesel,fiat,yes,15.0
12053,850,bus,manual,105,others,150000,petrol,daewoo,no,15.5
12054,4500,station wagon,manual,80,golf,150000,petrol,volkswagen,no,10.83
12056,6900,small car,manual,101,corsa,40000,petrol,opel,no,8.5
12058,3999,station wagon,manual,150,3er,100000,diesel,bmw,no,14.67
12059,17100,suv,manual,129,grand,50000,diesel,suzuki,no,8.0
12060,7800,coupe,manual,90,others,70000,petrol,opel,no,46.08
12062,1500,small car,manual,94,others,150000,petrol,chevrolet,no,12.08
12064,2000,station wagon,manual,120,6_reihe,150000,petrol,mazda,no,15.67
12065,3999,station wagon,manual,144,c_klasse,150000,diesel,mercedes_benz,no,15.42
12066,500,cabrio,manual,90,golf,150000,petrol,volkswagen,no,22.5
12067,3250,station wagon,manual,129,avensis,90000,petrol,toyota,yes,15.75
12068,7999,limousine,manual,131,megane,150000,diesel,renault,no,9.25
12070,3950,limousine,manual,54,others,100000,diesel,mercedes_benz,yes,54.17
12071,2500,suv,manual,80,others,150000,petrol,suzuki,no,24.75
12072,8500,coupe,automatic,218,clk,100000,petrol,mercedes_benz,no,18.5
12073,2199,limousine,manual,140,3er,150000,petrol,bmw,no,20.42
12074,5599,limousine,manual,143,3er,150000,petrol,bmw,no,16.83
12075,1399,small car,manual,50,lupo,150000,petrol,volkswagen,no,15.17
12079,6300,bus,manual,105,transporter,150000,diesel,volkswagen,no,15.0
12080,7850,limousine,manual,224,a6,150000,diesel,audi,no,13.83
12081,3390,small car,manual,101,clio,150000,petrol,renault,no,12.0
12082,1500,limousine,manual,118,3er,150000,petrol,bmw,no,20.5
12083,2555,small car,manual,110,getz,150000,diesel,hyundai,no,12.5
12086,35000,station wagon,automatic,184,transporter,30000,diesel,volkswagen,no,4.83
12087,1399,small car,manual,54,corsa,150000,petrol,opel,no,21.58
12088,13250,station wagon,automatic,220,a6,150000,petrol,audi,no,8.08
12089,1200,station wagon,manual,100,focus,150000,petrol,ford,yes,15.75
12091,14990,bus,automatic,224,others,150000,diesel,mercedes_benz,no,12.92
12092,3000,others,manual,114,others,150000,diesel,renault,yes,19.0
12093,750,small car,manual,50,lupo,150000,petrol,volkswagen,no,19.42
12094,1999,limousine,manual,75,golf,150000,petrol,volkswagen,no,19.25
12098,6900,station wagon,automatic,140,passat,150000,diesel,volkswagen,no,13.75
12099,4100,small car,manual,75,twingo,150000,petrol,renault,no,9.92
12100,39000,station wagon,automatic,245,a4,90000,diesel,audi,no,4.83
12101,13900,station wagon,automatic,272,e_klasse,150000,lpg,mercedes_benz,no,11.58
12102,2500,small car,manual,58,corsa,90000,petrol,opel,no,15.67
12106,6800,cabrio,manual,125,tigra,70000,petrol,opel,no,10.33
12107,3333,station wagon,manual,109,berlingo,150000,lpg,citroen,yes,12.58
12108,6990,limousine,automatic,199,others,150000,petrol,jaguar,no,25.83
12110,6000,limousine,automatic,193,5er,150000,diesel,bmw,no,15.75
12113,990,limousine,automatic,118,3er,150000,petrol,bmw,yes,20.58
12114,1900,small car,manual,56,cuore,70000,petrol,daihatsu,no,15.92
12115,14300,suv,automatic,224,m_klasse,150000,diesel,mercedes_benz,no,10.75
12117,1990,station wagon,manual,125,astra,150000,petrol,opel,no,15.08
12118,6500,small car,manual,135,punto,100000,petrol,fiat,no,8.75
12119,450,cabrio,manual,72,escort,90000,petrol,ford,yes,22.5
12120,9900,station wagon,manual,156,c_klasse,125000,petrol,mercedes_benz,no,10.5
12121,2100,limousine,manual,125,a3,150000,petrol,audi,no,19.67
12122,7600,limousine,manual,95,others,60000,petrol,alfa_romeo,no,8.75
12123,2700,small car,manual,150,corsa,80000,petrol,opel,no,26.92
12124,32900,limousine,automatic,408,5er,125000,petrol,bmw,no,6.25
12128,21000,station wagon,automatic,239,a6,150000,diesel,audi,no,9.75
12129,1600,station wagon,manual,131,mondeo,150000,diesel,ford,no,15.5
12130,3600,station wagon,manual,192,3er,150000,petrol,bmw,no,16.0
12131,4350,limousine,manual,162,others,150000,petrol,hyundai,no,12.83
12132,2900,limousine,manual,174,golf,150000,petrol,volkswagen,no,26.25
12133,3000,station wagon,automatic,150,3er,150000,diesel,bmw,no,16.5
12134,2499,station wagon,automatic,150,5er,150000,petrol,bmw,no,23.83
12135,3900,small car,manual,125,corsa,150000,diesel,opel,no,11.42
12137,300,station wagon,manual,115,passat,40000,lpg,volkswagen,no,25.67
12138,2900,cabrio,manual,109,2_reihe,150000,petrol,peugeot,no,13.25
12140,12999,cabrio,automatic,231,clk,150000,petrol,mercedes_benz,no,13.58
12142,1550,limousine,automatic,131,a4,150000,petrol,audi,yes,17.83
12143,7399,bus,automatic,105,touran,150000,diesel,volkswagen,no,12.42
12144,10500,bus,manual,163,others,125000,diesel,chevrolet,no,7.83
12148,8500,limousine,automatic,313,phaeton,150000,diesel,volkswagen,no,12.33
12149,7700,station wagon,automatic,140,octavia,150000,diesel,skoda,no,10.33
12150,1600,limousine,automatic,170,others,150000,petrol,volvo,no,19.83
12157,1200,small car,manual,58,corsa,150000,petrol,opel,no,16.75
12160,13499,limousine,automatic,150,accord,125000,diesel,honda,no,7.17
12161,13500,small car,manual,86,a1,40000,petrol,audi,no,5.75
12163,29750,suv,automatic,140,tiguan,50000,diesel,volkswagen,no,5.08
12164,1500,small car,automatic,54,fortwo,125000,petrol,smart,no,18.92
12166,3000,limousine,manual,174,golf,150000,petrol,volkswagen,no,23.58
12167,9850,station wagon,manual,111,3_reihe,60000,diesel,peugeot,no,6.25
12168,1550,small car,manual,75,polo,150000,petrol,volkswagen,no,22.75
12169,945,limousine,manual,26,601,10000,petrol,trabant,no,41.08
12170,1298,small car,manual,75,fiesta,90000,petrol,ford,no,20.0
12171,13000,suv,automatic,224,m_klasse,125000,diesel,mercedes_benz,no,9.58
12173,4000,station wagon,manual,115,3er,150000,diesel,bmw,no,14.25
12174,999,limousine,manual,75,octavia,150000,petrol,skoda,no,20.83
12176,600,small car,manual,60,polo,150000,petrol,volkswagen,yes,22.5
12179,2499,small car,automatic,60,polo,150000,petrol,volkswagen,no,17.5
12181,2950,cabrio,manual,109,2_reihe,150000,petrol,peugeot,no,15.75
12182,5900,station wagon,manual,140,passat,150000,diesel,volkswagen,no,12.5
12183,54900,coupe,automatic,420,others,30000,petrol,audi,no,11.0
12186,3500,bus,manual,109,berlingo,150000,petrol,citroen,no,10.25
12188,1600,small car,manual,44,polo,150000,petrol,volkswagen,no,18.08
12189,2999,small car,manual,54,polo,100000,petrol,volkswagen,no,14.83
12190,28999,limousine,automatic,177,passat,90000,diesel,volkswagen,no,5.25
12192,1650,small car,manual,68,fiesta,150000,diesel,ford,yes,15.0
12193,1995,small car,manual,75,2_reihe,150000,petrol,peugeot,no,16.33
12194,12890,station wagon,manual,170,passat,150000,diesel,volkswagen,no,7.42
12195,6350,bus,manual,75,transporter,150000,diesel,volkswagen,no,16.75
12197,900,small car,manual,58,corsa,125000,petrol,opel,yes,17.25
12199,6950,small car,manual,109,a_klasse,125000,diesel,mercedes_benz,no,9.58
12201,6750,bus,manual,120,zafira,150000,diesel,opel,no,9.42
12202,1950,limousine,manual,82,a_klasse,100000,petrol,mercedes_benz,no,19.58
12205,6499,small car,manual,68,spark,50000,petrol,chevrolet,no,5.92
12206,7500,limousine,automatic,197,3er,150000,diesel,bmw,no,11.25
12207,749,limousine,manual,107,megane,150000,petrol,renault,yes,18.75
12209,8000,limousine,manual,125,leon,50000,petrol,seat,no,9.17
12210,9300,station wagon,automatic,150,e_klasse,150000,diesel,mercedes_benz,no,12.25
12212,5199,small car,manual,75,clio,150000,petrol,renault,no,8.17
12213,37999,suv,automatic,245,touareg,20000,diesel,volkswagen,no,6.42
12214,600,limousine,manual,75,megane,150000,petrol,renault,yes,22.33
12215,750,small car,manual,54,seicento,150000,petrol,fiat,no,17.17
12216,250,small car,manual,90,corsa,150000,petrol,opel,yes,19.33
12219,19500,coupe,automatic,354,others,150000,petrol,audi,no,9.25
12221,2500,limousine,automatic,113,3er,150000,petrol,bmw,no,29.83
12222,6000,bus,manual,109,berlingo,100000,petrol,citroen,no,9.42
12223,750,limousine,manual,75,megane,125000,petrol,renault,no,18.42
12225,1500,limousine,automatic,250,200,150000,petrol,audi,yes,29.58
12227,1599,small car,manual,75,polo,150000,petrol,volkswagen,no,18.0
12228,1800,small car,manual,60,c3,150000,petrol,citroen,yes,13.67
12230,12500,limousine,automatic,218,x_reihe,150000,diesel,bmw,no,11.08
12231,2700,small car,manual,69,fox,150000,diesel,volkswagen,no,15.0
12232,4500,station wagon,manual,75,logan,80000,petrol,dacia,no,9.42
12233,400,small car,automatic,44,fortwo,125000,petrol,smart,yes,19.75
12234,11200,suv,manual,140,outlander,100000,diesel,mitsubishi,no,9.25
12236,4500,station wagon,manual,90,octavia,150000,diesel,skoda,no,13.08
12237,1080,small car,manual,60,golf,150000,petrol,volkswagen,no,22.5
12238,1000,station wagon,manual,131,mondeo,150000,petrol,ford,no,18.83
12240,20000,suv,automatic,224,m_klasse,150000,diesel,mercedes_benz,no,9.58
12241,599,limousine,manual,50,fiesta,150000,petrol,ford,no,20.83
12243,9400,limousine,automatic,200,golf,100000,petrol,volkswagen,no,12.0
12244,4890,bus,manual,120,zafira,150000,diesel,opel,no,12.25
12245,2900,limousine,manual,75,golf,150000,petrol,volkswagen,yes,12.0
12246,4900,bus,manual,88,transporter,150000,diesel,volkswagen,no,16.5
12249,7500,limousine,manual,163,5er,150000,diesel,bmw,no,10.58
12251,100,small car,manual,60,corsa,150000,petrol,opel,yes,18.0
12252,13800,small car,manual,170,cooper,80000,petrol,mini,no,11.92
12253,6000,limousine,manual,116,100,100000,petrol,audi,no,46.42
12257,12500,limousine,manual,143,1er,90000,diesel,bmw,no,7.08
12258,2290,limousine,manual,90,leon,150000,diesel,seat,yes,13.42
12261,2200,small car,manual,131,polo,150000,diesel,volkswagen,no,14.42
12262,4800,station wagon,manual,125,astra,125000,petrol,opel,no,12.25
12265,899,small car,manual,53,swift,100000,petrol,suzuki,no,24.67
12266,5250,cabrio,manual,95,ka,60000,petrol,ford,no,13.25
12268,1000,limousine,manual,75,colt,150000,petrol,mitsubishi,no,20.33
12269,1100,station wagon,manual,68,ducato,150000,diesel,fiat,yes,18.58
12270,4399,others,manual,105,transporter,150000,diesel,volkswagen,no,14.0
12275,3400,small car,manual,54,polo,80000,petrol,volkswagen,no,12.33
12276,1450,limousine,manual,75,golf,150000,petrol,volkswagen,no,20.83
12277,3999,station wagon,automatic,163,a6,150000,diesel,audi,no,15.5
12279,1100,small car,manual,56,corsa,100000,petrol,opel,no,18.75
12282,3300,cabrio,manual,109,2_reihe,150000,petrol,peugeot,no,14.5
12283,1100,station wagon,manual,122,c_klasse,150000,petrol,mercedes_benz,no,22.0
12286,1500,cabrio,manual,90,3er,150000,petrol,bmw,yes,40.75
12288,800,small car,manual,75,golf,5000,petrol,volkswagen,no,26.33
12289,1790,small car,manual,58,twingo,100000,petrol,renault,no,14.33
12291,950,small car,manual,60,lupo,150000,petrol,volkswagen,yes,17.75
12292,3400,station wagon,manual,174,passat,150000,petrol,volkswagen,no,23.83
12294,4650,station wagon,manual,150,a4,150000,petrol,audi,no,16.17
12295,2700,limousine,automatic,235,7er,150000,petrol,bmw,no,21.42
12297,5450,station wagon,automatic,163,a6,150000,diesel,audi,no,13.25
12298,23300,limousine,automatic,184,x_reihe,100000,diesel,bmw,no,5.25
12299,25990,suv,automatic,224,m_klasse,150000,diesel,mercedes_benz,no,8.58
12300,1900,small car,automatic,75,twingo,70000,petrol,renault,no,16.58
12301,6500,limousine,manual,170,golf,125000,petrol,volkswagen,no,17.5
12302,2100,small car,manual,52,matiz,125000,petrol,chevrolet,no,9.92
12304,3650,cabrio,manual,90,tigra,150000,petrol,opel,no,15.0
12305,850,station wagon,automatic,185,others,125000,petrol,saab,yes,17.58
12306,18300,station wagon,manual,150,avensis,60000,diesel,toyota,no,6.0
12307,4500,limousine,automatic,129,c_klasse,125000,petrol,mercedes_benz,no,17.5
12308,39999,coupe,automatic,230,tt,20000,petrol,audi,no,3.08
12309,5450,limousine,manual,116,a_klasse,90000,petrol,mercedes_benz,no,13.67
12310,2000,station wagon,manual,150,a4,150000,diesel,audi,no,18.08
12312,2620,limousine,manual,150,5er,150000,petrol,bmw,no,20.0
12313,1950,small car,manual,80,others,150000,petrol,mazda,no,13.25
12315,8000,coupe,automatic,306,cl,150000,lpg,mercedes_benz,no,19.75
12316,5600,small car,manual,60,fabia,100000,petrol,skoda,no,10.08
12317,5490,limousine,automatic,69,jetta,80000,petrol,volkswagen,no,38.58
12318,1600,limousine,manual,120,6_reihe,150000,petrol,mazda,yes,14.33
12319,650,limousine,manual,90,golf,150000,petrol,volkswagen,no,23.42
12320,6490,cabrio,manual,143,3er,150000,petrol,bmw,no,16.42
12321,850,limousine,manual,75,golf,150000,lpg,volkswagen,yes,25.0
12322,4100,station wagon,automatic,172,a6,150000,diesel,audi,no,13.33
12323,700,small car,manual,50,fiesta,150000,petrol,ford,no,21.25
12324,21999,limousine,automatic,170,c_klasse,60000,diesel,mercedes_benz,no,6.83
12325,11850,limousine,automatic,230,golf,125000,petrol,volkswagen,no,11.58
12326,4400,coupe,manual,200,astra,150000,petrol,opel,no,13.5
12329,1500,small car,manual,101,cordoba,150000,diesel,seat,no,15.83
12330,2990,limousine,manual,143,a4,50000,diesel,audi,yes,6.33
12331,7999,small car,manual,75,golf,90000,petrol,volkswagen,no,10.0
12332,3100,small car,manual,60,punto,70000,petrol,fiat,no,19.0
12333,300,station wagon,automatic,70,golf,150000,petrol,volkswagen,yes,22.92
12335,7900,limousine,manual,107,others,125000,petrol,suzuki,no,11.75
12336,4000,small car,manual,69,panda,60000,petrol,fiat,no,7.25
12338,2950,cabrio,manual,98,golf,150000,petrol,volkswagen,yes,25.67
12340,3650,limousine,manual,82,a_klasse,125000,petrol,mercedes_benz,no,15.58
12342,3500,limousine,manual,170,3er,150000,petrol,bmw,no,17.08
12346,2700,small car,manual,64,polo,125000,petrol,volkswagen,no,16.5
12347,3050,small car,manual,75,punto,100000,petrol,fiat,no,12.25
12350,20500,coupe,automatic,143,1er,60000,diesel,bmw,no,5.33
12353,15999,limousine,automatic,211,golf,125000,petrol,volkswagen,no,9.25
12354,21900,cabrio,manual,306,1er,60000,petrol,bmw,no,8.58
12355,17800,station wagon,manual,140,mondeo,30000,diesel,ford,no,4.75
12356,15990,small car,automatic,90,polo,40000,diesel,volkswagen,no,5.67
12357,13500,limousine,manual,99,i_reihe,10000,petrol,hyundai,no,3.08
12358,1750,limousine,automatic,125,a3,150000,petrol,audi,no,21.92
12361,25500,coupe,manual,370,focus,70000,petrol,ford,no,10.42
12362,1350,small car,manual,60,twingo,150000,petrol,renault,no,19.5
12363,900,limousine,manual,90,carisma,150000,petrol,mitsubishi,no,22.33
12364,900,coupe,automatic,150,3er,150000,petrol,bmw,no,25.33
12365,1800,small car,manual,85,golf,150000,diesel,volkswagen,yes,17.33
12366,1800,small car,manual,58,agila,125000,petrol,opel,no,17.75
12368,4400,bus,manual,109,vito,150000,diesel,mercedes_benz,no,14.67
12373,4500,limousine,manual,90,astra,150000,diesel,opel,no,11.75
12375,17900,limousine,manual,220,others,60000,petrol,ford,no,47.58
12376,3199,small car,manual,75,ibiza,125000,petrol,seat,no,12.83
12378,600,station wagon,manual,116,focus,150000,petrol,ford,no,19.75
12379,24900,station wagon,automatic,260,insignia,30000,petrol,opel,no,8.0
12382,5500,cabrio,automatic,218,clk,150000,petrol,mercedes_benz,no,19.42
12384,1200,station wagon,automatic,193,a6,150000,petrol,audi,no,20.75
12385,14500,coupe,manual,177,3er,125000,diesel,bmw,no,10.08
12386,6999,limousine,manual,140,a6,150000,diesel,audi,no,14.92
12387,2100,limousine,manual,26,601,30000,petrol,trabant,no,40.0
12388,6200,bus,automatic,136,c4,150000,diesel,citroen,no,10.08
12389,17700,coupe,manual,239,a5,150000,diesel,audi,no,10.17
12390,20500,limousine,automatic,204,5er,125000,petrol,bmw,no,8.25
12391,13600,suv,manual,150,rav,125000,diesel,toyota,no,8.25
12392,18950,coupe,manual,204,c_klasse,150000,diesel,mercedes_benz,no,7.92
12393,2700,limousine,automatic,140,golf,150000,diesel,volkswagen,yes,13.75
12395,2900,limousine,manual,105,astra,150000,petrol,opel,no,13.58
12396,2000,small car,manual,58,clio,125000,petrol,renault,yes,10.33
12397,2100,small car,automatic,80,punto,90000,petrol,fiat,no,15.17
12398,1990,bus,manual,75,transit,150000,diesel,ford,yes,11.5
12399,1150,small car,manual,58,clio,125000,petrol,renault,no,19.92
12400,1690,small car,manual,75,twingo,100000,petrol,renault,no,18.0
12401,10800,coupe,manual,140,passat,150000,diesel,volkswagen,no,10.75
12402,5200,station wagon,manual,136,v50,150000,diesel,volvo,no,14.92
12404,11700,limousine,automatic,231,7er,150000,diesel,bmw,no,11.83
12405,2590,bus,automatic,144,carnival,150000,diesel,kia,no,13.75
12406,1790,small car,manual,67,getz,90000,petrol,hyundai,no,10.75
12407,7777,limousine,manual,225,focus,150000,petrol,ford,no,12.25
12408,2100,small car,manual,60,fiesta,150000,petrol,ford,no,13.25
12410,2950,others,manual,90,transit,150000,diesel,ford,no,14.25
12412,29998,limousine,automatic,300,golf,10000,petrol,volkswagen,no,4.0
12415,10900,limousine,manual,141,qashqai,40000,petrol,nissan,no,7.67
12416,2899,limousine,automatic,125,e_klasse,150000,diesel,mercedes_benz,no,19.42
12417,2199,station wagon,manual,131,passat,150000,diesel,volkswagen,no,15.08
12418,7590,coupe,manual,136,others,150000,petrol,audi,no,32.92
12421,18200,cabrio,manual,156,3_reihe,80000,petrol,peugeot,no,7.58
12422,990,limousine,manual,107,laguna,150000,petrol,renault,no,18.83
12423,3300,small car,manual,80,fiesta,90000,petrol,ford,no,12.5
12424,2300,cabrio,automatic,41,fortwo,150000,diesel,smart,no,17.42
12425,10000,limousine,manual,116,3er,150000,diesel,bmw,no,8.17
12426,6550,cabrio,manual,110,mx_reihe,50000,petrol,mazda,no,14.5
12427,8750,limousine,manual,150,1er,125000,petrol,bmw,no,12.67
12428,15899,bus,manual,175,s_max,125000,diesel,ford,no,8.83
12429,20950,station wagon,automatic,239,a6,150000,diesel,audi,no,7.42
12431,7500,limousine,manual,200,octavia,150000,petrol,skoda,no,13.83
12432,4999,bus,manual,109,sprinter,150000,diesel,mercedes_benz,no,9.33
12433,8000,small car,manual,60,polo,60000,petrol,volkswagen,no,7.42
12435,2599,limousine,manual,105,bora,150000,petrol,volkswagen,no,15.75
12436,2350,small car,manual,75,lupo,125000,diesel,volkswagen,no,15.17
12438,3790,limousine,manual,116,c_klasse,150000,diesel,mercedes_benz,no,15.42
12439,10900,station wagon,manual,140,passat,150000,diesel,volkswagen,no,13.83
12440,1200,small car,manual,60,corsa,150000,petrol,opel,no,19.17
12441,1200,small car,manual,60,ibiza,150000,petrol,seat,no,20.67
12442,2550,bus,manual,101,zafira,150000,petrol,opel,no,17.17
12445,10900,station wagon,automatic,120,clubman,80000,petrol,mini,no,9.25
12446,19500,coupe,manual,265,scirocco,90000,petrol,volkswagen,no,7.75
12447,900,limousine,manual,75,3_reihe,150000,petrol,peugeot,no,27.58
12448,7650,suv,automatic,185,pajero,150000,diesel,mitsubishi,no,13.58
12449,850,small car,manual,75,fiesta,150000,petrol,ford,no,19.17
12450,8800,limousine,manual,160,insignia,70000,diesel,opel,no,9.25
12452,2199,limousine,manual,109,others,150000,petrol,mercedes_benz,no,28.67
12453,4400,others,manual,160,ducato,150000,diesel,fiat,yes,11.25
12454,1750,cabrio,manual,107,megane,150000,petrol,renault,no,17.25
12455,5800,suv,automatic,273,others,150000,lpg,chevrolet,no,18.92
12456,950,limousine,manual,125,toledo,150000,petrol,seat,no,19.75
12457,4200,limousine,manual,145,focus,150000,petrol,ford,no,13.58
12458,6390,limousine,manual,140,passat,150000,diesel,volkswagen,no,13.75
12459,16900,station wagon,manual,150,c_klasse,80000,petrol,mercedes_benz,no,7.58
12460,7299,station wagon,manual,105,golf,100000,diesel,volkswagen,no,9.5
12461,4990,limousine,manual,150,3er,150000,petrol,bmw,no,13.83
12462,850,station wagon,manual,101,astra,150000,petrol,opel,no,19.75
12464,7800,cabrio,manual,192,z_reihe,150000,petrol,bmw,no,14.67
12465,3400,station wagon,manual,135,laguna,150000,lpg,renault,no,15.17
12466,990,coupe,manual,101,a3,150000,petrol,audi,no,21.17
12467,2750,small car,manual,75,ibiza,150000,diesel,seat,no,13.67
12468,5390,cabrio,manual,163,slk,150000,petrol,mercedes_benz,no,18.92
12469,1699,limousine,manual,75,astra,150000,petrol,opel,no,20.67
12470,2690,limousine,automatic,116,c_klasse,150000,diesel,mercedes_benz,no,17.5
12471,1600,bus,manual,101,scenic,150000,diesel,renault,no,13.33
12472,4850,limousine,manual,140,a3,150000,diesel,audi,no,15.42
12475,3700,limousine,manual,82,a_klasse,125000,petrol,mercedes_benz,no,14.5
12476,15500,limousine,manual,200,3er,125000,diesel,bmw,no,9.33
12477,3250,small car,automatic,75,fabia,150000,petrol,skoda,no,15.42
12478,3100,bus,manual,204,galaxy,150000,petrol,ford,no,15.25
12479,5648,limousine,manual,116,1er,125000,petrol,bmw,no,13.83
12481,3700,limousine,automatic,193,5er,150000,petrol,bmw,no,20.25
12482,3300,station wagon,automatic,177,e_klasse,150000,diesel,mercedes_benz,no,15.67
12484,8300,station wagon,manual,102,caddy,125000,lpg,volkswagen,no,9.42
12485,650,small car,manual,60,golf,150000,petrol,volkswagen,no,26.92
12487,15200,limousine,manual,160,beetle,40000,petrol,volkswagen,no,4.08
12490,8250,station wagon,manual,184,e_klasse,150000,petrol,mercedes_benz,no,12.92
12491,4500,coupe,manual,192,rx_reihe,125000,petrol,mazda,no,12.67
12493,3800,limousine,manual,60,polo,150000,petrol,volkswagen,yes,10.0
12495,16940,coupe,manual,140,scirocco,50000,diesel,volkswagen,no,7.0
12497,450,limousine,manual,60,polo,150000,petrol,volkswagen,no,25.0
12499,280,limousine,automatic,60,golf,150000,petrol,volkswagen,no,21.58
12500,1350,small car,manual,74,golf,150000,petrol,volkswagen,no,19.08
12501,31500,limousine,automatic,265,e_klasse,70000,diesel,mercedes_benz,no,7.0
12503,1850,small car,manual,50,lupo,125000,petrol,volkswagen,no,17.25
12506,12700,others,manual,116,c_max,80000,diesel,ford,no,8.92
12508,1200,limousine,manual,60,golf,150000,lpg,volkswagen,no,22.83
12509,19999,station wagon,automatic,204,3er,125000,diesel,bmw,no,8.33
12510,15500,limousine,automatic,232,q7,150000,diesel,audi,no,11.92
12514,999,station wagon,automatic,109,others,150000,petrol,citroen,no,17.33
12515,8900,limousine,manual,140,a3,150000,diesel,audi,no,11.92
12516,2000,small car,manual,75,corsa,150000,petrol,opel,no,17.0
12517,14750,suv,manual,116,others,40000,petrol,opel,no,6.0
12519,3100,bus,manual,122,vito,40000,diesel,mercedes_benz,no,15.58
12521,2699,limousine,manual,80,corsa,150000,petrol,opel,no,9.33
12522,7999,coupe,automatic,218,clk,150000,petrol,mercedes_benz,no,14.25
12524,850,small car,manual,50,lupo,150000,petrol,volkswagen,no,20.0
12525,600,small car,manual,50,polo,150000,petrol,volkswagen,no,19.58
12527,215,small car,manual,120,2_reihe,20000,diesel,peugeot,no,3.58
12528,4800,small car,manual,44,kaefer,100000,petrol,volkswagen,no,45.83
12529,11750,small car,manual,105,a1,80000,diesel,audi,no,7.33
12530,3000,station wagon,automatic,101,passat,150000,diesel,volkswagen,no,16.58
12532,8000,bus,manual,109,b_klasse,100000,diesel,mercedes_benz,no,9.75
12533,3900,limousine,manual,101,focus,100000,petrol,ford,no,13.42
12535,2099,limousine,automatic,150,a6,150000,petrol,audi,no,17.25
12539,2490,station wagon,manual,109,3_reihe,150000,petrol,peugeot,no,16.58
12543,6700,small car,automatic,82,roadster,60000,petrol,smart,no,15.58
12544,1399,station wagon,manual,90,focus,150000,diesel,ford,yes,17.42
12546,6250,limousine,automatic,224,e_klasse,150000,petrol,mercedes_benz,no,15.67
12547,6290,limousine,manual,109,colt,80000,petrol,mitsubishi,no,10.83
12548,10950,limousine,automatic,280,300c,125000,diesel,chrysler,no,13.0
12549,7950,bus,automatic,116,golf,50000,petrol,volkswagen,no,12.83
12552,1000,limousine,manual,101,vectra,150000,petrol,opel,no,18.5
12556,10900,limousine,manual,145,5er,150000,petrol,bmw,no,43.33
12557,1800,limousine,automatic,170,5er,150000,petrol,bmw,no,18.58
12558,3999,limousine,manual,115,golf,150000,petrol,volkswagen,no,12.33
12559,1200,coupe,manual,102,3er,150000,petrol,bmw,no,23.42
12561,3499,coupe,manual,200,astra,150000,petrol,opel,no,13.58
12563,7499,small car,manual,122,1er,150000,petrol,bmw,no,10.08
12564,2000,bus,manual,90,berlingo,150000,petrol,citroen,no,19.0
12565,800,station wagon,manual,90,mondeo,150000,diesel,ford,no,17.58
12566,8700,station wagon,automatic,170,passat,125000,diesel,volkswagen,no,13.0
12568,4999,limousine,manual,250,5er,150000,petrol,bmw,no,17.08
12569,600,limousine,manual,105,3er,150000,petrol,bmw,yes,18.25
12570,12800,station wagon,automatic,140,passat,125000,diesel,volkswagen,no,10.08
12571,7900,small car,manual,87,corsa,40000,petrol,opel,no,6.42
12572,820,small car,manual,60,fiesta,100000,petrol,ford,no,21.83
12573,999,small car,manual,50,arosa,150000,petrol,seat,no,19.42
12575,5290,limousine,manual,102,golf,125000,petrol,volkswagen,no,13.17
12576,1850,limousine,manual,120,147,150000,petrol,alfa_romeo,no,14.25
12578,1750,limousine,automatic,75,golf,60000,petrol,volkswagen,no,21.25
12579,2500,station wagon,manual,131,a4,150000,diesel,audi,no,15.42
12581,500,limousine,manual,90,80,150000,petrol,audi,no,26.58
12582,9990,station wagon,automatic,232,a6,150000,diesel,audi,no,13.0
12583,600,small car,manual,45,1_reihe,60000,petrol,peugeot,no,25.83
12584,14500,limousine,manual,86,golf,20000,petrol,volkswagen,no,4.75
12585,5850,limousine,manual,143,3er,150000,petrol,bmw,no,16.75
12587,12200,small car,manual,105,a1,70000,diesel,audi,no,6.08
12588,350,station wagon,manual,115,mondeo,150000,petrol,ford,no,24.0
12591,7600,bus,manual,116,b_klasse,100000,petrol,mercedes_benz,no,11.25
12592,3399,limousine,manual,69,golf,150000,petrol,volkswagen,no,35.58
12594,2550,limousine,manual,136,3_reihe,150000,petrol,peugeot,no,14.58
12596,8885,cabrio,automatic,71,fortwo,50000,petrol,smart,no,7.83
12597,17599,cabrio,manual,160,tt,70000,petrol,audi,no,8.67
12598,14900,limousine,manual,177,1er,125000,diesel,bmw,no,9.75
12601,12200,station wagon,manual,231,3er,150000,diesel,bmw,no,12.42
12602,2600,limousine,automatic,230,x_type,150000,petrol,jaguar,no,15.25
12603,500,limousine,manual,144,others,150000,petrol,mazda,yes,26.5
12604,8490,coupe,manual,131,megane,125000,diesel,renault,no,8.58
12606,1450,station wagon,manual,170,5er,150000,petrol,bmw,no,21.25
12608,10999,limousine,automatic,109,a_klasse,50000,diesel,mercedes_benz,no,7.25
12609,2500,limousine,manual,65,others,150000,diesel,mercedes_benz,no,35.08
12610,2999,limousine,manual,102,a4,150000,petrol,audi,no,16.17
12611,25999,coupe,manual,249,mustang,10000,petrol,ford,no,53.58
12612,1250,small car,manual,50,lupo,150000,petrol,volkswagen,no,17.25
12614,3200,station wagon,automatic,170,c_klasse,150000,diesel,mercedes_benz,no,17.67
12618,6300,small car,manual,59,corsa,10000,petrol,opel,no,9.67
12619,950,limousine,manual,116,mondeo,150000,diesel,ford,no,17.42
12620,3750,bus,manual,150,zafira,150000,diesel,opel,no,12.67
12621,1750,small car,manual,75,polo,150000,petrol,volkswagen,no,18.5
12622,1900,limousine,manual,116,3er,150000,diesel,bmw,no,16.33
12628,1850,limousine,manual,101,astra,150000,diesel,opel,no,15.83
12629,750,station wagon,manual,115,3er,150000,petrol,bmw,no,20.92
12630,15900,station wagon,manual,170,a4,100000,diesel,audi,no,8.17
12631,1500,suv,manual,60,others,150000,petrol,suzuki,no,16.83
12634,8650,station wagon,automatic,105,fabia,100000,petrol,skoda,no,7.08
12635,695,station wagon,manual,101,passat,150000,petrol,volkswagen,no,20.33
12636,5750,bus,manual,86,transporter,150000,diesel,volkswagen,no,14.67
12637,1700,limousine,manual,105,golf,150000,petrol,volkswagen,no,18.42
12640,20990,suv,automatic,163,i_reihe,40000,petrol,hyundai,no,5.67
12642,5490,small car,manual,80,corsa,40000,petrol,opel,no,10.58
12643,9250,limousine,manual,122,golf,100000,petrol,volkswagen,no,9.92
12645,11700,bus,manual,114,others,125000,diesel,renault,no,8.33
12646,790,small car,manual,88,2_reihe,150000,petrol,peugeot,no,19.67
12647,5200,suv,manual,116,rav,150000,diesel,toyota,no,14.75
12651,5300,limousine,manual,286,3er,125000,lpg,bmw,no,20.25
12652,3899,limousine,automatic,170,golf,150000,petrol,volkswagen,no,16.58
12655,8300,suv,automatic,140,sorento,150000,diesel,kia,no,12.42
12656,600,bus,manual,133,voyager,150000,petrol,chrysler,no,20.0
12658,300,coupe,manual,60,ibiza,150000,petrol,seat,no,21.5
12660,6900,station wagon,manual,105,golf,150000,diesel,volkswagen,no,8.25
12662,6700,limousine,manual,150,x_reihe,150000,diesel,bmw,no,12.42
12663,11300,cabrio,manual,116,z_reihe,50000,petrol,bmw,no,20.58
12665,750,suv,manual,82,others,125000,petrol,suzuki,no,29.75
12666,5850,coupe,manual,140,a3,150000,diesel,audi,no,15.17
12667,3500,station wagon,manual,150,a4,150000,petrol,audi,no,16.83
12668,1950,small car,manual,54,fox,100000,petrol,volkswagen,no,11.92
12669,499,station wagon,manual,75,astra,150000,petrol,opel,yes,21.58
12671,400,coupe,manual,90,tigra,150000,petrol,opel,yes,22.0
12673,7750,small car,manual,80,micra,40000,petrol,nissan,no,5.17
12674,950,limousine,manual,125,a6,150000,petrol,audi,no,26.92
12675,1999,station wagon,manual,86,passat,100000,petrol,volkswagen,no,36.08
12676,2400,small car,manual,116,beetle,150000,petrol,volkswagen,no,19.25
12677,12000,cabrio,automatic,102,a3,80000,petrol,audi,no,9.5
12678,4500,suv,manual,136,x_trail,150000,diesel,nissan,no,13.83
12680,650,station wagon,manual,136,omega,150000,petrol,opel,no,21.17
12682,750,limousine,manual,101,golf,150000,petrol,volkswagen,no,20.17
12683,23300,station wagon,manual,136,i_reihe,10000,diesel,hyundai,no,5.0
12684,6450,limousine,manual,122,1er,150000,diesel,bmw,no,11.08
12685,1800,station wagon,manual,116,6_reihe,150000,petrol,mazda,no,18.5
12686,6500,station wagon,automatic,122,c_klasse,150000,diesel,mercedes_benz,no,13.5
12687,1900,small car,manual,80,punto,150000,petrol,fiat,no,18.83
12689,900,limousine,manual,101,a4,150000,petrol,audi,no,23.83
12690,17500,limousine,manual,122,a3,40000,petrol,audi,no,4.25
12691,1500,limousine,manual,116,focus,125000,petrol,ford,no,18.33
12692,3000,limousine,manual,150,5er,150000,petrol,bmw,no,21.67
12693,2850,station wagon,manual,125,c_max,125000,petrol,ford,no,14.5
12694,5400,station wagon,manual,218,5er,150000,diesel,bmw,no,13.42
12695,990,limousine,manual,116,others,150000,diesel,rover,no,17.25
12697,6400,limousine,automatic,116,a_klasse,70000,petrol,mercedes_benz,yes,8.58
12698,10850,station wagon,automatic,179,a6,150000,diesel,audi,no,11.5
12699,16500,cabrio,automatic,163,a4,70000,petrol,audi,no,10.67
12701,11000,cabrio,manual,116,cooper,90000,petrol,mini,no,11.0
12703,15500,cabrio,automatic,160,mx_reihe,30000,petrol,mazda,no,8.25
12705,800,small car,manual,60,ka,125000,petrol,ford,no,19.33
12706,30900,station wagon,automatic,204,a6,80000,petrol,audi,no,6.33
12707,500,small car,manual,112,golf,150000,petrol,volkswagen,yes,33.42
12708,5300,bus,manual,129,sprinter,150000,diesel,mercedes_benz,no,12.17
12709,699,small car,manual,58,twingo,150000,petrol,renault,no,21.83
12710,429,small car,manual,80,corsa,125000,petrol,opel,yes,14.75
12712,2986,small car,manual,75,twingo,70000,petrol,renault,no,15.17
12714,300,small car,manual,60,polo,125000,petrol,volkswagen,yes,21.0
12715,38999,limousine,automatic,408,5er,40000,petrol,bmw,no,8.75
12717,6350,small car,automatic,82,fortwo,50000,petrol,smart,no,6.83
12719,4499,bus,manual,102,altea,150000,petrol,seat,no,11.08
12720,22900,limousine,automatic,204,x_reihe,50000,diesel,bmw,no,7.25
12721,1099,small car,manual,90,golf,150000,petrol,volkswagen,no,22.17
12723,950,small car,manual,60,golf,150000,petrol,volkswagen,no,22.33
12724,3999,bus,manual,105,others,150000,diesel,mercedes_benz,no,22.42
12726,5150,limousine,manual,116,1er,150000,petrol,bmw,no,14.83
12727,999,limousine,manual,136,vectra,150000,petrol,opel,no,28.92
12728,1499,limousine,manual,190,others,150000,petrol,alfa_romeo,no,18.5
12730,12700,station wagon,manual,218,3er,150000,petrol,bmw,no,13.42
12731,1690,small car,manual,50,polo,150000,petrol,volkswagen,no,16.17
12732,550,small car,manual,75,golf,150000,petrol,volkswagen,no,26.58
12734,36999,station wagon,automatic,245,a6,70000,diesel,audi,no,6.83
12737,27950,suv,automatic,340,touareg,150000,diesel,volkswagen,no,8.42
12738,2700,station wagon,manual,116,octavia,150000,petrol,skoda,yes,13.75
12739,7500,suv,automatic,340,cayenne,150000,petrol,porsche,no,14.42
12740,800,limousine,manual,102,3er,150000,petrol,bmw,no,21.92
12741,2300,limousine,automatic,54,fortwo,100000,petrol,smart,no,18.75
12742,500,limousine,manual,125,a3,150000,petrol,audi,yes,23.0
12743,1700,limousine,manual,170,omega,150000,petrol,opel,no,19.42
12745,16750,cabrio,manual,105,a3,30000,petrol,audi,no,7.33
12747,6900,station wagon,manual,140,passat,150000,diesel,volkswagen,no,12.92
12748,1750,station wagon,manual,125,mondeo,150000,petrol,ford,no,17.33
12749,8900,station wagon,manual,105,octavia,90000,petrol,skoda,no,7.25
12752,12700,station wagon,automatic,170,c_klasse,150000,diesel,mercedes_benz,no,8.58
12754,14900,coupe,manual,250,megane,80000,petrol,renault,no,7.67
12755,5250,small car,manual,80,micra,100000,petrol,nissan,no,7.25
12757,4199,limousine,manual,150,vectra,150000,diesel,opel,no,11.92
12758,1200,small car,manual,54,corsa,80000,petrol,opel,no,19.92
12759,6600,limousine,manual,80,golf,125000,petrol,volkswagen,no,9.42
12760,11999,station wagon,automatic,177,5er,150000,diesel,bmw,no,12.5
12761,700,limousine,manual,90,vectra,150000,petrol,opel,no,23.75
12762,2900,station wagon,manual,80,fabia,20000,diesel,skoda,no,12.75
12763,1050,small car,manual,58,twingo,150000,petrol,renault,no,17.92
12764,2850,small car,automatic,44,panda,80000,petrol,fiat,yes,9.25
12765,7800,limousine,manual,105,golf,50000,diesel,volkswagen,no,12.67
12766,2700,cabrio,manual,135,2_reihe,150000,petrol,peugeot,no,15.75
12767,2500,station wagon,manual,110,passat,150000,diesel,volkswagen,no,20.33
12771,14890,cabrio,automatic,343,m_reihe,150000,petrol,bmw,no,16.25
12772,21500,limousine,automatic,170,others,70000,diesel,mercedes_benz,no,9.42
12773,5500,small car,manual,80,corsa,70000,petrol,opel,no,9.25
12774,6200,limousine,automatic,135,others,125000,petrol,ford,no,36.0
12775,13999,suv,manual,200,kuga,90000,petrol,ford,no,9.75
12776,6690,limousine,manual,102,beetle,70000,petrol,volkswagen,no,12.25
12777,4600,bus,manual,105,touran,150000,diesel,volkswagen,no,12.75
12778,2000,bus,manual,140,galaxy,150000,petrol,ford,no,15.17
12783,10400,limousine,manual,110,golf,80000,diesel,volkswagen,no,9.33
12784,4200,station wagon,manual,170,a4,150000,diesel,audi,no,12.42
12787,850,cabrio,manual,88,3_reihe,150000,petrol,peugeot,yes,21.42
12788,8800,suv,automatic,218,x_reihe,150000,diesel,bmw,no,14.5
12789,11200,station wagon,manual,143,a4,150000,diesel,audi,no,8.75
12791,1399,small car,manual,65,micra,150000,petrol,nissan,no,12.08
12792,8850,station wagon,manual,143,a4,150000,diesel,audi,no,10.67
12793,4300,bus,manual,109,berlingo,125000,petrol,citroen,no,13.0
12794,850,limousine,automatic,50,fortwo,100000,petrol,smart,yes,13.17
12795,6900,limousine,manual,150,3er,125000,petrol,bmw,no,13.42
12796,2200,limousine,manual,105,3er,150000,petrol,bmw,no,19.33
12798,12900,station wagon,manual,143,a4,150000,diesel,audi,no,10.5
12799,12500,station wagon,automatic,140,golf,125000,diesel,volkswagen,no,8.92
12800,3995,small car,manual,69,ka,50000,petrol,ford,no,9.83
12801,6800,limousine,manual,110,astra,125000,diesel,opel,no,9.92
12802,3799,small car,manual,80,fiesta,90000,petrol,ford,no,10.25
12804,49500,suv,automatic,272,range_rover_sport,100000,diesel,land_rover,no,10.33
12806,6500,cabrio,manual,163,a4,125000,petrol,audi,no,14.25
12808,20900,suv,automatic,286,x_reihe,150000,diesel,bmw,no,10.08
12809,18800,station wagon,manual,50,kaefer,10000,petrol,volkswagen,no,48.58
12810,16500,coupe,automatic,239,a5,150000,diesel,audi,no,10.92
12812,900,station wagon,manual,102,octavia,150000,petrol,skoda,yes,18.0
12813,7490,suv,manual,141,tucson,80000,petrol,hyundai,no,12.83
12814,16900,bus,manual,140,sharan,150000,diesel,volkswagen,no,7.83
12815,6400,small car,manual,60,polo,60000,petrol,volkswagen,no,9.33
12816,14499,station wagon,automatic,210,others,150000,petrol,saab,no,8.75
12817,4750,small car,manual,60,corsa,50000,petrol,opel,no,10.25
12820,11200,suv,automatic,150,x_trail,125000,diesel,nissan,no,11.42
12822,12200,suv,manual,136,kuga,150000,diesel,ford,no,8.5
12824,27350,suv,automatic,228,xc_reihe,125000,diesel,volvo,no,6.33
12825,4350,bus,manual,116,galaxy,150000,diesel,ford,no,15.75
12830,2650,limousine,manual,125,vectra,150000,diesel,opel,no,15.25
12831,1800,small car,manual,50,polo,90000,petrol,volkswagen,no,17.25
12835,8900,small car,manual,120,cooper,100000,petrol,mini,no,9.17
12836,1950,station wagon,manual,141,ptcruiser,150000,petrol,chrysler,no,17.75
12837,12999,limousine,automatic,218,3er,125000,petrol,bmw,no,12.42
12838,4600,station wagon,manual,163,a6,150000,diesel,audi,no,15.25
12840,5200,small car,manual,80,polo,70000,petrol,volkswagen,yes,9.17
12841,999,small car,automatic,80,punto,150000,petrol,fiat,no,18.42
12842,2900,station wagon,manual,141,6_reihe,150000,petrol,mazda,no,15.17
12844,3500,station wagon,manual,155,signum,150000,petrol,opel,yes,14.17
12846,4500,bus,manual,174,transporter,150000,diesel,volkswagen,no,14.58
12850,900,small car,manual,54,fiesta,150000,petrol,ford,no,19.0
12851,1999,limousine,automatic,102,a_klasse,100000,petrol,mercedes_benz,no,17.92
12852,750,station wagon,manual,150,156,150000,diesel,alfa_romeo,yes,17.0
12854,800,small car,manual,75,cordoba,150000,petrol,seat,no,20.5
12855,1250,station wagon,manual,136,astra,150000,petrol,opel,yes,20.75
12857,9999,limousine,manual,140,outlander,150000,diesel,mitsubishi,no,11.25
12858,2200,limousine,manual,150,3er,150000,petrol,bmw,no,20.92
12861,5000,limousine,automatic,118,3er,125000,petrol,bmw,no,19.83
12862,1000,small car,manual,58,corsa,150000,petrol,opel,yes,18.83
12863,4500,limousine,manual,105,3_reihe,150000,petrol,mazda,no,11.75
12864,21500,coupe,manual,211,scirocco,40000,petrol,volkswagen,no,4.25
12865,5100,station wagon,manual,143,c_klasse,150000,petrol,mercedes_benz,no,13.0
12866,1350,limousine,manual,75,others,150000,petrol,hyundai,no,19.5
12868,15890,coupe,manual,131,astra,70000,diesel,opel,no,5.25
12869,12250,limousine,automatic,230,golf,150000,petrol,volkswagen,no,10.08
12870,2500,station wagon,manual,193,3er,150000,lpg,bmw,no,19.25
12872,6750,limousine,manual,80,golf,125000,petrol,volkswagen,no,9.5
12874,6900,small car,manual,69,panda,90000,diesel,fiat,no,11.0
12876,15000,suv,manual,110,others,150000,diesel,nissan,no,30.83
12877,500,small car,manual,135,2_reihe,150000,petrol,peugeot,no,18.42
12879,1650,cabrio,manual,116,others,150000,petrol,audi,no,24.42
12880,16900,bus,automatic,140,galaxy,125000,diesel,ford,no,7.33
12881,10900,cabrio,manual,143,kaefer,5000,petrol,volkswagen,no,43.25
12882,7600,limousine,manual,102,golf,100000,petrol,volkswagen,no,10.67
12883,999,station wagon,manual,116,passat,150000,diesel,volkswagen,yes,19.83
12885,7990,small car,automatic,86,polo,70000,petrol,volkswagen,no,8.42
12886,2199,small car,manual,64,yaris,100000,petrol,toyota,no,15.5
12889,4999,small car,manual,69,yaris,90000,petrol,toyota,no,10.42
12890,2000,coupe,manual,135,golf,150000,petrol,volkswagen,no,21.08
12891,14899,limousine,manual,122,golf,50000,petrol,volkswagen,no,5.33
12892,11500,small car,manual,170,golf,90000,petrol,volkswagen,no,12.67
12893,899,limousine,manual,75,escort,125000,petrol,ford,no,22.0
12894,2850,limousine,manual,224,golf,125000,petrol,volkswagen,no,25.75
12895,1300,limousine,automatic,101,vectra,150000,petrol,opel,yes,16.17
12897,4999,station wagon,manual,150,vectra,150000,petrol,opel,no,12.17
12898,3599,small car,manual,115,cooper,150000,petrol,mini,no,16.58
12899,2999,limousine,manual,136,galant,150000,petrol,mitsubishi,no,20.58
12903,13500,limousine,manual,86,golf,5000,petrol,volkswagen,no,4.5
12904,1500,limousine,manual,150,3er,150000,petrol,bmw,no,27.0
12905,2000,station wagon,manual,150,3er,150000,diesel,bmw,yes,16.42
12907,16300,limousine,automatic,330,golf,100000,petrol,volkswagen,no,12.0
12908,15500,small car,manual,90,a1,20000,diesel,audi,no,3.08
12909,4500,small car,manual,89,ibiza,90000,petrol,seat,no,11.0
12910,1999,limousine,manual,72,3_reihe,150000,petrol,mazda,no,16.58
12911,980,small car,manual,50,polo,150000,petrol,volkswagen,no,21.75
12913,13800,bus,manual,102,transporter,150000,diesel,volkswagen,no,12.83
12914,850,limousine,manual,75,golf,150000,petrol,volkswagen,no,22.08
12916,6000,bus,manual,131,sharan,5000,diesel,volkswagen,no,12.25
12917,2100,station wagon,manual,101,a3,150000,lpg,audi,no,23.0
12918,2700,station wagon,manual,101,megane,150000,diesel,renault,no,14.58
12919,1499,small car,manual,60,lupo,150000,petrol,volkswagen,no,16.33
12920,2490,station wagon,manual,131,passat,125000,petrol,volkswagen,no,16.83
12921,7200,limousine,manual,110,golf,150000,diesel,volkswagen,no,9.42
12923,6499,small car,manual,75,polo,150000,diesel,volkswagen,no,6.33
12924,1500,limousine,manual,82,colt,80000,petrol,mitsubishi,no,18.83
12926,6999,small car,manual,69,picanto,50000,petrol,kia,no,6.5
12929,7099,bus,manual,128,others,125000,diesel,peugeot,no,12.58
12932,2300,small car,manual,54,polo,150000,petrol,volkswagen,no,16.58
12933,5500,limousine,manual,90,astra,90000,petrol,opel,no,9.5
12934,4750,small car,manual,156,2_reihe,150000,petrol,peugeot,no,8.58
12936,9000,limousine,automatic,144,x_type,50000,petrol,jaguar,no,18.0
12937,7999,limousine,manual,110,astra,150000,diesel,opel,no,8.5
12938,3750,bus,manual,75,transporter,100000,diesel,volkswagen,no,20.25
12939,750,small car,manual,58,twingo,150000,petrol,renault,no,17.0
12942,8799,limousine,automatic,197,3er,150000,diesel,bmw,no,12.0
12943,999,small car,manual,90,megane,80000,petrol,renault,yes,16.83
12944,1800,bus,manual,90,berlingo,150000,diesel,citroen,no,15.67
12947,3480,cabrio,manual,110,mx_reihe,150000,petrol,mazda,no,17.0
12949,4400,limousine,automatic,192,3er,150000,petrol,bmw,no,17.17
12951,10800,limousine,manual,45,others,100000,petrol,opel,no,62.42
12953,8500,small car,manual,105,polo,150000,diesel,volkswagen,no,7.5
12955,2500,limousine,manual,150,golf,150000,petrol,volkswagen,no,19.08
12956,2400,cabrio,manual,110,mx_reihe,150000,petrol,mazda,no,18.08
12957,8900,coupe,manual,174,cooper,100000,petrol,mini,no,11.67
12960,2200,station wagon,manual,109,others,150000,petrol,peugeot,no,15.58
12961,9100,limousine,manual,82,fiesta,40000,petrol,ford,no,5.83
12962,500,limousine,automatic,170,vectra,150000,petrol,opel,yes,21.25
12964,63000,bus,manual,140,transporter,50000,diesel,volkswagen,no,5.17
12965,5600,suv,automatic,125,others,150000,diesel,toyota,no,18.5
12967,900,small car,manual,88,2_reihe,150000,petrol,peugeot,no,16.0
12968,2990,small car,manual,54,fox,100000,petrol,volkswagen,no,13.83
12969,1700,station wagon,manual,105,golf,150000,petrol,volkswagen,no,18.5
12975,7750,bus,manual,143,sharan,150000,diesel,volkswagen,no,13.0
12977,8500,small car,manual,92,swift,80000,petrol,suzuki,no,9.5
12978,12400,bus,manual,110,others,70000,diesel,nissan,no,7.5
12980,4800,station wagon,manual,90,focus,150000,diesel,ford,no,8.83
12981,600,small car,manual,60,ibiza,150000,petrol,seat,yes,20.67
12982,8000,limousine,manual,177,a4,150000,diesel,audi,no,6.25
12983,8500,station wagon,manual,143,a4,150000,diesel,audi,no,9.33
12985,17500,limousine,automatic,170,e_klasse,150000,diesel,mercedes_benz,no,9.0
12986,4800,small car,manual,69,polo,125000,petrol,volkswagen,no,10.33
12987,1400,station wagon,manual,125,mondeo,150000,petrol,ford,no,17.33
12988,2999,small car,automatic,41,fortwo,125000,diesel,smart,no,13.83
12989,3300,station wagon,manual,125,astra,150000,petrol,opel,no,13.42
12991,3100,station wagon,manual,150,a6,150000,diesel,audi,no,17.5
12992,14990,limousine,automatic,170,a6,100000,diesel,audi,no,10.5
12993,4500,station wagon,automatic,200,passat,150000,petrol,volkswagen,no,16.0
12994,999,small car,manual,58,twingo,150000,petrol,renault,no,19.08
12995,1000,small car,manual,75,clio,150000,petrol,renault,no,14.67
12997,17800,suv,automatic,224,m_klasse,150000,diesel,mercedes_benz,no,12.42
12998,2000,limousine,manual,150,3er,150000,petrol,bmw,no,20.5
13000,18900,suv,manual,170,tiguan,80000,diesel,volkswagen,no,8.92
13001,4500,limousine,manual,150,e_klasse,150000,diesel,mercedes_benz,no,16.75
13002,16790,limousine,automatic,105,golf,20000,petrol,volkswagen,no,4.58
13004,4200,cabrio,manual,109,2_reihe,80000,petrol,peugeot,no,12.0
13005,1200,station wagon,manual,90,octavia,150000,diesel,skoda,no,19.25
13007,12500,limousine,automatic,306,e_klasse,150000,petrol,mercedes_benz,no,16.58
13008,9999,limousine,manual,110,golf,50000,diesel,volkswagen,no,11.0
13009,18400,station wagon,automatic,435,others,150000,petrol,audi,no,11.08
13010,7500,bus,automatic,165,others,150000,lpg,chevrolet,no,26.75
13013,10600,limousine,manual,140,golf,80000,petrol,volkswagen,no,12.0
13014,1899,small car,manual,60,golf,150000,petrol,volkswagen,no,21.33
13015,500,station wagon,manual,150,passat,150000,petrol,volkswagen,yes,20.17
13017,2850,limousine,automatic,150,passat,150000,diesel,volkswagen,no,15.08
13018,2749,station wagon,manual,110,astra,150000,diesel,opel,no,11.58
13019,9000,station wagon,automatic,160,insignia,150000,diesel,opel,no,9.42
13021,18500,cabrio,automatic,170,1er,90000,petrol,bmw,no,8.42
13022,28200,cabrio,automatic,306,z_reihe,90000,petrol,bmw,no,8.42
13023,14999,limousine,manual,321,m_reihe,125000,petrol,bmw,no,21.58
13026,680,small car,manual,50,polo,150000,petrol,volkswagen,no,21.0
13027,8550,small car,manual,82,fiesta,40000,petrol,ford,no,6.67
13028,3400,bus,manual,91,others,150000,diesel,mercedes_benz,no,14.33
13029,1200,coupe,manual,45,polo,150000,petrol,volkswagen,no,29.0
13030,1799,limousine,manual,75,octavia,150000,petrol,skoda,no,19.5
13031,900,limousine,manual,75,golf,150000,petrol,volkswagen,no,21.25
13032,1000,limousine,manual,150,5er,150000,petrol,bmw,no,21.83
13033,2000,station wagon,manual,155,156,150000,petrol,alfa_romeo,no,17.25
13034,20999,station wagon,manual,204,c_klasse,90000,diesel,mercedes_benz,no,6.17
13036,16500,coupe,manual,211,others,150000,petrol,porsche,no,29.33
13037,7900,station wagon,manual,344,others,150000,petrol,audi,no,15.67
13038,1350,station wagon,manual,116,3er,150000,petrol,bmw,no,21.17
13043,3600,limousine,manual,140,3er,150000,petrol,bmw,no,14.92
13044,550,small car,manual,60,polo,100000,petrol,volkswagen,yes,17.33
13045,1250,limousine,manual,90,civic,150000,petrol,honda,no,27.75
13046,4900,small car,manual,75,clio,40000,petrol,renault,no,6.5
13048,3500,cabrio,manual,174,golf,150000,petrol,volkswagen,no,23.5
13051,300,small car,manual,33,corsa,150000,petrol,opel,no,21.25
13052,175,limousine,automatic,69,golf,150000,petrol,volkswagen,no,27.25
13055,8990,limousine,manual,177,a6,150000,petrol,audi,no,14.0
13056,3700,small car,manual,69,ka,150000,petrol,ford,no,9.67
13057,800,limousine,manual,110,galant,125000,petrol,mitsubishi,no,23.42
13058,5700,small car,manual,73,2_reihe,50000,petrol,peugeot,no,7.58
13059,990,cabrio,automatic,54,others,150000,petrol,smart,yes,16.25
13061,25599,suv,automatic,286,x_reihe,150000,diesel,bmw,no,10.67
13062,500,limousine,manual,174,80,150000,petrol,audi,yes,25.25
13063,3390,small car,manual,75,clio,150000,petrol,renault,no,12.58
13064,11999,suv,automatic,177,x_reihe,150000,diesel,bmw,no,11.83
13065,2700,bus,automatic,204,others,150000,petrol,peugeot,no,15.17
13066,17000,limousine,automatic,230,golf,50000,petrol,volkswagen,no,11.58
13067,5600,limousine,manual,75,golf,80000,petrol,volkswagen,no,12.17
13069,5950,station wagon,manual,120,3_reihe,100000,petrol,peugeot,no,10.75
13071,1900,station wagon,manual,103,astra,125000,petrol,opel,no,15.0
13072,5200,limousine,manual,116,focus,150000,petrol,ford,no,12.17
13074,1850,small car,manual,90,civic,150000,petrol,honda,no,19.83
13075,5900,station wagon,manual,140,a4,150000,diesel,audi,no,13.75
13076,21990,limousine,manual,184,leon,60000,diesel,seat,no,5.75
13078,4950,limousine,manual,75,golf,125000,petrol,volkswagen,no,13.67
13079,2399,small car,automatic,75,astra,90000,petrol,opel,no,18.42
13080,6990,small car,manual,69,polo,70000,petrol,volkswagen,no,8.83
13087,11900,limousine,manual,160,a4,125000,petrol,audi,no,9.5
13088,3200,small car,manual,68,1_reihe,100000,petrol,peugeot,no,13.5
13089,4800,small car,manual,68,aygo,50000,petrol,toyota,no,8.58
13091,6200,coupe,manual,140,astra,80000,petrol,opel,no,9.33
13093,750,station wagon,manual,107,laguna,150000,petrol,renault,no,19.58
13095,2600,station wagon,automatic,210,vectra,150000,petrol,opel,yes,14.17
13097,3700,limousine,manual,101,golf,150000,diesel,volkswagen,no,16.08
13099,250,limousine,manual,90,lancer,150000,petrol,mitsubishi,no,27.92
13101,2399,limousine,automatic,197,c_klasse,150000,petrol,mercedes_benz,no,19.08
13102,6500,limousine,automatic,140,a3,150000,diesel,audi,no,13.58
13103,3800,suv,automatic,205,others,150000,lpg,opel,no,17.5
13104,5700,small car,manual,69,fiesta,70000,diesel,ford,no,6.92
13105,1111,small car,manual,45,corsa,125000,petrol,opel,no,21.42
13106,17490,station wagon,automatic,232,a6,125000,diesel,audi,no,10.33
13107,8000,limousine,automatic,179,a6,150000,diesel,audi,no,12.25
13108,3950,small car,manual,90,fiesta,150000,diesel,ford,no,11.75
13110,400,small car,manual,60,golf,150000,petrol,volkswagen,no,26.92
13111,10990,limousine,automatic,334,a8,150000,lpg,audi,no,13.17
13112,1250,bus,manual,140,espace,150000,petrol,renault,yes,19.67
13113,6500,station wagon,automatic,152,signum,125000,petrol,opel,no,16.0
13114,4500,station wagon,automatic,150,a3,150000,petrol,audi,yes,13.75
13115,22300,limousine,manual,184,golf,80000,diesel,volkswagen,no,4.42
13116,8500,station wagon,automatic,170,passat,150000,diesel,volkswagen,no,12.83
13117,16500,limousine,manual,307,golf,125000,petrol,volkswagen,no,11.33
13118,8600,limousine,automatic,163,passat,150000,diesel,volkswagen,no,11.33
13122,550,coupe,manual,90,golf,150000,petrol,volkswagen,no,25.92
13125,750,limousine,manual,82,astra,150000,diesel,opel,no,18.25
13128,17500,bus,manual,122,b_klasse,50000,petrol,mercedes_benz,no,6.67
13129,3600,station wagon,manual,150,a4,150000,petrol,audi,no,18.92
13130,9750,station wagon,manual,116,focus,100000,diesel,ford,no,7.5
13131,1600,limousine,manual,110,mondeo,150000,petrol,ford,no,17.58
13132,14300,coupe,automatic,200,tt,90000,petrol,audi,no,12.92
13133,100,small car,manual,50,polo,150000,petrol,volkswagen,no,21.58
13134,999,small car,manual,101,a3,150000,petrol,audi,no,21.08
13135,31300,limousine,automatic,245,x_reihe,60000,diesel,bmw,no,5.42
13136,5999,bus,manual,140,touran,125000,petrol,volkswagen,no,12.83
13140,3900,limousine,manual,141,c_klasse,150000,petrol,mercedes_benz,no,17.33
13141,11890,station wagon,manual,140,octavia,150000,diesel,skoda,no,11.25
13142,10000,limousine,manual,160,golf,125000,petrol,volkswagen,no,9.5
13145,11999,station wagon,manual,101,focus,30000,petrol,ford,no,4.25
13146,22000,limousine,automatic,245,a6,125000,diesel,audi,no,7.83
13147,2799,station wagon,manual,80,fabia,150000,petrol,skoda,no,11.58
13148,1200,station wagon,manual,150,5er,150000,petrol,bmw,no,23.0
13150,200,small car,manual,45,corsa,150000,petrol,opel,no,23.0
13151,12000,cabrio,automatic,197,clk,100000,petrol,mercedes_benz,no,15.5
13153,3500,small car,manual,64,clio,150000,petrol,renault,no,13.0
13154,1500,small car,manual,75,polo,125000,petrol,volkswagen,no,18.67
13155,14444,coupe,manual,250,megane,70000,petrol,renault,no,8.83
13156,800,small car,manual,50,micra,125000,petrol,nissan,no,20.17
13159,6600,small car,manual,80,polo,60000,petrol,volkswagen,no,9.08
13160,15900,station wagon,manual,165,astra,60000,diesel,opel,no,4.08
13161,6750,suv,manual,140,tucson,150000,diesel,hyundai,no,11.5
13163,17990,limousine,automatic,170,e_klasse,150000,diesel,mercedes_benz,no,7.83
13164,5500,coupe,automatic,218,clk,150000,petrol,mercedes_benz,no,16.17
13165,2850,others,manual,57,kangoo,100000,diesel,renault,no,12.0
13168,3150,small car,manual,68,fiesta,150000,diesel,ford,no,13.75
13169,4995,cabrio,manual,150,3er,150000,petrol,bmw,no,23.5
13170,5600,limousine,manual,102,leon,125000,petrol,seat,no,11.42
13174,2150,small car,manual,63,others,125000,petrol,suzuki,no,13.5
13175,3500,limousine,manual,116,3er,150000,petrol,bmw,no,16.25
13176,1100,small car,manual,65,corsa,125000,petrol,opel,no,5.17
13177,1800,station wagon,manual,116,focus,150000,diesel,ford,no,16.08
13178,9900,station wagon,manual,143,3er,150000,diesel,bmw,no,8.5
13179,1500,bus,manual,90,others,150000,diesel,mazda,no,18.17
13181,14900,suv,manual,174,touareg,125000,diesel,volkswagen,no,14.0
13182,16650,limousine,manual,122,a1,20000,petrol,audi,no,4.75
13183,15500,limousine,automatic,231,3er,100000,petrol,bmw,no,16.08
13184,3000,station wagon,manual,66,fiesta,100000,petrol,ford,no,13.83
13185,4350,station wagon,automatic,143,c_klasse,150000,diesel,mercedes_benz,no,16.25
13186,42500,suv,automatic,250,grand,60000,diesel,jeep,no,4.33
13188,800,limousine,manual,107,megane,150000,diesel,renault,yes,12.58
13190,1897,station wagon,manual,125,a4,150000,petrol,audi,no,21.83
13191,19900,small car,manual,160,500,30000,petrol,fiat,no,4.92
13192,1500,small car,manual,58,clio,90000,petrol,renault,no,18.25
13193,6750,limousine,manual,140,a3,150000,diesel,audi,no,10.5
13194,24700,limousine,automatic,150,golf,80000,diesel,volkswagen,no,6.92
13195,7990,limousine,automatic,204,c_klasse,80000,petrol,mercedes_benz,no,12.5
13197,800,limousine,manual,75,astra,150000,petrol,opel,yes,18.25
13198,4999,station wagon,automatic,193,5er,150000,diesel,bmw,no,16.58
13199,3999,limousine,manual,150,3er,150000,lpg,bmw,yes,19.58
13200,104900,cabrio,automatic,400,911,20000,petrol,porsche,no,5.25
13201,1250,limousine,manual,125,a3,150000,petrol,audi,no,19.17
13202,5299,small car,manual,65,micra,70000,petrol,nissan,no,10.92
13204,299,limousine,automatic,90,passat,5000,petrol,volkswagen,no,24.0
13205,3000,station wagon,manual,140,sharan,150000,diesel,volkswagen,no,12.42
13206,7500,limousine,automatic,163,a4,150000,petrol,audi,no,14.25
13209,2350,limousine,manual,116,golf,150000,diesel,volkswagen,yes,18.92
13211,6450,limousine,manual,129,3er,150000,lpg,bmw,no,11.67
13212,3550,small car,manual,90,fiesta,150000,diesel,ford,no,12.92
13213,12690,cabrio,automatic,163,a4,100000,petrol,audi,no,11.25
13214,900,station wagon,manual,113,lancer,150000,petrol,mitsubishi,no,21.58
13216,1100,small car,manual,82,punto,150000,petrol,fiat,no,18.58
13217,550,coupe,manual,150,calibra,100000,petrol,opel,no,27.17
13218,150,limousine,manual,75,polo,150000,petrol,volkswagen,yes,22.25
13219,1500,station wagon,manual,131,mondeo,150000,diesel,ford,no,16.33
13221,4599,small car,manual,75,lupo,20000,petrol,volkswagen,no,17.75
13222,3250,bus,manual,111,scenic,150000,petrol,renault,no,12.67
13224,11000,limousine,automatic,239,phaeton,150000,diesel,volkswagen,no,10.5
13228,2300,bus,manual,102,transporter,150000,diesel,volkswagen,no,22.75
13230,4900,cabrio,manual,193,3er,150000,petrol,bmw,no,20.17
13231,12950,limousine,manual,143,1er,125000,diesel,bmw,no,7.17
13232,2950,coupe,manual,143,c_klasse,150000,petrol,mercedes_benz,no,13.58
13233,1499,small car,manual,101,golf,150000,petrol,volkswagen,no,20.5
13235,3300,limousine,manual,75,clio,150000,petrol,renault,no,9.33
13236,799,limousine,manual,90,a3,150000,diesel,audi,no,23.0
13237,3200,limousine,manual,116,beetle,125000,petrol,volkswagen,no,18.17
13240,1300,small car,manual,60,punto,150000,petrol,fiat,no,15.33
13242,10200,bus,manual,109,touran,150000,cng,volkswagen,no,10.0
13243,3990,station wagon,manual,140,v70,125000,petrol,volvo,no,17.17
13244,299,small car,manual,60,ka,150000,petrol,ford,no,17.75
13245,1999,small car,manual,75,corsa,125000,petrol,opel,no,15.75
13246,2400,small car,manual,105,golf,150000,petrol,volkswagen,no,14.25
13248,750,small car,manual,60,polo,150000,petrol,volkswagen,no,19.0
13249,3500,small car,manual,75,punto,150000,diesel,fiat,no,14.42
13254,890,small car,manual,55,cuore,100000,petrol,daihatsu,yes,14.0
13255,6200,limousine,manual,34,kaefer,30000,petrol,volkswagen,no,34.42
13256,2300,limousine,manual,102,a_klasse,150000,petrol,mercedes_benz,no,17.83
13258,250,small car,manual,60,fiesta,150000,petrol,ford,yes,20.0
13259,4950,limousine,manual,75,colt,40000,petrol,mitsubishi,no,10.0
13260,1999,coupe,manual,143,3er,150000,petrol,bmw,no,14.83
13261,2950,others,manual,95,kangoo,150000,petrol,renault,no,15.17
13262,5500,suv,automatic,250,others,150000,lpg,chevrolet,no,20.83
13263,30900,cabrio,automatic,204,slk,20000,petrol,mercedes_benz,no,6.42
13267,2170,limousine,manual,185,3er,150000,diesel,bmw,no,17.5
13269,15950,coupe,manual,300,911,100000,petrol,porsche,no,17.08
13270,4500,station wagon,manual,177,5er,150000,diesel,bmw,no,14.58
13273,2200,station wagon,manual,165,a6,150000,petrol,audi,no,18.33
13275,6700,bus,manual,116,alhambra,150000,diesel,seat,no,12.25
13276,7900,small car,manual,99,500,50000,petrol,fiat,no,6.08
13277,4460,cabrio,manual,150,others,150000,petrol,audi,no,22.42
13278,12999,cabrio,manual,98,one,40000,petrol,mini,no,8.67
13279,16500,limousine,manual,105,golf,20000,petrol,volkswagen,no,4.5
13280,4299,suv,manual,124,others,150000,petrol,mazda,no,14.17
13281,10490,station wagon,manual,140,insignia,125000,petrol,opel,no,9.75
13282,5950,station wagon,manual,132,e_klasse,150000,petrol,mercedes_benz,no,28.33
13285,700,small car,manual,68,yaris,150000,petrol,toyota,no,19.58
13286,28987,coupe,manual,295,others,90000,petrol,porsche,no,12.5
13287,2100,limousine,manual,116,3er,150000,petrol,bmw,no,20.08
13288,6450,small car,automatic,71,fortwo,30000,petrol,smart,no,9.0
13289,6100,coupe,automatic,192,3er,150000,lpg,bmw,no,18.83
13291,550,small car,manual,50,fiesta,150000,petrol,ford,no,20.17
13294,180,station wagon,manual,131,mondeo,150000,petrol,ford,yes,20.42
13297,2199,small car,manual,68,fiesta,150000,diesel,ford,yes,14.17
13298,21499,station wagon,manual,150,a3,20000,petrol,audi,no,4.92
13299,6500,small car,manual,60,citigo,20000,petrol,skoda,no,4.42
13300,499,station wagon,manual,75,others,150000,petrol,citroen,no,21.0
13301,6000,limousine,manual,140,passat,150000,diesel,volkswagen,no,11.33
13302,5990,limousine,manual,101,megane,70000,petrol,renault,no,9.42
13303,2799,bus,automatic,86,verso,150000,petrol,toyota,no,14.33
13304,2000,station wagon,manual,75,combo,150000,diesel,opel,no,12.42
13306,1600,station wagon,manual,110,a4,150000,diesel,audi,no,21.67
13309,650,small car,manual,60,twingo,150000,petrol,renault,no,21.0
13311,3800,limousine,manual,143,3er,150000,petrol,bmw,no,16.42
13313,5950,limousine,manual,82,a_klasse,100000,diesel,mercedes_benz,no,11.25
13315,3399,small car,manual,100,ibiza,125000,petrol,seat,no,16.92
13316,15400,cabrio,manual,140,a4,125000,diesel,audi,no,9.25
13318,850,bus,manual,145,galaxy,150000,petrol,ford,yes,16.42
13320,990,station wagon,manual,97,others,150000,petrol,suzuki,no,18.5
13321,4600,station wagon,manual,67,i_reihe,40000,petrol,hyundai,no,7.58
13322,16400,station wagon,automatic,143,3er,100000,petrol,bmw,no,8.67
13324,41400,bus,manual,179,transporter,30000,diesel,volkswagen,no,3.08
13325,1500,bus,manual,150,sharan,150000,petrol,volkswagen,yes,20.25
13328,950,small car,automatic,75,twingo,150000,petrol,renault,no,16.08
13330,34500,coupe,manual,265,others,20000,petrol,porsche,no,9.25
13334,800,limousine,manual,102,3er,150000,petrol,bmw,no,21.08
13335,2500,limousine,manual,140,others,150000,petrol,volvo,no,17.17
13336,13800,limousine,manual,136,c_klasse,150000,diesel,mercedes_benz,no,10.92
13337,31500,coupe,automatic,430,others,60000,petrol,chevrolet,no,8.33
13338,4499,limousine,automatic,150,5er,150000,petrol,bmw,no,18.33
13339,850,small car,manual,58,twingo,150000,petrol,renault,no,17.58
13341,3299,station wagon,manual,234,3er,150000,lpg,bmw,no,17.0
13342,6650,limousine,manual,150,a3,125000,petrol,audi,no,15.67
13343,5900,station wagon,manual,136,e_klasse,150000,petrol,mercedes_benz,no,29.08
13345,1300,limousine,manual,101,a4,150000,petrol,audi,no,22.5
13347,1500,bus,automatic,110,transporter,150000,petrol,volkswagen,no,23.0
13348,1300,coupe,manual,90,tigra,150000,petrol,opel,no,23.0
13349,2999,station wagon,automatic,116,astra,40000,petrol,opel,no,23.0
13350,2222,small car,manual,75,twingo,150000,petrol,renault,no,14.0
13351,2999,station wagon,manual,109,others,150000,diesel,citroen,no,12.17
13352,5650,limousine,manual,140,golf,150000,diesel,volkswagen,no,13.5
13358,10999,limousine,manual,143,1er,150000,diesel,bmw,no,9.08
13359,1390,limousine,manual,107,others,150000,petrol,toyota,no,25.92
13361,22000,limousine,manual,271,golf,80000,petrol,volkswagen,no,8.75
13363,6777,small car,manual,69,picanto,30000,petrol,kia,no,7.92
13364,12999,small car,manual,75,fiesta,5000,diesel,ford,no,2.08
13366,8699,station wagon,manual,109,caddy,125000,cng,volkswagen,yes,8.42
13367,13450,limousine,manual,105,golf,60000,diesel,volkswagen,no,6.58
13369,1499,small car,manual,45,polo,150000,petrol,volkswagen,no,29.33
13371,6950,small car,manual,69,500,20000,petrol,fiat,no,6.08
13372,1200,station wagon,manual,101,vectra,150000,diesel,opel,no,22.0
13374,2100,station wagon,manual,80,fabia,150000,diesel,skoda,no,11.25
13376,6990,small car,automatic,71,fortwo,50000,petrol,smart,no,7.83
13379,1500,station wagon,manual,86,logan,100000,diesel,dacia,no,10.42
13380,750,limousine,manual,90,mondeo,125000,petrol,ford,no,24.58
13383,3900,coupe,manual,179,tt,150000,petrol,audi,no,19.5
13384,3799,station wagon,manual,140,passat,150000,diesel,volkswagen,no,12.75
13385,5800,small car,manual,116,cooper,150000,petrol,mini,no,12.75
13386,1500,station wagon,automatic,101,passat,150000,diesel,volkswagen,yes,18.0
13388,5200,bus,manual,73,others,90000,petrol,peugeot,no,8.5
13391,5000,cabrio,manual,109,2_reihe,70000,petrol,peugeot,no,12.92
13392,7750,small car,manual,75,mii,60000,petrol,seat,no,6.92
13393,2500,small car,automatic,60,corsa,90000,petrol,opel,no,17.83
13395,2400,station wagon,manual,131,mondeo,150000,diesel,ford,no,14.5
13396,2600,bus,manual,101,zafira,150000,diesel,opel,no,14.83
13397,6300,suv,manual,141,tucson,150000,petrol,hyundai,no,10.33
13398,3500,suv,manual,39,others,30000,petrol,suzuki,no,35.17
13399,5000,station wagon,automatic,179,a4,150000,diesel,audi,yes,12.0
13400,10990,station wagon,manual,160,megane,150000,diesel,renault,no,8.67
13401,500,limousine,manual,88,3_reihe,125000,petrol,mazda,yes,23.25
13402,23900,station wagon,automatic,143,3er,40000,diesel,bmw,no,4.17
13403,17480,cabrio,manual,163,a4,40000,petrol,audi,no,11.5
13404,4900,limousine,manual,140,astra,150000,petrol,opel,no,11.58
13405,1700,station wagon,manual,75,golf,150000,petrol,volkswagen,no,11.42
13406,7999,limousine,manual,200,7er,80000,petrol,bmw,yes,45.08
13407,600,limousine,manual,101,passat,150000,petrol,volkswagen,no,21.17
13409,690,small car,manual,75,golf,150000,petrol,volkswagen,no,24.0
13410,6800,limousine,manual,110,astra,100000,diesel,opel,no,10.17
13411,3500,cabrio,automatic,136,3_reihe,125000,petrol,peugeot,no,15.0
13414,1399,limousine,manual,75,leon,150000,petrol,seat,no,18.0
13415,4000,cabrio,manual,163,slk,125000,petrol,mercedes_benz,no,16.08
13416,13500,station wagon,manual,163,vito,150000,diesel,mercedes_benz,no,6.25
13417,1600,limousine,automatic,60,polo,100000,petrol,volkswagen,no,20.83
13418,4200,limousine,manual,122,e_klasse,150000,diesel,mercedes_benz,no,15.33
13419,13800,limousine,automatic,197,5er,150000,diesel,bmw,no,10.58
13420,13520,bus,manual,174,transporter,150000,diesel,volkswagen,no,14.08
13421,4298,limousine,manual,86,others,60000,petrol,suzuki,no,10.33
13422,2790,bus,manual,101,touran,150000,diesel,volkswagen,no,15.58
13423,2990,limousine,manual,192,5er,150000,petrol,bmw,no,17.0
13425,4950,limousine,manual,105,golf,150000,diesel,volkswagen,no,12.58
13426,2499,station wagon,manual,239,v70,150000,petrol,volvo,no,21.5
13428,1599,limousine,manual,110,golf,150000,diesel,volkswagen,no,19.42
13434,4750,limousine,manual,75,polo,150000,petrol,volkswagen,no,14.08
13435,9300,station wagon,manual,140,a4,150000,diesel,audi,no,10.5
13437,2750,station wagon,manual,121,6_reihe,150000,diesel,mazda,no,12.5
13439,170,small car,manual,75,punto,150000,petrol,fiat,no,18.0
13441,7000,bus,manual,84,transporter,150000,diesel,volkswagen,no,10.58
13442,700,limousine,manual,71,jetta,150000,petrol,volkswagen,no,27.08
13443,4300,small car,manual,90,cooper,150000,petrol,mini,no,15.08
13447,15999,coupe,automatic,239,a5,150000,diesel,audi,no,7.08
13448,2999,station wagon,manual,86,clio,150000,diesel,renault,no,10.92
13452,2449,station wagon,automatic,150,a6,150000,diesel,audi,no,19.33
13454,10490,suv,manual,156,others,150000,diesel,citroen,no,10.5
13455,2500,limousine,manual,150,a3,150000,petrol,audi,no,20.67
13456,200,small car,manual,60,punto,150000,petrol,fiat,yes,18.0
13458,1550,small car,manual,60,micra,125000,petrol,nissan,no,16.33
13463,6250,small car,manual,70,justy,70000,petrol,subaru,no,9.0
13464,399,small car,manual,60,punto,150000,petrol,fiat,no,21.92
13465,3000,limousine,manual,179,a4,150000,diesel,audi,no,17.33
13466,13990,limousine,manual,204,vectra,150000,petrol,opel,no,24.17
13467,9300,limousine,manual,150,qashqai,150000,diesel,nissan,no,10.08
13468,1900,small car,manual,60,fiesta,150000,petrol,ford,no,15.25
13469,750,bus,manual,110,sharan,150000,petrol,volkswagen,yes,22.42
13470,1000,small car,manual,103,others,80000,petrol,rover,no,21.17
13471,2500,station wagon,manual,131,passat,150000,diesel,volkswagen,yes,16.5
13475,1111,bus,manual,149,espace,150000,petrol,renault,yes,16.58
13477,7999,station wagon,automatic,140,passat,20000,diesel,volkswagen,no,14.0
13478,9600,bus,manual,140,sharan,150000,diesel,volkswagen,no,12.0
13480,6800,small car,automatic,68,aygo,10000,petrol,toyota,no,5.17
13481,11500,bus,manual,109,touran,90000,cng,volkswagen,no,10.0
13482,4900,limousine,manual,140,passat,150000,diesel,volkswagen,no,13.25
13483,7200,bus,manual,106,kangoo,50000,petrol,renault,yes,6.17
13484,699,limousine,automatic,75,golf,150000,petrol,volkswagen,no,23.08
13485,4800,limousine,automatic,214,others,150000,petrol,jaguar,no,23.0
13486,3330,small car,automatic,61,lupo,150000,diesel,volkswagen,no,15.42
13488,34890,station wagon,automatic,184,e_klasse,10000,petrol,mercedes_benz,no,3.08
13490,3490,cabrio,manual,101,golf,150000,petrol,volkswagen,yes,18.17
13491,4800,bus,manual,105,touran,150000,diesel,volkswagen,yes,10.58
13493,1350,small car,manual,75,corsa,150000,petrol,opel,no,15.75
13494,4500,cabrio,manual,177,3_reihe,125000,petrol,peugeot,no,14.42
13495,26990,limousine,automatic,230,golf,20000,petrol,volkswagen,no,4.25
13497,900,station wagon,manual,75,escort,150000,petrol,ford,no,20.33
13500,750,bus,manual,60,kangoo,125000,petrol,renault,no,18.83
13502,6400,small car,manual,69,corsa,50000,petrol,opel,no,9.0
13504,13950,suv,manual,150,tiguan,80000,petrol,volkswagen,no,8.42
13505,8299,small car,automatic,69,500,40000,petrol,fiat,no,6.33
13506,10990,station wagon,automatic,170,e_klasse,150000,diesel,mercedes_benz,no,9.42
13507,5800,bus,manual,130,transporter,150000,diesel,volkswagen,no,15.25
13508,799,small car,manual,75,2_reihe,150000,petrol,peugeot,yes,15.08
13509,3900,cabrio,manual,109,2_reihe,150000,diesel,peugeot,no,12.25
13510,2250,station wagon,automatic,147,vectra,150000,petrol,opel,no,18.0
13511,2299,limousine,manual,116,octavia,150000,petrol,skoda,no,18.0
13512,2998,limousine,manual,109,colt,125000,petrol,mitsubishi,no,14.58
13514,2290,small car,manual,75,agila,100000,petrol,opel,no,16.0
13516,3300,limousine,manual,105,astra,150000,petrol,opel,no,14.75
13518,16999,suv,manual,135,sportage,40000,petrol,kia,no,3.42
13519,4980,bus,manual,84,doblo,125000,diesel,fiat,no,9.33
13521,21500,station wagon,automatic,232,a6,150000,diesel,audi,no,11.67
13522,7100,cabrio,manual,170,z_reihe,150000,petrol,bmw,no,14.08
13524,1850,others,manual,101,astra,150000,diesel,opel,no,15.83
13525,1250,limousine,manual,75,golf,150000,petrol,volkswagen,no,21.08
13526,6200,small car,manual,101,clio,70000,petrol,renault,no,8.58
13527,1999,limousine,manual,116,golf,150000,diesel,volkswagen,no,19.0
13528,2900,cabrio,manual,90,tigra,125000,petrol,opel,no,12.17
13531,600,small car,manual,60,corsa,150000,petrol,opel,no,23.0
13532,6000,limousine,automatic,218,5er,150000,diesel,bmw,no,13.17
13533,1000,limousine,manual,101,passat,150000,petrol,volkswagen,no,20.17
13534,500,limousine,manual,60,fabia,150000,petrol,skoda,yes,17.67
13535,24500,suv,manual,184,sportage,50000,diesel,kia,no,4.08
13536,3550,small car,manual,125,a3,150000,petrol,audi,no,18.67
13539,1599,limousine,manual,90,golf,150000,diesel,volkswagen,no,20.25
13540,5390,small car,automatic,68,c1,40000,petrol,citroen,no,12.42
13542,1299,small car,manual,60,punto,70000,petrol,fiat,no,19.92
13545,7950,limousine,manual,143,c_klasse,60000,petrol,mercedes_benz,no,14.75
13546,3450,small car,manual,88,clio,150000,petrol,renault,no,11.42
13548,6750,limousine,manual,109,others,150000,diesel,volvo,no,13.75
13551,13500,limousine,automatic,105,golf,60000,diesel,volkswagen,no,7.58
13552,9499,limousine,manual,204,x_reihe,150000,diesel,bmw,no,13.5
13553,12450,limousine,automatic,367,5er,150000,petrol,bmw,no,12.42
13555,999,limousine,manual,116,octavia,150000,petrol,skoda,no,17.08
13556,7999,limousine,manual,140,leon,150000,diesel,seat,no,7.83
13558,8000,limousine,automatic,170,a3,150000,diesel,audi,no,13.0
13559,5300,station wagon,automatic,140,a4,150000,diesel,audi,no,13.0
13560,1100,coupe,manual,90,tigra,125000,petrol,opel,yes,22.25
13561,11790,small car,manual,75,others,5000,petrol,opel,no,3.75
13562,3450,small car,manual,64,polo,90000,petrol,volkswagen,no,12.42
13564,8650,limousine,automatic,218,300c,150000,diesel,chrysler,no,10.67
13565,250,limousine,manual,105,vectra,150000,petrol,opel,yes,20.0
13566,1750,limousine,manual,75,focus,150000,petrol,ford,no,16.33
13567,7880,small car,manual,69,punto,30000,petrol,fiat,no,6.17
13569,12560,cabrio,manual,120,cooper,50000,petrol,mini,no,9.42
13571,599,limousine,manual,90,others,150000,petrol,citroen,no,19.33
13572,6200,small car,manual,69,others,50000,petrol,fiat,no,6.5
13573,11500,bus,manual,84,transporter,150000,diesel,volkswagen,no,7.08
13575,12200,limousine,manual,218,3er,125000,petrol,bmw,no,11.83
13576,600,small car,manual,75,others,125000,petrol,skoda,no,18.17
13577,9800,bus,manual,141,others,40000,petrol,chevrolet,no,7.33
13578,20900,coupe,automatic,170,c_klasse,40000,diesel,mercedes_benz,no,7.5
13584,1350,small car,manual,89,2_reihe,150000,petrol,peugeot,no,19.75
13585,1590,coupe,manual,90,others,150000,petrol,toyota,no,22.0
13586,790,station wagon,manual,136,156,150000,diesel,alfa_romeo,no,18.83
13587,12500,limousine,manual,156,accord,70000,petrol,honda,no,9.75
13588,22500,limousine,manual,150,focus,10000,petrol,ford,yes,3.17
13589,3500,small car,automatic,61,lupo,150000,diesel,volkswagen,no,17.5
13590,8000,bus,automatic,116,b_klasse,125000,petrol,mercedes_benz,no,12.17
13591,1000,cabrio,manual,75,astra,150000,petrol,opel,no,19.83
13593,700,station wagon,manual,91,others,70000,petrol,lada,no,14.58
13595,7000,limousine,manual,140,passat,150000,diesel,volkswagen,no,12.33
13596,1100,limousine,manual,86,others,90000,petrol,hyundai,yes,13.25
13597,12450,station wagon,automatic,232,a4,150000,diesel,audi,no,11.33
13602,550,small car,manual,75,golf,150000,petrol,volkswagen,no,23.08
13603,1198,limousine,manual,75,escort,100000,petrol,ford,yes,21.08
13606,5100,station wagon,manual,145,focus,150000,petrol,ford,no,13.25
13609,3290,suv,automatic,224,range_rover,150000,petrol,land_rover,no,20.92
13610,69000,coupe,manual,480,911,100000,petrol,porsche,no,11.5
13611,10000,bus,automatic,150,viano,125000,diesel,mercedes_benz,no,9.92
13612,2990,limousine,manual,109,c4,150000,diesel,citroen,no,11.25
13613,6490,station wagon,manual,179,a6,150000,diesel,audi,no,12.67
13616,550,small car,manual,54,corsa,150000,petrol,opel,no,19.92
13617,15600,limousine,manual,122,a_klasse,70000,petrol,mercedes_benz,no,6.92
13618,2890,limousine,manual,105,leon,125000,petrol,seat,no,16.92
13619,9600,limousine,manual,197,3er,150000,diesel,bmw,no,10.75
13620,7900,limousine,automatic,72,others,150000,diesel,mercedes_benz,no,35.17
13621,3000,small car,manual,112,others,150000,diesel,hyundai,no,11.42
13624,6250,coupe,manual,116,focus,125000,lpg,ford,no,10.75
13626,3699,cabrio,manual,90,golf,150000,petrol,volkswagen,no,21.42
13629,2400,small car,automatic,58,corsa,90000,petrol,opel,no,16.75
13630,4200,bus,manual,129,sprinter,150000,diesel,mercedes_benz,yes,11.92
13631,4900,bus,manual,174,transporter,150000,diesel,volkswagen,no,10.33
13632,4990,limousine,manual,147,avensis,80000,petrol,toyota,no,14.25
13634,990,small car,manual,75,clio,150000,petrol,renault,no,15.33
13635,9800,station wagon,manual,163,5er,125000,diesel,bmw,no,12.42
13637,650,small car,manual,75,golf,150000,petrol,volkswagen,no,27.0
13640,14500,coupe,manual,177,1er,70000,petrol,bmw,no,9.0
13641,3600,cabrio,manual,136,3_reihe,150000,petrol,peugeot,no,13.5
13642,1650,limousine,manual,95,others,150000,petrol,daewoo,no,14.92
13643,650,limousine,manual,101,passat,150000,petrol,volkswagen,no,20.0
13645,4444,small car,manual,64,polo,90000,petrol,volkswagen,no,12.92
13646,1850,limousine,manual,84,astra,150000,petrol,opel,no,17.58
13647,2190,small car,manual,56,corsa,150000,petrol,opel,no,19.08
13648,5999,limousine,manual,116,golf,150000,petrol,volkswagen,no,14.33
13649,6300,small car,manual,87,corsa,80000,petrol,opel,no,8.67
13650,3100,limousine,manual,95,a_klasse,150000,diesel,mercedes_benz,no,14.5
13651,1790,cabrio,manual,75,astra,150000,petrol,opel,no,22.33
13653,2499,limousine,automatic,90,golf,100000,petrol,volkswagen,no,30.42
13654,3900,small car,manual,69,yaris,125000,petrol,toyota,no,10.67
13655,8700,limousine,manual,116,1er,40000,petrol,bmw,no,12.5
13656,4300,small car,manual,76,twingo,50000,petrol,renault,no,8.58
13657,33000,cabrio,automatic,170,e_klasse,80000,diesel,mercedes_benz,no,5.33
13658,14900,station wagon,manual,122,passat,70000,petrol,volkswagen,no,7.08
13659,5100,cabrio,manual,192,3er,150000,petrol,bmw,no,17.25
13660,290,small car,manual,60,ka,125000,petrol,ford,yes,17.08
13661,500,small car,manual,50,arosa,150000,petrol,seat,yes,22.0
13662,13499,cabrio,manual,280,others,125000,petrol,nissan,no,13.83
13664,2099,limousine,manual,150,3er,150000,petrol,bmw,no,19.83
13667,1980,limousine,manual,101,vectra,150000,petrol,opel,no,17.17
13670,5250,bus,manual,109,berlingo,80000,petrol,citroen,no,11.25
13672,10900,station wagon,manual,125,focus,80000,petrol,ford,no,6.25
13673,2400,limousine,manual,101,focus,150000,petrol,ford,no,14.92
13675,6000,others,manual,120,ducato,125000,diesel,fiat,yes,6.67
13676,8100,station wagon,manual,175,signum,80000,petrol,opel,no,12.67
13677,26500,limousine,automatic,170,q5,90000,diesel,audi,no,8.33
13678,1350,limousine,automatic,82,a_klasse,150000,petrol,mercedes_benz,no,20.67
13679,1790,limousine,automatic,75,astra,150000,petrol,opel,no,19.75
13680,25990,limousine,automatic,290,a6,70000,petrol,audi,no,9.33
13681,4000,station wagon,manual,101,focus,125000,diesel,ford,yes,16.0
13682,5800,limousine,automatic,207,s_type,150000,diesel,jaguar,no,11.08
13683,6999,small car,manual,120,cooper,125000,petrol,mini,no,11.5
13684,1111,limousine,manual,115,focus,150000,petrol,ford,yes,15.0
13685,1800,cabrio,manual,109,2_reihe,150000,petrol,peugeot,no,15.08
13686,2999,bus,manual,113,scenic,70000,petrol,renault,no,4.33
13688,2990,bus,manual,84,yaris,150000,petrol,toyota,no,14.42
13690,1300,small car,manual,50,polo,70000,petrol,volkswagen,yes,21.75
13692,38200,station wagon,automatic,150,a3,10000,diesel,audi,no,5.33
13693,6900,limousine,manual,122,c_klasse,150000,diesel,mercedes_benz,no,11.17
13694,21500,suv,manual,136,others,5000,diesel,opel,no,3.25
13695,4900,limousine,manual,185,s60,150000,diesel,volvo,no,12.58
13698,10500,cabrio,manual,85,500,20000,petrol,fiat,no,5.5
13699,16400,suv,automatic,224,m_klasse,150000,diesel,mercedes_benz,no,12.33
13702,350,station wagon,manual,120,primera,150000,petrol,nissan,yes,20.83
13703,6990,bus,manual,177,verso,150000,diesel,toyota,no,12.42
13704,4300,small car,manual,90,one,150000,petrol,mini,no,15.25
13705,16900,coupe,automatic,200,tt,80000,petrol,audi,no,11.5
13706,5850,station wagon,automatic,190,e_klasse,150000,diesel,mercedes_benz,no,12.08
13707,800,station wagon,automatic,279,e_klasse,20000,petrol,mercedes_benz,yes,21.17
13709,5990,small car,manual,77,i_reihe,50000,petrol,hyundai,no,6.5
13710,5600,cabrio,manual,140,z_reihe,150000,petrol,bmw,no,22.0
13712,5200,limousine,automatic,286,7er,150000,lpg,bmw,no,22.42
13713,9300,station wagon,manual,140,a6,150000,diesel,audi,no,10.33
13715,3600,limousine,manual,131,focus,150000,petrol,ford,no,19.17
13716,3450,limousine,manual,116,3er,150000,petrol,bmw,no,21.25
13719,5690,station wagon,manual,116,astra,125000,petrol,opel,no,11.17
13720,649,station wagon,manual,75,polo,150000,petrol,volkswagen,no,21.92
13721,2990,small car,automatic,54,micra,40000,petrol,nissan,no,19.5
13725,3450,small car,manual,86,clio,125000,diesel,renault,no,11.17
13726,5500,station wagon,automatic,184,3er,150000,diesel,bmw,yes,7.67
13727,14900,station wagon,manual,160,insignia,80000,diesel,opel,no,5.42
13728,7049,cabrio,manual,150,tt,150000,petrol,audi,no,13.42
13729,990,limousine,manual,88,3_reihe,150000,petrol,mazda,no,19.17
13730,6300,limousine,manual,140,passat,150000,diesel,volkswagen,no,13.17
13732,1200,small car,manual,60,polo,150000,petrol,volkswagen,no,20.92
13735,13333,cabrio,manual,140,a4,150000,diesel,audi,no,12.5
13736,3900,cabrio,manual,118,z_reihe,150000,petrol,bmw,no,19.33
13738,9900,bus,automatic,102,golf,10000,petrol,volkswagen,no,10.58
13741,5250,small car,manual,87,yaris,70000,petrol,toyota,no,11.17
13742,700,limousine,manual,101,focus,150000,petrol,ford,yes,19.58
13743,350,small car,manual,90,tigra,150000,petrol,opel,yes,18.0
13744,2200,station wagon,manual,80,fabia,150000,diesel,skoda,no,13.0
13745,17500,limousine,automatic,387,s_klasse,150000,lpg,mercedes_benz,no,14.0
13746,14299,bus,manual,140,touran,80000,petrol,volkswagen,no,10.67
13747,19300,limousine,manual,211,golf,60000,petrol,volkswagen,no,7.25
13748,8000,limousine,manual,122,golf,50000,petrol,volkswagen,yes,9.5
13749,3300,bus,manual,122,v_klasse,150000,diesel,mercedes_benz,no,17.42
13750,1999,limousine,manual,80,corsa,150000,petrol,opel,yes,9.33
13751,4000,bus,manual,116,galaxy,150000,diesel,ford,no,13.92
13752,22700,coupe,automatic,197,a5,150000,diesel,audi,no,7.25
13753,16450,limousine,automatic,232,a8,150000,diesel,audi,no,10.08
13754,15595,coupe,automatic,303,others,80000,petrol,hyundai,no,7.08
13755,7399,station wagon,manual,189,a6,150000,diesel,audi,no,13.92
13757,500,limousine,automatic,116,6_reihe,150000,petrol,mazda,yes,19.08
13758,1999,limousine,manual,101,vectra,150000,petrol,opel,no,16.08
13759,6490,small car,manual,86,fabia,70000,petrol,skoda,no,8.25
13760,16600,station wagon,manual,116,3er,125000,diesel,bmw,no,7.0
13761,2500,suv,manual,69,others,125000,petrol,suzuki,no,20.33
13763,1950,station wagon,manual,131,mondeo,150000,diesel,ford,no,16.08
13765,3950,limousine,automatic,279,s_klasse,150000,petrol,mercedes_benz,no,20.0
13766,4490,station wagon,manual,192,3er,150000,petrol,bmw,no,14.33
13767,1250,station wagon,automatic,125,c_klasse,150000,diesel,mercedes_benz,no,18.08
13768,3000,station wagon,automatic,122,c_klasse,150000,petrol,mercedes_benz,no,18.92
13770,11900,bus,manual,125,zafira,70000,diesel,opel,no,7.75
13772,4750,coupe,manual,150,80,150000,petrol,audi,no,25.0
13773,500,limousine,manual,60,astra,150000,petrol,opel,yes,23.17
13774,6690,coupe,automatic,218,c_klasse,125000,petrol,mercedes_benz,no,15.0
13776,24500,suv,automatic,150,cx_reihe,30000,diesel,mazda,no,4.67
13778,1500,limousine,manual,105,3er,150000,petrol,bmw,no,18.25
13779,1799,small car,manual,102,golf,100000,petrol,volkswagen,no,21.0
13780,1999,station wagon,manual,150,3er,150000,petrol,bmw,no,19.75
13782,3000,limousine,manual,72,punto,150000,petrol,fiat,no,13.83
13783,1400,station wagon,manual,125,passat,150000,petrol,volkswagen,no,18.33
13784,800,station wagon,manual,150,5er,150000,petrol,bmw,no,24.92
13786,500,station wagon,manual,90,passat,150000,diesel,volkswagen,yes,20.75
13787,650,limousine,manual,122,c_klasse,150000,petrol,mercedes_benz,no,22.75
13788,5890,small car,manual,60,polo,100000,petrol,volkswagen,no,8.08
13789,2499,small car,manual,82,clio,125000,diesel,renault,no,17.0
13791,9990,coupe,manual,163,clk,80000,petrol,mercedes_benz,no,14.42
13793,5900,limousine,manual,193,7er,150000,petrol,bmw,no,22.08
13794,7799,limousine,manual,105,golf,125000,diesel,volkswagen,no,10.17
13795,1099,limousine,manual,116,focus,150000,petrol,ford,no,20.92
13797,17400,limousine,automatic,231,e_klasse,150000,diesel,mercedes_benz,no,9.58
13798,3600,bus,manual,101,meriva,150000,petrol,opel,no,13.17
13799,3499,small car,manual,88,2_reihe,150000,petrol,peugeot,no,11.33
13803,3650,small car,manual,54,fox,70000,petrol,volkswagen,no,9.67
13804,3300,limousine,manual,102,a4,150000,lpg,audi,no,16.5
13807,4600,coupe,manual,147,accord,150000,petrol,honda,no,18.83
13812,5900,small car,manual,75,fox,100000,petrol,volkswagen,no,9.58
13813,4499,coupe,manual,125,astra,125000,petrol,opel,no,13.42
13815,8900,cabrio,manual,192,3er,125000,petrol,bmw,no,26.25
13817,2800,small car,manual,75,polo,125000,petrol,volkswagen,no,16.92
13818,580,limousine,manual,116,3er,150000,petrol,bmw,no,22.58
13819,2790,station wagon,manual,179,a6,150000,diesel,audi,no,18.33
13821,8699,limousine,automatic,224,e_klasse,150000,diesel,mercedes_benz,no,10.75
13822,7500,limousine,automatic,160,insignia,40000,diesel,opel,no,7.83
13823,6000,coupe,manual,179,tt,150000,petrol,audi,no,19.25
13824,600,coupe,manual,102,3er,125000,petrol,bmw,yes,25.0
13825,1450,small car,manual,64,polo,80000,petrol,volkswagen,yes,16.67
13826,9200,station wagon,manual,170,passat,150000,diesel,volkswagen,no,11.33
13831,3000,small car,manual,75,2_reihe,90000,petrol,peugeot,no,12.33
13832,28000,suv,automatic,239,touareg,80000,diesel,volkswagen,no,7.33
13833,1000,small car,manual,83,kalos,150000,lpg,daewoo,yes,15.08
13835,2499,station wagon,manual,90,golf,150000,diesel,volkswagen,no,17.42
13836,750,small car,manual,75,focus,150000,petrol,ford,no,18.33
13837,4500,station wagon,manual,143,c_klasse,150000,petrol,mercedes_benz,no,13.83
13838,14800,bus,manual,75,transporter,150000,diesel,volkswagen,no,26.0
13839,1000,small car,manual,60,ka,150000,petrol,ford,no,16.5
13840,2200,station wagon,manual,75,2_reihe,125000,petrol,peugeot,no,12.58
13842,5850,station wagon,automatic,160,golf,150000,petrol,volkswagen,no,10.92
13845,8499,limousine,manual,140,a3,150000,diesel,audi,no,11.08
13846,36000,coupe,manual,355,911,70000,petrol,porsche,no,11.58
13847,4490,limousine,automatic,163,e_klasse,100000,petrol,mercedes_benz,no,17.67
13848,6749,suv,automatic,211,cherokee,60000,petrol,jeep,no,14.25
13850,200,small car,manual,43,cuore,150000,petrol,daihatsu,yes,22.58
13851,11900,cabrio,automatic,256,others,125000,petrol,audi,no,12.33
13853,5500,suv,automatic,173,navara,150000,diesel,nissan,no,14.5
13854,1650,small car,manual,58,corsa,150000,petrol,opel,no,17.08
13855,6499,limousine,automatic,177,e_klasse,150000,petrol,mercedes_benz,no,16.83
13856,600,small car,manual,75,golf,150000,petrol,volkswagen,yes,23.58
13858,479,limousine,manual,60,ibiza,150000,petrol,seat,no,23.5
13860,1650,station wagon,manual,86,corolla,150000,petrol,toyota,no,20.0
13864,6490,small car,manual,70,polo,90000,petrol,volkswagen,no,9.0
13865,1600,bus,manual,163,scenic,150000,petrol,renault,yes,13.17
13866,8555,small car,manual,86,polo,40000,petrol,volkswagen,no,9.58
13867,2350,small car,manual,101,polo,150000,diesel,volkswagen,no,16.75
13868,2200,limousine,manual,75,ibiza,150000,petrol,seat,no,14.25
13870,11650,suv,manual,105,duster,20000,petrol,dacia,no,5.33
13871,1650,station wagon,manual,150,a4,150000,petrol,audi,no,21.17
13873,9800,cabrio,automatic,113,3er,100000,petrol,bmw,no,25.17
13874,8500,station wagon,automatic,170,e_klasse,150000,diesel,mercedes_benz,no,7.42
13875,16490,limousine,manual,265,a3,80000,petrol,audi,no,11.33
13877,10500,limousine,manual,105,golf,125000,diesel,volkswagen,no,8.83
13878,4500,station wagon,manual,110,passat,150000,diesel,volkswagen,no,18.67
13880,1600,limousine,manual,150,5er,150000,petrol,bmw,no,19.08
13882,2800,limousine,manual,90,octavia,150000,diesel,skoda,yes,15.58
13883,650,limousine,manual,88,3_reihe,150000,petrol,mazda,no,21.25
13888,15990,station wagon,automatic,140,passat,90000,diesel,volkswagen,no,6.25
13889,19999,coupe,manual,190,a5,125000,diesel,audi,no,8.92
13890,6500,station wagon,manual,200,a4,150000,petrol,audi,no,13.33
13891,5650,cabrio,manual,118,z_reihe,150000,petrol,bmw,no,18.42
13893,6295,small car,manual,69,ibiza,90000,petrol,seat,no,6.33
13895,42000,limousine,automatic,184,e_klasse,20000,petrol,mercedes_benz,no,3.5
13896,7180,small car,manual,69,yaris,80000,petrol,toyota,no,6.92
13898,1900,cabrio,manual,110,mx_reihe,150000,petrol,mazda,no,20.42
13899,1499,bus,manual,109,berlingo,150000,petrol,citroen,no,12.33
13900,1400,small car,manual,65,punto,40000,petrol,fiat,yes,10.0
13902,1250,limousine,manual,75,golf,150000,petrol,volkswagen,no,19.33
13903,9999,station wagon,manual,143,a4,150000,diesel,audi,no,8.25
13904,300,small car,manual,103,others,150000,petrol,rover,no,20.83
13910,13990,limousine,automatic,241,others,150000,petrol,jaguar,no,24.92
13911,6700,small car,manual,87,ibiza,150000,petrol,seat,no,8.17
13913,5999,small car,manual,90,corsa,125000,petrol,opel,no,9.33
13915,9000,limousine,manual,150,x_reihe,150000,diesel,bmw,no,14.0
13917,1150,station wagon,automatic,170,e_klasse,150000,petrol,mercedes_benz,no,16.25
13918,1150,station wagon,manual,75,golf,150000,petrol,volkswagen,no,19.75
13919,2790,limousine,manual,150,a4,150000,petrol,audi,no,19.42
13920,16500,limousine,automatic,136,c_klasse,125000,diesel,mercedes_benz,no,7.25
13921,6200,bus,manual,105,caddy,150000,diesel,volkswagen,no,9.42
13922,1400,small car,manual,58,corsa,150000,petrol,opel,no,17.58
13923,500,limousine,manual,75,civic,150000,petrol,honda,no,21.08
13925,3700,station wagon,manual,114,primera,125000,petrol,nissan,no,14.75
13927,5400,station wagon,manual,150,vectra,150000,diesel,opel,no,14.83
13929,7850,others,manual,70,caddy,90000,diesel,volkswagen,no,7.5
13932,4485,station wagon,manual,147,6_reihe,5000,petrol,mazda,no,12.83
13933,200,coupe,manual,55,twingo,5000,petrol,renault,no,19.5
13934,10500,limousine,manual,143,1er,150000,diesel,bmw,no,8.25
13935,2999,small car,manual,46,polo,150000,petrol,volkswagen,no,13.83
13939,1500,limousine,manual,82,a_klasse,150000,petrol,mercedes_benz,no,17.25
13943,2000,small car,manual,75,a2,150000,diesel,audi,no,19.0
13945,1900,station wagon,manual,101,passat,150000,lpg,volkswagen,no,19.08
13946,3500,bus,manual,136,touran,150000,diesel,volkswagen,no,14.17
13949,1295,station wagon,manual,75,astra,150000,diesel,opel,no,18.92
13952,8980,limousine,manual,95,a_klasse,80000,petrol,mercedes_benz,no,8.83
13953,2600,small car,manual,64,polo,150000,petrol,volkswagen,no,14.08
13954,1850,small car,manual,58,twingo,90000,petrol,renault,no,13.58
13958,10500,limousine,manual,103,qashqai,125000,diesel,nissan,no,9.67
13959,10400,limousine,automatic,200,leon,60000,petrol,seat,no,10.0
13960,8500,bus,manual,140,s_max,150000,diesel,ford,no,11.08
13961,490,station wagon,manual,74,vectra,150000,petrol,opel,no,20.0
13962,6800,limousine,manual,131,a4,150000,lpg,audi,no,13.5
13965,38900,coupe,automatic,450,others,90000,petrol,audi,no,7.17
13967,5200,bus,automatic,150,zafira,150000,diesel,opel,no,11.42
13968,2900,station wagon,manual,150,astra,150000,diesel,opel,yes,14.92
13970,2900,bus,manual,90,others,150000,diesel,peugeot,no,11.92
13971,4999,limousine,automatic,193,7er,150000,diesel,bmw,no,18.92
13972,7000,station wagon,automatic,177,a6,150000,petrol,audi,no,13.33
13975,1650,limousine,manual,101,astra,150000,petrol,opel,no,18.58
13976,3000,small car,manual,75,polo,150000,diesel,volkswagen,no,14.0
13980,6800,others,automatic,170,a3,150000,diesel,audi,no,11.33
13981,14900,limousine,automatic,231,7er,150000,diesel,bmw,no,10.17
13984,6200,suv,manual,140,tiguan,125000,diesel,volkswagen,no,10.92
13985,1000,small car,manual,69,fiesta,150000,petrol,ford,yes,15.58
13986,850,station wagon,manual,116,focus,150000,petrol,ford,no,20.0
13988,6000,cabrio,automatic,170,3er,150000,petrol,bmw,no,15.58
13989,2099,station wagon,automatic,184,5er,150000,diesel,bmw,no,18.25
13990,16000,station wagon,manual,193,a4,150000,diesel,audi,no,9.75
13991,999,small car,manual,60,corsa,150000,petrol,opel,no,19.25
13994,3450,station wagon,automatic,150,vectra,150000,diesel,opel,no,11.92
13997,3799,station wagon,manual,131,passat,150000,diesel,volkswagen,no,15.33
13999,7199,limousine,automatic,299,a6,150000,petrol,audi,no,15.67
14000,14500,limousine,automatic,326,a8,150000,diesel,audi,no,11.33
14001,5000,limousine,manual,34,kaefer,125000,petrol,volkswagen,no,51.25
14002,7990,small car,manual,90,polo,70000,petrol,volkswagen,no,6.42
14004,1100,small car,manual,75,2_reihe,150000,petrol,peugeot,no,17.5
14009,7000,limousine,manual,102,a3,150000,petrol,audi,no,12.17
14010,2999,coupe,manual,140,3er,150000,petrol,bmw,no,21.75
14011,2650,coupe,manual,147,astra,150000,petrol,opel,no,16.33
14012,3500,bus,manual,113,others,150000,petrol,mitsubishi,no,21.75
14013,1199,station wagon,manual,170,vectra,150000,petrol,opel,no,17.0
14014,6500,bus,manual,136,c_max,150000,diesel,ford,no,8.58
14015,1400,small car,manual,60,ypsilon,150000,petrol,lancia,no,18.0
14016,950,station wagon,manual,150,3er,150000,petrol,bmw,no,21.08
14019,1100,coupe,manual,150,3er,150000,petrol,bmw,no,26.67
14022,3499,bus,manual,84,transporter,150000,petrol,volkswagen,no,23.67
14024,8499,limousine,manual,265,impreza,150000,petrol,subaru,no,16.92
14030,8900,limousine,manual,122,golf,50000,petrol,volkswagen,no,8.0
14031,7950,station wagon,automatic,140,a6,150000,diesel,audi,no,12.83
14033,24500,limousine,automatic,235,golf,60000,petrol,volkswagen,no,6.42
14034,5000,limousine,automatic,109,a_klasse,125000,diesel,mercedes_benz,no,13.17
14035,8600,small car,manual,103,materia,60000,petrol,daihatsu,no,10.67
14036,13800,limousine,manual,218,3er,150000,petrol,bmw,no,7.17
14037,1444,station wagon,manual,105,3_reihe,150000,petrol,peugeot,yes,13.92
14038,5490,small car,manual,65,punto,50000,petrol,fiat,no,8.58
14040,6900,limousine,manual,116,a_klasse,60000,petrol,mercedes_benz,no,11.75
14048,1500,limousine,manual,101,3er,150000,petrol,bmw,no,29.08
14049,1950,limousine,automatic,122,c_klasse,150000,lpg,mercedes_benz,no,21.33
14052,11999,small car,manual,75,up,5000,petrol,volkswagen,no,3.5
14053,35000,limousine,automatic,204,e_klasse,20000,diesel,mercedes_benz,no,8.0
14054,6600,cabrio,manual,90,tigra,50000,petrol,opel,no,8.25
14055,13900,limousine,manual,150,golf,125000,diesel,volkswagen,no,5.33
14056,795,limousine,manual,73,3_reihe,150000,petrol,mazda,no,22.83
14058,590,small car,manual,60,polo,150000,petrol,volkswagen,yes,23.83
14059,2200,limousine,automatic,205,s_klasse,150000,petrol,mercedes_benz,yes,19.0
14060,3650,bus,manual,131,sharan,150000,diesel,volkswagen,no,15.83
14061,3300,limousine,automatic,286,7er,150000,lpg,bmw,no,19.17
14062,17900,suv,automatic,200,pajero,150000,diesel,mitsubishi,no,8.5
14063,599,small car,manual,60,ka,70000,petrol,ford,no,19.0
14064,12500,station wagon,automatic,156,c_klasse,125000,petrol,mercedes_benz,no,11.0
14068,4990,limousine,manual,102,leon,150000,petrol,seat,no,12.25
14069,11950,small car,manual,86,a1,50000,petrol,audi,no,6.08
14070,34996,coupe,manual,300,911,100000,petrol,porsche,no,20.83
14072,3250,bus,manual,116,sharan,150000,diesel,volkswagen,no,16.25
14073,5900,small car,manual,69,ibiza,125000,petrol,seat,no,9.58
14074,1400,cabrio,manual,90,golf,150000,petrol,volkswagen,no,22.33
14076,6000,station wagon,manual,165,zafira,30000,diesel,opel,no,8.0
14078,2500,station wagon,manual,101,astra,150000,petrol,opel,no,15.17
14079,43999,coupe,automatic,420,others,100000,petrol,audi,no,10.33
14080,3300,small car,manual,116,cooper,150000,petrol,mini,no,16.33
14081,11000,suv,manual,136,i_reihe,150000,diesel,hyundai,no,6.58
14082,3800,station wagon,manual,175,vectra,150000,petrol,opel,no,13.5
14083,32990,cabrio,manual,179,a3,10000,petrol,audi,no,3.42
14084,799,bus,automatic,178,grand,150000,petrol,chrysler,no,19.5
14085,14300,station wagon,manual,170,a3,150000,diesel,audi,no,9.0
14086,2400,small car,automatic,75,polo,90000,petrol,volkswagen,no,17.25
14089,555,limousine,manual,54,micra,150000,petrol,nissan,yes,27.83
14090,2450,limousine,manual,102,3er,150000,cng,bmw,no,18.33
14091,3900,limousine,manual,102,golf,150000,petrol,volkswagen,no,13.42
14092,3200,limousine,manual,102,passat,125000,petrol,volkswagen,no,17.08
14094,3200,station wagon,manual,125,astra,150000,petrol,opel,no,13.08
14095,1200,station wagon,automatic,170,3er,20000,petrol,bmw,yes,17.83
14096,2400,limousine,automatic,101,focus,150000,petrol,ford,no,13.5
14097,1000,limousine,manual,125,a4,150000,petrol,audi,no,22.5
14099,8950,bus,manual,131,others,150000,diesel,opel,no,6.5
14100,1100,small car,manual,69,fiesta,125000,petrol,ford,no,13.33
14101,7400,station wagon,automatic,163,3er,150000,diesel,bmw,no,11.92
14104,9900,small car,manual,59,yaris,10000,petrol,toyota,no,4.75
14105,3600,bus,manual,105,golf,150000,diesel,volkswagen,no,13.58
14106,5990,station wagon,automatic,170,passat,150000,diesel,volkswagen,no,11.58
14107,18499,station wagon,automatic,190,a6,150000,diesel,audi,no,9.08
14108,9990,station wagon,automatic,140,passat,150000,diesel,volkswagen,no,10.42
14110,16900,bus,automatic,174,transporter,150000,diesel,volkswagen,no,14.0
14111,2200,station wagon,manual,150,5er,150000,petrol,bmw,no,19.08
14112,1000,small car,manual,60,polo,125000,petrol,volkswagen,no,19.33
14113,999,small car,manual,65,yaris,125000,petrol,toyota,yes,14.33
14114,7300,suv,automatic,150,santa,150000,diesel,hyundai,no,12.75
14116,3780,limousine,manual,129,c_klasse,80000,petrol,mercedes_benz,no,17.42
14117,1200,bus,manual,174,sharan,150000,petrol,volkswagen,no,23.75
14118,2600,small car,manual,75,polo,150000,diesel,volkswagen,no,16.58
14119,8500,station wagon,automatic,150,e_klasse,150000,diesel,mercedes_benz,no,13.83
14120,9550,limousine,manual,131,megane,50000,petrol,renault,no,6.08
14121,800,limousine,manual,101,passat,150000,petrol,volkswagen,no,21.08
14122,2600,station wagon,manual,101,others,150000,petrol,mazda,no,16.92
14123,2350,limousine,manual,150,e_klasse,150000,petrol,mercedes_benz,no,22.83
14124,3000,limousine,manual,75,sandero,30000,petrol,dacia,no,10.58
14125,550,small car,manual,75,defender,150000,petrol,rover,no,21.58
14130,850,small car,manual,58,punto,150000,petrol,fiat,no,23.33
14131,55850,coupe,manual,420,others,90000,petrol,audi,no,11.67
14132,1199,station wagon,manual,115,v40,150000,petrol,volvo,no,20.25
14133,4500,station wagon,manual,116,corolla,150000,diesel,toyota,no,13.58
14134,1350,coupe,manual,150,3er,150000,petrol,bmw,no,24.0
14135,350,small car,manual,52,polo,150000,petrol,volkswagen,yes,23.0
14136,17989,limousine,manual,330,leon,70000,petrol,seat,no,8.5
14137,2100,small car,manual,60,lupo,150000,diesel,volkswagen,no,15.25
14138,6500,station wagon,manual,143,3er,40000,petrol,bmw,no,14.58
14141,2200,limousine,manual,170,5er,150000,lpg,bmw,no,20.75
14142,999,limousine,automatic,197,e_klasse,150000,diesel,mercedes_benz,yes,19.67
14143,3600,bus,manual,82,others,150000,diesel,renault,no,16.0
14145,4699,small car,manual,69,500,30000,petrol,fiat,no,4.5
14148,5100,limousine,manual,102,golf,150000,lpg,volkswagen,no,14.92
14149,1799,small car,manual,156,ibiza,150000,petrol,seat,no,18.92
14150,1800,limousine,manual,150,a3,150000,petrol,audi,no,21.58
14151,1100,small car,manual,75,twingo,125000,petrol,renault,no,17.0
14152,33000,suv,automatic,239,cayenne,90000,diesel,porsche,no,8.42
14153,845,station wagon,manual,90,6_reihe,150000,petrol,mazda,no,20.5
14155,67997,cabrio,manual,385,911,60000,petrol,porsche,no,8.0
14158,1300,limousine,manual,120,laguna,150000,petrol,renault,yes,14.08
14160,1450,limousine,manual,140,3er,150000,petrol,bmw,no,21.42
14162,1990,small car,manual,50,lupo,100000,petrol,volkswagen,no,17.75
14163,2450,coupe,manual,147,astra,150000,petrol,opel,no,14.5
14164,1500,suv,manual,125,others,150000,diesel,nissan,yes,19.75
14165,10990,limousine,automatic,239,phaeton,150000,diesel,volkswagen,no,10.58
14166,8800,small car,manual,75,polo,70000,diesel,volkswagen,no,7.67
14167,9777,small car,manual,71,twingo,5000,petrol,renault,no,4.92
14168,7899,station wagon,automatic,163,3er,150000,diesel,bmw,no,12.08
14171,1950,limousine,manual,144,omega,150000,petrol,opel,no,18.42
14172,2199,small car,automatic,61,fortwo,125000,petrol,smart,no,14.92
14173,3300,station wagon,manual,90,focus,150000,diesel,ford,no,11.17
14174,13450,coupe,automatic,306,cl,125000,petrol,mercedes_benz,no,17.83
14175,1350,small car,manual,65,ka,150000,petrol,ford,no,19.92
14177,8800,limousine,manual,120,exeo,125000,diesel,seat,no,8.25
14180,5990,station wagon,manual,116,astra,90000,petrol,opel,no,9.58
14181,2950,small car,manual,75,ibiza,150000,diesel,seat,no,13.83
14183,12499,suv,manual,167,captiva,80000,petrol,chevrolet,no,7.58
14184,1250,small car,manual,54,corsa,150000,petrol,opel,no,19.08
14185,3550,station wagon,automatic,140,a3,150000,diesel,audi,no,11.67
14186,300,small car,manual,60,ka,150000,petrol,ford,no,20.58
14187,5100,coupe,automatic,84,fortwo,70000,petrol,smart,no,8.33
14188,9900,cabrio,manual,126,mx_reihe,60000,petrol,mazda,no,13.5
14189,1950,station wagon,manual,144,omega,150000,lpg,opel,no,17.5
14192,1500,limousine,manual,150,passat,150000,petrol,volkswagen,no,18.08
14193,500,small car,manual,54,micra,150000,petrol,nissan,no,21.5
14195,3400,station wagon,manual,116,a4,150000,diesel,audi,no,14.67
14196,2900,station wagon,manual,286,5er,150000,petrol,bmw,no,24.92
14197,24200,station wagon,automatic,150,a3,20000,petrol,audi,no,4.83
14198,3150,station wagon,manual,131,a4,150000,lpg,audi,yes,16.33
14201,520,small car,manual,60,polo,150000,petrol,volkswagen,yes,19.75
14203,2000,small car,manual,75,fabia,150000,petrol,skoda,no,15.0
14205,9900,limousine,automatic,306,e_klasse,150000,petrol,mercedes_benz,no,15.58
14206,2700,limousine,manual,105,leon,150000,petrol,seat,no,14.58
14208,699,small car,manual,55,seicento,150000,petrol,fiat,no,16.33
14212,4700,small car,manual,116,cooper,150000,petrol,mini,no,15.92
14213,1700,small car,automatic,102,a_klasse,125000,petrol,mercedes_benz,no,19.92
14214,5990,station wagon,manual,192,5er,125000,petrol,bmw,no,16.0
14215,6800,bus,manual,94,zafira,150000,cng,opel,no,9.42
14216,12490,cabrio,manual,218,crossfire,80000,petrol,chrysler,no,13.75
14217,7999,bus,manual,140,galaxy,150000,diesel,ford,no,11.58
14218,3960,small car,manual,110,a2,150000,petrol,audi,no,16.67
14223,4199,limousine,manual,143,3er,150000,petrol,bmw,no,17.92
14225,2666,cabrio,manual,103,astra,150000,petrol,opel,yes,13.42
14226,12950,limousine,manual,105,golf,60000,diesel,volkswagen,no,7.67
14227,700,limousine,manual,116,3er,150000,petrol,bmw,yes,16.83
14229,1150,coupe,manual,140,3er,150000,petrol,bmw,no,24.25
14230,12950,limousine,manual,105,golf,30000,petrol,volkswagen,no,8.83
14231,32400,coupe,automatic,299,others,150000,petrol,bmw,no,26.17
14232,5300,cabrio,manual,118,z_reihe,100000,petrol,bmw,no,18.08
14233,8890,small car,manual,60,fabia,20000,petrol,skoda,no,5.5
14238,24999,limousine,automatic,326,q7,100000,diesel,audi,no,10.75
14240,12500,bus,manual,115,s_max,5000,diesel,ford,no,10.25
14242,2300,limousine,manual,75,golf,70000,petrol,volkswagen,no,18.42
14243,8650,bus,manual,136,b_klasse,90000,petrol,mercedes_benz,no,10.75
14244,3200,bus,manual,82,others,150000,diesel,renault,yes,15.25
14246,2150,coupe,manual,105,147,150000,petrol,alfa_romeo,no,16.67
14249,299,station wagon,manual,90,escort,20000,petrol,ford,yes,20.25
14250,5500,station wagon,manual,75,berlingo,125000,diesel,citroen,yes,8.33
14252,9999,station wagon,manual,140,passat,150000,diesel,volkswagen,no,7.75
14253,5500,limousine,automatic,50,kaefer,150000,petrol,volkswagen,no,42.33
14254,1300,small car,manual,75,golf,150000,petrol,volkswagen,no,17.42
14255,2950,station wagon,manual,150,bora,150000,petrol,volkswagen,no,15.08
14256,5700,bus,manual,110,verso,150000,petrol,toyota,no,13.58
14258,2500,small car,manual,55,corsa,70000,petrol,opel,no,17.0
14259,4450,station wagon,manual,131,a4,150000,petrol,audi,no,17.75
14261,2200,limousine,manual,90,golf,150000,petrol,volkswagen,yes,16.42
14262,4800,station wagon,manual,101,golf,150000,diesel,volkswagen,no,14.33
14264,5400,station wagon,manual,95,2_reihe,90000,petrol,peugeot,no,9.33
14267,500,small car,manual,50,polo,150000,petrol,volkswagen,yes,17.75
14268,1799,station wagon,manual,110,passat,150000,diesel,volkswagen,no,20.33
14269,3650,limousine,manual,72,others,150000,diesel,mercedes_benz,no,33.92
14271,15999,suv,manual,171,navara,80000,diesel,nissan,no,11.33
14272,10999,suv,automatic,230,captiva,50000,petrol,chevrolet,no,7.08
14273,800,station wagon,manual,107,laguna,150000,petrol,renault,yes,19.25
14274,5490,small car,manual,75,punto,60000,petrol,fiat,no,8.42
14275,6800,suv,manual,111,freelander,150000,diesel,land_rover,no,13.42
14278,6000,small car,manual,87,yaris,80000,petrol,toyota,no,11.25
14284,3199,small car,manual,69,fiesta,50000,petrol,ford,no,14.5
14285,6800,station wagon,manual,140,passat,150000,diesel,volkswagen,no,11.25
14286,12499,limousine,manual,143,a4,150000,diesel,audi,no,10.0
14287,8800,limousine,automatic,218,3er,150000,petrol,bmw,no,12.25
14288,150,small car,manual,58,twingo,150000,petrol,renault,yes,19.92
14290,23900,cabrio,manual,184,3er,60000,diesel,bmw,no,8.25
14291,2300,station wagon,manual,75,2_reihe,125000,petrol,peugeot,no,15.5
14292,9999,suv,manual,83,niva,5000,petrol,lada,no,4.58
14294,6000,coupe,manual,143,c_klasse,150000,petrol,mercedes_benz,no,14.25
14295,13500,suv,manual,150,others,60000,diesel,mitsubishi,no,7.75
14296,10500,suv,manual,105,duster,60000,lpg,dacia,no,6.58
14299,2999,limousine,manual,116,3er,125000,petrol,bmw,no,17.92
14301,5490,limousine,manual,109,i_reihe,100000,petrol,hyundai,no,9.33
14306,1600,limousine,manual,125,a4,150000,petrol,audi,yes,20.75
14307,2999,small car,manual,65,others,125000,petrol,fiat,no,9.58
14310,13900,suv,automatic,105,yeti,50000,petrol,skoda,no,7.08
14311,2800,station wagon,manual,101,passat,150000,diesel,volkswagen,no,15.25
14312,10900,suv,manual,129,grand,125000,diesel,suzuki,no,11.5
14314,12400,cabrio,manual,231,z_reihe,80000,petrol,bmw,no,15.33
14316,6500,station wagon,automatic,177,e_klasse,150000,diesel,mercedes_benz,no,15.58
14318,8190,limousine,automatic,225,a6,150000,diesel,audi,no,13.42
14319,8850,station wagon,manual,143,3er,150000,diesel,bmw,no,11.58
14320,1799,bus,manual,90,scenic,80000,petrol,renault,no,20.33
14321,32200,coupe,automatic,163,others,60000,diesel,bmw,no,4.83
14323,36000,limousine,automatic,211,c_klasse,10000,petrol,mercedes_benz,no,3.58
14327,750,small car,manual,75,twingo,150000,petrol,renault,no,18.0
14328,4300,coupe,automatic,193,3er,150000,petrol,bmw,no,19.92
14329,12700,cabrio,manual,179,tt,125000,petrol,audi,no,13.25
14330,9300,limousine,manual,200,golf,90000,petrol,volkswagen,no,13.42
14331,235,others,manual,75,others,90000,petrol,citroen,yes,25.33
14332,8500,bus,automatic,102,golf,100000,petrol,volkswagen,no,11.58
14333,699,station wagon,manual,100,vectra,150000,petrol,opel,yes,21.75
14334,9999,station wagon,manual,102,a3,80000,petrol,audi,no,10.58
14335,1300,coupe,automatic,135,e_klasse,150000,petrol,mercedes_benz,no,26.42
14336,5750,station wagon,automatic,177,5er,150000,diesel,bmw,no,14.58
14337,11950,bus,manual,140,c_max,70000,diesel,ford,no,7.92
14338,15950,cabrio,manual,122,cooper,30000,petrol,mini,no,7.5
14339,850,limousine,manual,101,vectra,150000,petrol,opel,no,19.83
14342,5900,limousine,automatic,170,e_klasse,150000,diesel,mercedes_benz,no,16.67
14345,2000,station wagon,manual,177,vectra,150000,diesel,opel,yes,13.25
14346,18500,coupe,manual,286,m_reihe,150000,petrol,bmw,no,33.17
14350,5800,small car,manual,55,polo,125000,petrol,volkswagen,yes,12.75
14351,8495,cabrio,automatic,170,a4,150000,petrol,audi,no,15.83
14352,950,small car,automatic,40,corsa,125000,petrol,opel,no,19.83
14353,14900,bus,automatic,150,viano,150000,diesel,mercedes_benz,no,11.5
14354,9500,station wagon,manual,156,3_reihe,125000,petrol,peugeot,no,7.5
14355,48990,bus,manual,140,transporter,50000,diesel,volkswagen,no,4.75
14357,400,small car,manual,50,lupo,150000,petrol,volkswagen,no,18.75
14359,14500,bus,manual,150,viano,70000,diesel,mercedes_benz,no,13.92
14361,1600,limousine,manual,150,golf,150000,petrol,volkswagen,no,20.92
14362,2700,bus,manual,75,kangoo,150000,petrol,renault,no,16.67
14363,5999,small car,manual,69,500,70000,petrol,fiat,no,9.75
14364,6650,small car,manual,125,lupo,150000,petrol,volkswagen,no,17.75
14365,2350,small car,manual,75,clio,125000,petrol,renault,no,15.33
14367,11690,station wagon,automatic,224,a6,150000,diesel,audi,no,13.42
14369,7800,bus,manual,105,touran,150000,diesel,volkswagen,no,10.67
14370,21800,cabrio,manual,231,z_reihe,40000,petrol,bmw,no,13.58
14373,2899,small car,manual,125,polo,150000,petrol,volkswagen,no,17.5
14375,1800,limousine,automatic,90,bora,150000,diesel,volkswagen,no,19.67
14378,12990,station wagon,automatic,235,5er,150000,diesel,bmw,no,9.58
14379,12700,limousine,manual,143,3er,60000,petrol,bmw,no,9.5
14380,6950,limousine,automatic,116,golf,90000,petrol,volkswagen,no,13.75
14381,6300,small car,manual,116,1er,100000,petrol,bmw,no,13.0
14383,1500,station wagon,manual,150,156,150000,diesel,alfa_romeo,no,17.0
14384,6950,small car,manual,69,corsa,40000,petrol,opel,no,6.92
14385,7700,cabrio,manual,170,others,150000,petrol,audi,no,16.67
14387,1390,limousine,manual,82,a_klasse,150000,petrol,mercedes_benz,no,19.58
14389,1200,suv,manual,116,others,150000,lpg,ford,no,22.75
14390,5200,bus,manual,105,transporter,150000,diesel,volkswagen,no,14.08
14392,19900,station wagon,automatic,299,passat,125000,petrol,volkswagen,no,10.58
14393,1500,bus,manual,105,others,150000,diesel,fiat,no,19.5
14396,350,small car,manual,60,ka,125000,petrol,ford,yes,14.08
14397,8500,coupe,manual,209,others,150000,diesel,alfa_romeo,no,11.92
14398,15800,cabrio,manual,143,1er,60000,petrol,bmw,no,9.42
14400,6400,bus,manual,177,verso,150000,diesel,toyota,no,12.5
14401,5400,station wagon,manual,121,6_reihe,150000,diesel,mazda,no,12.83
14402,1700,coupe,automatic,101,astra,5000,petrol,opel,yes,16.5
14403,4400,limousine,manual,105,3er,150000,petrol,bmw,no,17.92
14407,2100,station wagon,manual,109,3_reihe,150000,petrol,peugeot,no,16.5
14408,6150,limousine,manual,145,passat,125000,petrol,volkswagen,no,12.25
14409,5450,bus,automatic,122,v_klasse,150000,diesel,mercedes_benz,no,18.08
14411,1650,station wagon,manual,72,others,125000,diesel,mercedes_benz,no,30.58
14415,21000,bus,manual,150,viano,150000,diesel,mercedes_benz,no,11.17
14416,19999,limousine,automatic,265,5er,100000,diesel,bmw,no,10.75
14417,2200,small car,manual,75,fabia,125000,petrol,skoda,no,14.92
14418,1200,small car,manual,60,punto,80000,petrol,fiat,no,16.5
14419,1500,limousine,manual,119,laguna,150000,diesel,renault,yes,17.58
14421,1490,station wagon,automatic,118,3er,150000,petrol,bmw,no,17.75
14423,999,bus,manual,80,scenic,5000,petrol,renault,no,19.67
14424,8900,station wagon,automatic,179,a6,150000,diesel,audi,no,11.75
14426,5800,coupe,automatic,218,clk,150000,petrol,mercedes_benz,no,17.58
14428,1800,bus,manual,64,caddy,60000,diesel,volkswagen,yes,17.83
14429,10900,station wagon,manual,179,a4,125000,petrol,audi,no,11.0
14431,4300,small car,manual,87,sandero,60000,petrol,dacia,no,9.17
14436,1299,station wagon,manual,113,3er,150000,petrol,bmw,no,26.33
14437,1790,bus,manual,116,galaxy,150000,petrol,ford,no,16.92
14440,16950,coupe,manual,140,passat,70000,diesel,volkswagen,no,8.42
14441,10350,limousine,manual,120,astra,100000,petrol,opel,no,7.67
14442,1700,small car,manual,94,others,125000,petrol,chevrolet,no,13.5
14443,6150,cabrio,manual,163,slk,150000,petrol,mercedes_benz,no,15.83
14445,14700,station wagon,manual,86,golf,20000,petrol,volkswagen,no,4.08
14446,2690,bus,manual,87,meriva,125000,petrol,opel,no,16.0
14447,1999,small car,automatic,61,fortwo,100000,petrol,smart,no,15.33
14448,700,small car,manual,54,corsa,150000,petrol,opel,no,20.17
14450,13000,cabrio,automatic,192,3er,100000,petrol,bmw,no,16.0
14451,700,limousine,manual,90,others,150000,petrol,citroen,no,21.67
14453,1100,small car,automatic,112,3er,150000,petrol,bmw,no,20.58
14456,6790,limousine,manual,116,a4,150000,diesel,audi,no,13.42
14458,4250,bus,manual,131,transit,150000,diesel,ford,no,11.25
14459,6280,small car,manual,69,polo,40000,petrol,volkswagen,no,8.83
14460,3250,coupe,manual,116,3er,150000,diesel,bmw,no,14.33
14461,999,limousine,manual,125,vectra,150000,petrol,opel,no,17.08
14462,7999,station wagon,manual,163,3er,150000,diesel,bmw,no,13.5
14463,1450,limousine,manual,101,astra,150000,petrol,opel,no,20.58
14466,1699,small car,manual,75,clio,150000,petrol,renault,no,15.83
14468,1800,small car,manual,86,yaris,150000,petrol,toyota,no,18.08
14470,1500,limousine,manual,116,3er,150000,petrol,bmw,yes,15.25
14471,9990,cabrio,manual,26,601,5000,petrol,trabant,no,43.0
14472,1490,limousine,automatic,101,astra,150000,petrol,opel,no,19.33
14476,1950,small car,manual,65,twingo,70000,petrol,renault,no,16.83
14477,25900,cabrio,automatic,245,sl,60000,petrol,mercedes_benz,no,15.33
14478,1500,station wagon,automatic,131,passat,150000,diesel,volkswagen,no,16.75
14480,1998,bus,manual,102,sprinter,150000,diesel,mercedes_benz,yes,20.25
14481,15500,limousine,manual,325,insignia,100000,petrol,opel,no,8.33
14483,500,limousine,automatic,111,e_klasse,150000,petrol,mercedes_benz,yes,26.0
14484,650,small car,manual,60,fiesta,150000,petrol,ford,no,17.75
14485,24490,limousine,manual,184,golf,50000,diesel,volkswagen,no,6.0
14486,950,limousine,manual,75,golf,150000,petrol,volkswagen,no,19.75
14487,7400,limousine,manual,143,1er,150000,diesel,bmw,no,11.83
14489,11200,suv,manual,105,duster,50000,petrol,dacia,no,4.33
14490,550,limousine,manual,125,vectra,5000,petrol,opel,yes,17.75
14491,18350,cabrio,manual,184,slk,50000,petrol,mercedes_benz,no,10.5
14492,3499,small car,manual,75,swift,150000,diesel,suzuki,no,9.17
14495,2799,cabrio,manual,107,megane,150000,petrol,renault,no,17.33
14496,1300,small car,automatic,60,polo,150000,petrol,volkswagen,no,18.17
14497,12500,small car,manual,90,polo,20000,petrol,volkswagen,no,4.75
14498,9200,limousine,manual,163,3er,150000,diesel,bmw,no,12.58
14499,899,small car,manual,60,corsa,125000,petrol,opel,no,21.08
14500,1000,limousine,manual,75,golf,150000,petrol,volkswagen,yes,21.17
14501,5200,station wagon,manual,140,passat,150000,diesel,volkswagen,no,12.25
14503,1150,small car,manual,65,corsa,150000,petrol,opel,no,18.33
14504,899,small car,manual,60,micra,150000,petrol,nissan,no,17.58
14505,10900,station wagon,automatic,224,e_klasse,150000,petrol,mercedes_benz,no,15.92
14507,8200,small car,manual,170,cooper,90000,petrol,mini,no,12.33
14509,2800,small car,manual,75,golf,150000,petrol,volkswagen,yes,14.83
14510,5600,station wagon,automatic,150,passat,150000,diesel,volkswagen,no,17.67
14511,650,station wagon,manual,110,100,150000,petrol,audi,yes,24.25
14512,700,small car,manual,60,polo,150000,petrol,volkswagen,yes,18.0
14513,1190,station wagon,automatic,150,a6,150000,diesel,audi,yes,19.75
14514,1450,limousine,manual,75,golf,150000,petrol,volkswagen,no,19.25
14515,750,station wagon,manual,60,cordoba,150000,petrol,seat,no,18.58
14516,4200,station wagon,manual,193,5er,150000,diesel,bmw,no,15.75
14519,1800,limousine,manual,75,golf,150000,petrol,volkswagen,no,19.42
14522,18990,station wagon,automatic,240,a6,150000,diesel,audi,no,8.92
14524,1590,small car,manual,75,golf,150000,petrol,volkswagen,no,15.08
14526,5000,limousine,manual,218,5er,150000,diesel,bmw,no,14.33
14527,10550,limousine,manual,80,golf,50000,petrol,volkswagen,no,7.58
14530,1550,station wagon,manual,75,golf,150000,petrol,volkswagen,no,19.33
14531,6770,bus,manual,140,touran,150000,diesel,volkswagen,no,13.25
14532,2790,small car,manual,67,c1,70000,petrol,citroen,no,10.67
14533,2500,coupe,manual,136,clk,150000,petrol,mercedes_benz,no,21.58
14535,17500,limousine,automatic,367,7er,90000,petrol,bmw,no,10.25
14537,4100,small car,manual,75,polo,90000,petrol,volkswagen,no,14.83
14538,19500,bus,manual,116,others,20000,diesel,ford,no,4.92
14541,6900,station wagon,automatic,177,5er,150000,diesel,bmw,no,12.42
14543,1250,small car,manual,75,lupo,150000,petrol,volkswagen,no,16.17
14544,2400,limousine,manual,75,golf,125000,petrol,volkswagen,no,16.33
14545,650,small car,manual,60,2_reihe,150000,petrol,peugeot,no,19.0
14547,1350,small car,manual,64,ibiza,150000,petrol,seat,no,14.42
14549,2200,cabrio,manual,170,3er,150000,petrol,bmw,yes,16.25
14550,13499,small car,manual,143,1er,90000,diesel,bmw,no,10.0
14551,1600,station wagon,automatic,174,sharan,150000,lpg,volkswagen,no,21.33
14552,2950,coupe,manual,150,others,150000,petrol,audi,no,27.0
14553,10500,small car,manual,203,clio,50000,petrol,renault,no,8.5
14554,9000,station wagon,automatic,256,a6,150000,petrol,audi,no,12.25
14555,3990,limousine,manual,166,6_reihe,125000,petrol,mazda,no,16.67
14557,3590,station wagon,manual,116,c_klasse,150000,diesel,mercedes_benz,no,16.17
14558,23699,suv,manual,110,yeti,30000,diesel,skoda,no,4.75
14559,21500,limousine,automatic,320,s_klasse,150000,diesel,mercedes_benz,no,10.17
14561,2950,small car,manual,75,forfour,125000,petrol,smart,no,12.08
14562,8500,station wagon,automatic,163,5er,150000,diesel,bmw,no,11.75
14563,600,small car,automatic,54,micra,125000,petrol,nissan,no,19.58
14564,18999,station wagon,manual,204,c_klasse,90000,diesel,mercedes_benz,no,6.17
14565,4500,bus,manual,143,v_klasse,150000,petrol,mercedes_benz,yes,21.0
14566,1300,station wagon,manual,150,bora,150000,petrol,volkswagen,no,20.0
14568,29999,coupe,manual,396,focus,90000,petrol,ford,no,8.17
14569,2150,station wagon,manual,86,transit,5000,diesel,ford,no,14.25
14571,1950,small car,automatic,61,lupo,150000,diesel,volkswagen,no,20.0
14572,5950,small car,manual,86,roomster,100000,petrol,skoda,no,9.75
14574,5400,limousine,manual,122,1er,150000,diesel,bmw,no,13.58
14576,3200,cabrio,manual,95,golf,150000,petrol,volkswagen,no,30.25
14577,650,small car,automatic,75,corsa,150000,petrol,opel,yes,15.92
14578,11300,others,manual,120,transit,150000,diesel,ford,no,17.67
14579,999,small car,manual,63,others,150000,petrol,mazda,no,19.25
14581,777,small car,manual,45,polo,150000,petrol,volkswagen,no,23.67
14583,2399,coupe,manual,136,clk,150000,petrol,mercedes_benz,no,19.5
14584,20250,suv,manual,140,cherokee,30000,diesel,jeep,no,4.83
14585,2800,station wagon,automatic,170,c_klasse,150000,diesel,mercedes_benz,no,17.67
14587,8800,station wagon,manual,265,others,150000,petrol,audi,no,18.17
14588,4450,cabrio,manual,110,mx_reihe,80000,petrol,mazda,no,18.42
14589,3500,limousine,manual,132,e_klasse,150000,petrol,mercedes_benz,no,30.08
14590,1290,small car,manual,75,twingo,125000,petrol,renault,no,17.25
14591,4700,limousine,manual,105,astra,90000,petrol,opel,no,11.58
14592,1290,limousine,manual,113,megane,150000,petrol,renault,yes,15.83
14594,6250,limousine,manual,122,golf,150000,petrol,volkswagen,no,9.42
14596,2450,small car,manual,75,golf,150000,petrol,volkswagen,no,17.33
14597,16999,suv,automatic,385,cayenne,150000,petrol,porsche,no,10.33
14598,1000,limousine,manual,101,astra,125000,petrol,opel,yes,18.17
14599,2200,station wagon,manual,192,5er,150000,petrol,bmw,no,18.92
14600,2000,limousine,manual,118,3er,150000,petrol,bmw,no,20.42
14606,6350,bus,manual,120,doblo,70000,diesel,fiat,no,10.42
14608,1300,station wagon,manual,101,vectra,150000,petrol,opel,no,18.92
14610,15999,station wagon,automatic,190,a6,150000,diesel,audi,no,9.08
14611,59800,cabrio,manual,345,911,70000,petrol,porsche,no,8.83
14613,1600,station wagon,manual,75,others,150000,diesel,mercedes_benz,no,25.08
14614,6990,limousine,manual,95,a_klasse,90000,petrol,mercedes_benz,yes,11.83
14616,5200,small car,manual,69,ka,70000,petrol,ford,no,6.58
14617,650,limousine,manual,75,others,125000,petrol,hyundai,no,18.08
14618,1699,limousine,automatic,150,others,125000,petrol,opel,no,27.25
14619,500,small car,manual,60,fiesta,150000,petrol,ford,no,24.92
14620,1990,station wagon,manual,105,golf,150000,petrol,volkswagen,no,18.5
14621,1650,limousine,manual,122,g_klasse,125000,petrol,mercedes_benz,no,19.83
14623,6900,bus,manual,90,meriva,90000,petrol,opel,no,9.67
14626,23760,suv,automatic,179,tiguan,50000,petrol,volkswagen,no,6.92
14628,15000,station wagon,automatic,349,a6,150000,petrol,audi,no,12.75
14629,2400,small car,automatic,90,golf,100000,petrol,volkswagen,no,25.75
14630,3200,limousine,manual,75,yaris,150000,diesel,toyota,no,16.92
14631,5400,small car,manual,80,polo,100000,diesel,volkswagen,no,12.33
14633,5900,station wagon,manual,140,a4,150000,diesel,audi,yes,14.0
14634,4000,limousine,manual,150,golf,125000,petrol,volkswagen,no,20.25
14635,6499,coupe,manual,224,tt,150000,petrol,audi,no,13.5
14636,5700,limousine,manual,116,1er,150000,petrol,bmw,no,12.83
14637,17699,station wagon,manual,239,a6,150000,diesel,audi,no,9.17
14639,14500,limousine,automatic,102,a3,70000,petrol,audi,no,10.92
14641,8499,coupe,automatic,220,others,150000,petrol,mercedes_benz,no,25.58
14642,9900,station wagon,manual,190,a3,150000,diesel,audi,no,10.67
14643,18999,limousine,manual,136,c_klasse,50000,diesel,mercedes_benz,no,5.5
14644,2550,coupe,automatic,179,e_klasse,150000,petrol,mercedes_benz,no,27.83
14645,8800,bus,manual,140,touran,150000,petrol,volkswagen,no,12.0
14646,4500,coupe,manual,163,c_reihe,150000,petrol,volvo,no,17.08
14648,17450,limousine,automatic,190,a4,150000,diesel,audi,no,7.67
14650,1000,small car,manual,58,corsa,150000,petrol,opel,no,17.75
14652,1990,limousine,manual,105,golf,150000,petrol,volkswagen,no,16.33
14653,2100,limousine,manual,128,avensis,125000,petrol,toyota,no,19.25
14656,98500,cabrio,automatic,400,911,50000,petrol,porsche,no,5.92
14657,899,station wagon,manual,116,3er,150000,petrol,bmw,no,21.75
14658,800,limousine,manual,102,3er,150000,petrol,bmw,no,20.17
14659,7950,station wagon,manual,129,3er,150000,petrol,bmw,no,11.5
14660,9900,coupe,automatic,321,m_reihe,150000,petrol,bmw,yes,21.42
14661,15990,limousine,manual,122,a3,50000,petrol,audi,no,6.83
14662,7150,small car,manual,105,fabia,90000,petrol,skoda,no,8.08
14663,7350,station wagon,automatic,170,v50,150000,lpg,volvo,no,13.5
14664,500,station wagon,manual,98,rio,150000,petrol,kia,no,17.5
14666,675,small car,manual,60,1_reihe,150000,petrol,peugeot,no,21.0
14667,17000,limousine,manual,156,c_klasse,80000,petrol,mercedes_benz,no,7.75
14669,4100,station wagon,manual,131,passat,150000,petrol,volkswagen,no,15.5
14670,650,small car,manual,60,punto,125000,petrol,fiat,no,19.83
14671,7200,station wagon,automatic,177,5er,150000,diesel,bmw,no,13.58
14672,560,small car,manual,82,golf,150000,petrol,volkswagen,no,23.25
14675,1350,station wagon,manual,116,focus,150000,petrol,ford,no,18.83
14677,1250,small car,manual,58,corsa,150000,petrol,opel,no,17.33
14678,2490,limousine,manual,122,c_klasse,150000,petrol,mercedes_benz,no,18.17
14680,1500,small car,automatic,60,corsa,50000,petrol,opel,no,23.0
14681,39400,suv,automatic,170,glk,40000,diesel,mercedes_benz,no,3.25
14683,4150,small car,automatic,90,corsa,150000,petrol,opel,no,10.75
14684,3455,bus,manual,101,others,150000,diesel,renault,no,14.83
14685,1300,limousine,manual,165,a4,150000,petrol,audi,no,21.92
14686,1499,station wagon,manual,140,primera,150000,petrol,nissan,no,17.5
14687,189,small car,manual,60,others,90000,petrol,suzuki,yes,21.08
14688,1250,small car,manual,50,arosa,125000,petrol,seat,no,21.33
14690,1150,station wagon,manual,116,3er,150000,petrol,bmw,no,22.17
14691,999,coupe,manual,102,3er,150000,petrol,bmw,no,22.83
14692,3200,station wagon,automatic,179,a6,150000,diesel,audi,no,15.5
14694,699,limousine,manual,75,astra,150000,petrol,opel,yes,19.92
14695,6990,small car,manual,87,corsa,60000,petrol,opel,no,9.0
14697,2000,limousine,manual,125,a4,150000,petrol,audi,no,22.92
14699,18500,station wagon,manual,140,passat,50000,diesel,volkswagen,no,4.33
14701,4999,station wagon,manual,193,5er,150000,diesel,bmw,no,14.08
14702,2500,limousine,manual,150,3er,150000,petrol,bmw,no,21.42
14703,11699,cabrio,manual,110,megane,60000,petrol,renault,no,7.75
14704,3500,station wagon,manual,163,5er,150000,diesel,bmw,no,17.92
14705,2100,bus,manual,97,zafira,150000,cng,opel,no,13.5
14706,350,station wagon,automatic,193,c_klasse,150000,petrol,mercedes_benz,yes,20.17
14707,1890,limousine,manual,98,3_reihe,150000,petrol,mazda,no,17.17
14709,1000,limousine,manual,150,escort,150000,petrol,ford,yes,26.08
14710,4200,bus,manual,101,c_max,150000,petrol,ford,no,13.75
14711,7400,suv,manual,109,others,125000,diesel,ford,no,16.83
14712,1990,station wagon,manual,101,focus,150000,petrol,ford,no,14.25
14713,2500,small car,manual,60,ka,70000,petrol,ford,no,13.33
14717,1199,limousine,manual,103,golf,150000,petrol,volkswagen,yes,19.42
14718,23000,limousine,automatic,286,5er,150000,diesel,bmw,no,11.0
14721,899,station wagon,manual,116,vectra,150000,petrol,opel,no,21.0
14722,1850,small car,manual,75,a2,150000,diesel,audi,no,17.42
14726,1400,small car,manual,60,polo,90000,petrol,volkswagen,no,20.25
14727,1500,small car,manual,75,golf,150000,petrol,volkswagen,no,21.75
14728,6300,station wagon,automatic,164,e_klasse,150000,petrol,mercedes_benz,no,15.33
14731,1050,limousine,manual,100,focus,150000,petrol,ford,no,20.0
14734,1350,small car,manual,50,lupo,150000,petrol,volkswagen,no,17.08
14735,1800,limousine,manual,113,80,70000,petrol,audi,no,31.42
14737,899,station wagon,manual,116,focus,150000,petrol,ford,no,18.08
14738,8399,station wagon,manual,140,a3,125000,diesel,audi,no,12.0
14739,2300,coupe,manual,130,a3,150000,diesel,audi,no,17.33
14740,10900,limousine,manual,170,5er,125000,petrol,bmw,no,12.0
14741,1100,small car,manual,50,lupo,150000,petrol,volkswagen,no,16.67
14742,10500,bus,automatic,140,touran,40000,diesel,volkswagen,no,5.42
14743,2300,limousine,manual,125,octavia,125000,petrol,skoda,no,18.42
14744,2500,bus,manual,110,note,150000,petrol,nissan,no,12.92
14745,2800,station wagon,manual,107,scenic,70000,petrol,renault,no,15.25
14746,2990,limousine,automatic,116,e_klasse,30000,diesel,mercedes_benz,no,16.17
14747,2250,small car,manual,61,fortwo,150000,petrol,smart,no,13.17
14748,10930,cabrio,manual,116,cooper,80000,petrol,mini,no,11.42
14750,849,limousine,manual,75,golf,150000,petrol,volkswagen,yes,18.42
14753,800,limousine,manual,75,civic,150000,petrol,honda,no,21.58
14754,13500,suv,automatic,174,touareg,150000,diesel,volkswagen,no,11.83
14755,2100,coupe,manual,113,others,150000,petrol,audi,no,29.67
14757,500,small car,manual,54,corsa,150000,petrol,opel,no,19.5
14758,2600,limousine,manual,75,golf,150000,petrol,volkswagen,no,17.75
14759,12900,limousine,manual,136,1er,60000,petrol,bmw,no,7.75
14760,850,others,manual,116,focus,150000,petrol,ford,no,19.75
14761,6000,limousine,manual,80,golf,125000,petrol,volkswagen,no,11.0
14762,4000,suv,manual,114,x_trail,150000,diesel,nissan,no,15.83
14765,5999,limousine,manual,185,golf,150000,diesel,volkswagen,yes,17.0
14766,12000,bus,manual,111,transporter,150000,petrol,volkswagen,no,28.42
14767,4499,limousine,manual,125,astra,90000,petrol,opel,no,13.92
14768,12100,limousine,automatic,170,e_klasse,30000,diesel,mercedes_benz,no,9.0
14769,2250,small car,manual,101,polo,150000,petrol,volkswagen,no,16.75
14770,499,small car,manual,45,polo,125000,petrol,volkswagen,yes,25.42
14772,2199,limousine,manual,174,golf,150000,petrol,volkswagen,no,24.0
14773,2250,station wagon,manual,136,c5,150000,diesel,citroen,no,13.83
14774,1800,station wagon,manual,90,80,125000,petrol,audi,no,25.25
14775,2950,limousine,manual,101,focus,150000,petrol,ford,no,13.25
14776,1700,small car,manual,54,fabia,150000,petrol,skoda,no,13.17
14781,3950,bus,manual,122,vito,150000,diesel,mercedes_benz,no,15.42
14782,250,small car,manual,55,2_reihe,150000,petrol,peugeot,yes,19.25
14783,9690,small car,automatic,84,fortwo,40000,petrol,smart,no,5.67
14786,6500,station wagon,manual,211,850,150000,petrol,volvo,no,22.25
14787,8300,station wagon,automatic,177,5er,150000,diesel,bmw,no,13.17
14788,3390,small car,manual,68,aygo,100000,petrol,toyota,no,10.83
14790,12599,suv,automatic,205,x_reihe,150000,diesel,bmw,no,13.58
14793,17000,suv,automatic,184,others,60000,diesel,hyundai,no,6.92
14794,1200,small car,manual,58,corsa,150000,petrol,opel,no,17.58
14796,4499,small car,automatic,75,polo,80000,petrol,volkswagen,no,15.58
14800,1500,station wagon,manual,75,civic,150000,petrol,honda,no,17.25
14803,14700,suv,automatic,224,m_klasse,150000,diesel,mercedes_benz,no,12.17
14805,1950,small car,manual,75,corsa,150000,petrol,opel,no,15.5
14806,14750,cabrio,manual,184,cooper,70000,petrol,mini,no,8.92
14807,10500,coupe,manual,174,cooper,80000,petrol,mini,no,9.25
14810,1600,limousine,manual,110,a3,150000,diesel,audi,yes,19.5
14812,1449,small car,manual,58,corsa,150000,petrol,opel,no,18.92
14815,13500,station wagon,manual,143,3er,90000,petrol,bmw,no,9.75
14818,5000,bus,manual,131,sharan,150000,diesel,volkswagen,no,14.83
14820,199,station wagon,automatic,136,omega,150000,petrol,opel,yes,22.83
14821,1400,station wagon,manual,144,omega,150000,petrol,opel,no,15.0
14822,600,small car,automatic,75,golf,125000,petrol,volkswagen,no,23.75
14823,350,limousine,manual,90,megane,150000,petrol,renault,yes,19.5
14824,4550,limousine,manual,143,3er,150000,petrol,bmw,no,16.92
14825,3699,cabrio,manual,136,3_reihe,150000,petrol,peugeot,no,14.83
14831,1150,limousine,manual,75,golf,150000,petrol,volkswagen,no,21.0
14832,4000,cabrio,manual,131,megane,150000,diesel,renault,no,12.42
14834,7890,limousine,manual,122,1er,150000,petrol,bmw,no,10.67
14835,780,limousine,automatic,125,a_klasse,150000,petrol,mercedes_benz,no,18.5
14836,9999,limousine,automatic,160,outlander,90000,petrol,mitsubishi,no,12.17
14837,13500,limousine,manual,160,golf,80000,petrol,volkswagen,no,8.75
14838,700,small car,automatic,110,a3,150000,diesel,audi,yes,19.08
14841,2400,small car,manual,60,corsa,150000,petrol,opel,no,13.5
14842,5850,cabrio,automatic,220,a4,150000,petrol,audi,no,15.25
14843,16500,suv,automatic,280,touareg,150000,petrol,volkswagen,no,9.17
14844,6900,cabrio,manual,179,tt,150000,petrol,audi,no,13.5
14845,15950,suv,automatic,185,xc_reihe,150000,diesel,volvo,no,10.92
14846,21900,station wagon,manual,136,viano,125000,diesel,mercedes_benz,no,6.5
14847,900,limousine,manual,90,a3,150000,diesel,audi,no,21.33
14849,3900,small car,manual,61,fortwo,80000,petrol,smart,no,11.5
14853,2100,small car,manual,60,arosa,125000,petrol,seat,no,15.58
14854,4100,limousine,manual,143,3er,150000,petrol,bmw,no,16.5
14858,1950,small car,manual,102,3er,125000,petrol,bmw,no,21.17
14860,900,small car,manual,58,clio,150000,petrol,renault,no,18.67
14861,4799,small car,manual,60,fiesta,125000,petrol,ford,no,9.58
14862,5250,station wagon,manual,143,3er,90000,petrol,bmw,no,16.17
14863,20500,limousine,manual,194,insignia,40000,diesel,opel,no,4.08
14865,900,bus,manual,126,carnival,150000,diesel,kia,yes,17.5
14866,3000,limousine,manual,115,golf,150000,petrol,volkswagen,no,19.0
14868,6700,bus,manual,129,sprinter,150000,diesel,mercedes_benz,no,16.83
14870,800,small car,manual,60,ka,125000,petrol,ford,no,16.67
14871,950,station wagon,manual,116,3er,150000,petrol,bmw,no,23.92
14873,2280,small car,manual,26,601,60000,petrol,trabant,no,33.0
14874,3090,cabrio,manual,110,mx_reihe,125000,petrol,mazda,no,20.58
14875,2700,small car,manual,75,c2,125000,petrol,citroen,no,15.0
14876,180,small car,manual,45,corsa,150000,petrol,opel,yes,22.17
14880,3499,station wagon,manual,126,850,150000,petrol,volvo,no,22.33
14882,9900,cabrio,automatic,163,slk,150000,petrol,mercedes_benz,no,15.0
14883,6850,limousine,manual,122,1er,150000,diesel,bmw,no,13.92
14884,14986,cabrio,automatic,204,boxster,125000,petrol,porsche,no,20.33
14885,1199,station wagon,manual,115,focus,150000,petrol,ford,no,19.58
14886,4000,limousine,manual,140,octavia,150000,diesel,skoda,no,14.58
14887,2390,station wagon,manual,120,megane,150000,diesel,renault,no,13.25
14888,1350,limousine,automatic,75,golf,150000,petrol,volkswagen,no,21.58
14890,13500,small car,automatic,105,polo,30000,petrol,volkswagen,no,5.08
14892,1300,small car,manual,64,polo,150000,petrol,volkswagen,yes,17.42
14894,6200,limousine,manual,99,civic,150000,petrol,honda,no,10.0
14895,2450,limousine,manual,150,a3,150000,petrol,audi,no,19.42
14896,13800,limousine,manual,122,golf,60000,petrol,volkswagen,no,7.92
14897,399,small car,manual,54,corsa,150000,petrol,opel,no,22.5
14898,5999,small car,automatic,80,corsa,40000,petrol,opel,no,11.83
14899,10850,suv,manual,177,rav,80000,diesel,toyota,no,12.33
14902,350,station wagon,manual,112,others,150000,petrol,volvo,no,26.92
14903,10500,cabrio,manual,163,slk,150000,petrol,mercedes_benz,no,12.33
14906,350,small car,manual,60,corsa,150000,petrol,opel,no,23.17
14909,16900,limousine,manual,265,a3,150000,petrol,audi,no,10.67
14910,14600,station wagon,automatic,170,c_klasse,150000,diesel,mercedes_benz,no,8.92
14911,10990,limousine,manual,85,a1,90000,petrol,audi,no,8.92
14912,22500,limousine,manual,150,golf,20000,diesel,volkswagen,no,3.08
14913,12900,limousine,manual,140,a3,125000,diesel,audi,no,9.92
14916,6545,small car,manual,68,aygo,50000,petrol,toyota,no,7.0
14919,1790,limousine,manual,150,3er,150000,petrol,bmw,no,19.42
14920,2950,cabrio,manual,115,3er,150000,petrol,bmw,no,24.75
14921,1299,coupe,manual,193,clk,150000,petrol,mercedes_benz,no,20.25
14922,3999,station wagon,manual,109,others,90000,lpg,chevrolet,yes,7.0
14924,1600,bus,manual,101,others,150000,diesel,mazda,no,16.5
14925,8500,station wagon,manual,106,clio,100000,diesel,renault,no,7.33
14927,1400,station wagon,manual,179,a6,150000,diesel,audi,yes,18.67
14928,18900,small car,automatic,102,fortwo,10000,petrol,smart,no,4.17
14929,27000,suv,manual,170,q5,60000,diesel,audi,no,6.67
14930,2800,small car,manual,75,corsa,150000,petrol,opel,no,14.33
14931,32950,station wagon,automatic,313,a6,100000,diesel,audi,no,6.42
14933,24300,station wagon,manual,110,a3,10000,diesel,audi,no,3.5
14934,2699,suv,manual,150,others,150000,diesel,hyundai,no,16.08
14937,6790,small car,manual,90,jazz,80000,petrol,honda,no,8.92
14938,6800,station wagon,automatic,184,signum,150000,diesel,opel,no,12.25
14940,560,limousine,manual,101,a4,150000,petrol,audi,no,22.75
14943,2690,station wagon,manual,144,omega,150000,petrol,opel,no,14.25
14944,999,small car,manual,60,fiesta,150000,petrol,ford,no,18.0
14945,7500,limousine,automatic,177,a6,150000,petrol,audi,no,12.92
14947,3200,station wagon,manual,136,passat,150000,diesel,volkswagen,no,14.92
14948,3900,station wagon,manual,141,6_reihe,150000,petrol,mazda,no,15.75
14949,16900,station wagon,manual,125,golf,20000,petrol,volkswagen,no,4.92
14950,7480,station wagon,manual,75,clio,20000,petrol,renault,no,6.25
14951,4300,station wagon,manual,135,megane,150000,petrol,renault,no,12.67
14953,999,station wagon,manual,125,passat,150000,petrol,volkswagen,no,20.0
14956,12500,station wagon,automatic,197,5er,150000,diesel,bmw,no,11.25
14957,3990,small car,manual,54,polo,150000,petrol,volkswagen,no,13.33
14958,8899,station wagon,automatic,185,xc_reihe,150000,diesel,volvo,no,11.33
14959,18900,suv,automatic,224,m_klasse,150000,diesel,mercedes_benz,no,11.5
14960,950,small car,manual,58,twingo,100000,petrol,renault,no,20.08
14963,2200,cabrio,automatic,61,fortwo,90000,petrol,smart,yes,15.75
14964,16900,coupe,manual,100,others,80000,petrol,opel,no,45.0
14966,13950,suv,automatic,197,santa,150000,diesel,hyundai,no,7.5
14967,799,small car,manual,55,corsa,150000,petrol,opel,no,20.33
14968,5999,bus,manual,102,transporter,150000,diesel,volkswagen,no,21.67
14969,399,station wagon,manual,105,v40,150000,petrol,volvo,no,20.58
14971,38999,station wagon,automatic,184,3er,20000,diesel,bmw,no,3.25
14972,2750,small car,manual,109,3_reihe,150000,petrol,peugeot,no,15.25
14973,2000,small car,manual,54,polo,150000,petrol,volkswagen,no,15.08
14974,1290,others,manual,54,kangoo,125000,diesel,renault,no,16.83
14977,2500,cabrio,automatic,72,astra,150000,petrol,opel,no,24.0
14979,39900,limousine,automatic,326,m_reihe,5000,petrol,bmw,no,3.92
14980,2350,cabrio,manual,95,ka,150000,petrol,ford,no,14.17
14981,600,limousine,manual,101,others,150000,diesel,rover,yes,19.5
14984,7250,coupe,manual,170,3er,150000,petrol,bmw,no,15.83
14986,8500,limousine,automatic,170,superb,150000,diesel,skoda,no,9.17
14987,1000,limousine,manual,113,3er,150000,petrol,bmw,no,26.58
14988,650,limousine,manual,173,others,150000,petrol,hyundai,no,13.42
14990,5999,cabrio,manual,26,601,60000,petrol,trabant,no,41.58
14991,3400,small car,manual,60,ibiza,40000,petrol,seat,no,10.33
14992,2550,small car,manual,75,polo,150000,petrol,volkswagen,no,13.75
14994,11399,coupe,manual,200,tt,150000,petrol,audi,no,10.33
14995,6300,station wagon,manual,110,passat,150000,diesel,volkswagen,yes,9.58
14996,550,small car,manual,45,corsa,150000,petrol,opel,no,22.67
14997,6999,station wagon,manual,160,octavia,150000,petrol,skoda,no,10.0
14998,1600,bus,manual,174,sharan,150000,petrol,volkswagen,no,22.5
14999,2400,small car,manual,80,corsa,125000,petrol,opel,no,12.5
15003,40800,coupe,automatic,245,a5,50000,diesel,audi,no,4.25
15004,1200,station wagon,manual,131,3_reihe,150000,diesel,peugeot,yes,15.33
15005,44900,suv,automatic,245,touareg,70000,diesel,volkswagen,no,4.33
15008,60000,cabrio,automatic,385,911,80000,petrol,porsche,no,9.58
15009,1700,small car,manual,75,polo,150000,petrol,volkswagen,no,23.08
15010,3499,small car,manual,54,panda,20000,petrol,fiat,no,9.83
15011,5500,suv,automatic,184,x_reihe,150000,diesel,bmw,no,15.83
15012,899,small car,manual,45,1_reihe,150000,petrol,peugeot,no,22.75
15014,1849,limousine,manual,75,golf,150000,petrol,volkswagen,no,19.0
15015,2800,limousine,manual,165,a6,150000,petrol,audi,no,21.42
15017,4680,cabrio,automatic,150,others,150000,petrol,audi,no,23.83
15018,13999,cabrio,manual,177,1er,90000,diesel,bmw,no,10.67
15019,1990,limousine,manual,122,c_klasse,150000,petrol,mercedes_benz,no,22.75
15020,650,station wagon,manual,111,others,150000,petrol,volvo,yes,23.67
15021,24990,limousine,automatic,232,a8,80000,diesel,audi,no,9.92
15022,200,bus,manual,130,voyager,150000,petrol,chrysler,yes,20.58
15023,6790,station wagon,manual,101,focus,80000,petrol,ford,no,9.33
15027,799,limousine,manual,105,3er,150000,petrol,bmw,yes,18.25
15028,6500,cabrio,manual,140,astra,90000,petrol,opel,no,11.17
15029,109000,bus,automatic,224,others,150000,diesel,mercedes_benz,no,12.75
15031,5755,station wagon,manual,120,a4,125000,diesel,audi,no,10.0
15032,12500,suv,manual,163,i_reihe,150000,petrol,hyundai,no,7.5
15033,1300,station wagon,manual,150,a4,150000,petrol,audi,no,21.58
15038,5750,station wagon,manual,105,golf,150000,diesel,volkswagen,no,9.92
15039,444,bus,manual,68,transporter,150000,diesel,volkswagen,no,24.33
15041,5700,limousine,manual,109,i_reihe,40000,petrol,hyundai,no,9.67
15042,9800,station wagon,manual,200,a3,100000,petrol,audi,no,13.08
15043,1100,limousine,automatic,179,a6,150000,diesel,audi,yes,18.33
15045,7399,station wagon,manual,140,touran,150000,diesel,volkswagen,no,7.58
15046,5700,limousine,manual,143,c_klasse,150000,petrol,mercedes_benz,no,14.33
15047,19999,limousine,manual,143,3er,50000,diesel,bmw,no,6.17
15048,1550,station wagon,manual,136,4_reihe,150000,petrol,peugeot,no,17.25
15049,14800,bus,manual,147,verso,60000,petrol,toyota,no,5.25
15052,600,limousine,manual,170,mondeo,150000,petrol,ford,yes,20.83
15053,2600,limousine,manual,101,golf,150000,diesel,volkswagen,no,14.33
15055,28500,coupe,automatic,204,a5,60000,diesel,audi,no,7.75
15056,4000,limousine,manual,150,e_klasse,150000,diesel,mercedes_benz,no,16.42
15057,1800,station wagon,manual,101,focus,125000,petrol,ford,no,18.75
15058,6850,station wagon,manual,170,v70,150000,petrol,volvo,no,17.92
15059,3990,small car,manual,77,others,100000,petrol,fiat,no,9.25
15063,750,small car,manual,60,clio,150000,petrol,renault,no,19.08
15065,5900,limousine,manual,170,golf,70000,petrol,volkswagen,no,11.5
15066,1600,station wagon,manual,75,golf,150000,petrol,volkswagen,no,22.42
15067,7500,bus,manual,102,v_klasse,150000,diesel,mercedes_benz,no,16.42
15068,5000,limousine,manual,109,ceed,60000,petrol,kia,no,10.75
15070,2500,small car,manual,75,modus,70000,petrol,renault,no,13.33
15072,1500,station wagon,automatic,170,mondeo,150000,petrol,ford,yes,12.0
15073,7300,small car,manual,86,i_reihe,40000,petrol,hyundai,no,5.92
15074,2300,limousine,automatic,129,c_klasse,125000,petrol,mercedes_benz,yes,18.92
15075,1650,limousine,manual,135,e_klasse,150000,petrol,mercedes_benz,no,20.58
15076,1999,limousine,manual,163,c_klasse,150000,petrol,mercedes_benz,no,17.25
15077,3800,small car,manual,95,others,80000,petrol,fiat,no,11.5
15081,7500,small car,manual,131,ibiza,50000,diesel,seat,no,11.08
15082,18500,small car,manual,90,rio,5000,diesel,kia,no,2.25
15084,1000,small car,manual,60,lupo,150000,petrol,volkswagen,no,17.67
15085,399,small car,manual,60,golf,150000,petrol,volkswagen,no,26.08
15088,2650,bus,manual,107,scenic,125000,petrol,renault,no,16.92
15089,950,small car,manual,50,lupo,150000,petrol,volkswagen,no,19.67
15090,3000,station wagon,manual,116,focus,150000,diesel,ford,no,15.08
15091,1050,small car,manual,58,twingo,150000,petrol,renault,no,14.67
15092,16500,bus,automatic,179,transporter,150000,diesel,volkswagen,no,6.42
15093,3400,station wagon,manual,120,vectra,150000,diesel,opel,no,12.42
15094,11500,limousine,automatic,156,outlander,150000,diesel,mitsubishi,no,10.0
15096,1500,small car,manual,50,lupo,150000,petrol,volkswagen,no,16.0
15098,590,small car,manual,60,punto,125000,petrol,fiat,no,18.42
15099,10400,suv,manual,136,kuga,125000,diesel,ford,no,8.58
15100,1999,limousine,manual,101,bora,150000,petrol,volkswagen,no,19.75
15101,11500,station wagon,automatic,190,e_klasse,150000,diesel,mercedes_benz,no,10.75
15102,1250,cabrio,manual,95,megane,150000,petrol,renault,no,19.58
15103,1690,limousine,manual,116,carisma,150000,diesel,mitsubishi,no,14.75
15105,3500,limousine,manual,163,c_klasse,150000,lpg,mercedes_benz,no,18.83
15106,8600,station wagon,manual,116,i_reihe,80000,diesel,hyundai,no,7.33
15109,8500,cabrio,manual,69,500,30000,petrol,fiat,no,7.75
15110,5450,cabrio,automatic,54,fortwo,100000,diesel,smart,no,8.25
15112,649,station wagon,manual,75,astra,150000,petrol,opel,no,20.42
15113,2150,station wagon,manual,100,focus,150000,petrol,ford,no,18.33
15114,1250,limousine,manual,170,3er,150000,petrol,bmw,yes,17.08
15115,12900,limousine,automatic,105,golf,60000,diesel,volkswagen,no,7.67
15116,25000,limousine,automatic,156,others,20000,petrol,mercedes_benz,no,5.58
15117,600,small car,manual,54,corsa,125000,petrol,opel,no,20.42
15119,12567,limousine,automatic,250,golf,150000,petrol,volkswagen,no,10.75
15120,4777,limousine,manual,105,leon,150000,diesel,seat,no,13.0
15122,16950,station wagon,automatic,204,3er,125000,diesel,bmw,no,8.83
15124,9950,small car,manual,105,ibiza,60000,petrol,seat,no,5.17
15125,500,small car,manual,58,corsa,150000,petrol,opel,yes,17.58
15128,4200,small car,manual,90,golf,150000,petrol,volkswagen,no,14.33
15129,4390,station wagon,manual,150,astra,150000,diesel,opel,no,15.0
15130,1600,station wagon,automatic,224,e_klasse,150000,petrol,mercedes_benz,no,20.92
15131,500,limousine,manual,90,80,150000,petrol,audi,yes,29.83
15132,150,small car,manual,60,corsa,150000,petrol,opel,yes,25.75
15133,5950,bus,automatic,150,espace,90000,diesel,renault,no,13.33
15134,11900,station wagon,manual,102,caddy,50000,diesel,volkswagen,no,5.5
15135,6250,limousine,automatic,140,golf,150000,diesel,volkswagen,no,15.0
15136,32900,limousine,automatic,300,golf,30000,petrol,volkswagen,no,4.42
15139,14900,cabrio,manual,160,a3,80000,petrol,audi,no,10.58
15140,2700,limousine,automatic,82,a_klasse,70000,petrol,mercedes_benz,no,18.83
15143,4100,limousine,manual,105,astra,125000,petrol,opel,no,12.42
15144,1250,bus,manual,98,scenic,150000,diesel,renault,no,19.33
15145,17750,limousine,manual,150,golf,20000,diesel,volkswagen,no,3.17
15146,1490,limousine,manual,116,mondeo,150000,petrol,ford,no,20.75
15147,35990,suv,automatic,179,kuga,10000,diesel,ford,no,3.83
15149,2400,station wagon,manual,184,3er,150000,diesel,bmw,no,17.42
15150,36900,coupe,automatic,160,others,70000,petrol,mercedes_benz,no,49.42
15151,16500,limousine,manual,281,golf,90000,petrol,volkswagen,no,7.67
15152,6490,limousine,automatic,286,7er,150000,petrol,bmw,no,22.5
15155,800,station wagon,manual,101,focus,150000,petrol,ford,yes,18.5
15156,1400,small car,manual,75,sandero,100000,petrol,dacia,no,7.42
15157,2500,limousine,manual,286,7er,150000,petrol,bmw,yes,22.92
15158,2800,coupe,automatic,218,clk,150000,petrol,mercedes_benz,yes,19.0
15161,100,small car,manual,54,punto,150000,petrol,fiat,no,20.83
15162,9500,limousine,automatic,105,golf,150000,diesel,volkswagen,no,7.33
15163,2489,coupe,manual,136,clk,150000,petrol,mercedes_benz,no,19.0
15164,1350,limousine,manual,101,passat,150000,petrol,volkswagen,no,21.5
15165,15500,suv,manual,135,sportage,70000,petrol,kia,no,4.08
15167,2250,small car,manual,102,a_klasse,150000,petrol,mercedes_benz,no,19.92
15169,3000,limousine,manual,129,c_klasse,125000,petrol,mercedes_benz,no,17.58
15170,6200,limousine,manual,129,1er,150000,petrol,bmw,no,13.58
15171,21999,limousine,automatic,245,7er,150000,diesel,bmw,no,9.92
15172,2600,limousine,manual,136,others,150000,petrol,mercedes_benz,no,18.17
15173,6200,station wagon,manual,140,a4,150000,diesel,audi,no,15.0
15175,400,small car,manual,60,corsa,125000,petrol,opel,yes,22.58
15176,6000,station wagon,manual,140,a4,150000,diesel,audi,no,12.92
15177,6899,limousine,manual,102,golf,150000,petrol,volkswagen,no,11.75
15179,4200,others,manual,105,touran,150000,diesel,volkswagen,no,13.83
15180,2700,small car,manual,75,polo,150000,petrol,volkswagen,no,26.5
15181,1299,small car,manual,90,tigra,125000,petrol,opel,no,21.67
15182,9500,limousine,automatic,272,5er,150000,diesel,bmw,no,14.92
15183,1200,station wagon,manual,136,3er,150000,petrol,bmw,yes,18.33
15184,1500,bus,manual,144,carnival,150000,diesel,kia,no,12.83
15187,3999,station wagon,manual,150,3er,150000,diesel,bmw,no,14.42
15189,5200,suv,manual,112,freelander,150000,diesel,land_rover,no,13.75
15190,14500,cabrio,manual,140,a3,80000,diesel,audi,no,10.58
15192,12400,cabrio,manual,136,c_reihe,150000,diesel,volvo,no,10.42
15194,2200,bus,automatic,110,transporter,150000,petrol,volkswagen,no,23.58
15197,7650,limousine,manual,122,golf,125000,petrol,volkswagen,no,9.5
15198,3350,limousine,manual,131,bora,150000,diesel,volkswagen,no,15.75
15199,8000,station wagon,automatic,150,passat,150000,diesel,volkswagen,no,16.75
15200,18999,cabrio,automatic,326,sl,150000,petrol,mercedes_benz,no,27.33
15201,7200,bus,automatic,204,transporter,150000,petrol,volkswagen,no,17.5
15204,1000,station wagon,manual,150,passat,150000,diesel,volkswagen,no,18.58
15205,3700,small car,automatic,68,c1,80000,petrol,citroen,no,10.25
15207,2100,limousine,manual,80,polo,150000,diesel,volkswagen,no,13.67
15208,950,limousine,manual,45,polo,90000,petrol,volkswagen,no,21.75
15209,11900,station wagon,automatic,152,avensis,125000,petrol,toyota,no,9.5
15210,3900,limousine,automatic,194,others,150000,petrol,mercedes_benz,no,41.42
15211,2500,limousine,automatic,147,vectra,150000,petrol,opel,no,16.83
15212,3500,cabrio,manual,125,astra,150000,lpg,opel,no,15.5
15213,2900,station wagon,manual,145,focus,150000,petrol,ford,no,13.92
15214,18490,limousine,manual,110,golf,5000,petrol,volkswagen,no,3.25
15215,5100,small car,manual,77,punto,90000,petrol,fiat,no,8.75
15217,6500,bus,manual,102,touran,150000,petrol,volkswagen,no,11.08
15218,5500,cabrio,manual,116,astra,125000,petrol,opel,no,10.25
15221,2500,station wagon,automatic,193,5er,150000,diesel,bmw,no,18.83
15222,3700,bus,manual,131,galaxy,150000,diesel,ford,no,14.83
15223,3599,limousine,manual,131,x_type,150000,diesel,jaguar,no,16.0
15227,14000,bus,manual,145,galaxy,90000,petrol,ford,no,9.5
15228,1600,station wagon,automatic,155,a6,150000,diesel,audi,no,16.08
15230,10950,limousine,manual,141,qashqai,125000,petrol,nissan,no,9.17
15231,5700,station wagon,manual,131,a4,125000,petrol,audi,no,15.83
15232,8400,limousine,automatic,109,c4,150000,diesel,citroen,no,10.67
15233,19000,suv,automatic,235,x_reihe,150000,diesel,bmw,no,9.5
15234,1450,station wagon,manual,125,octavia,150000,petrol,skoda,no,19.25
15235,3550,bus,manual,125,zafira,150000,lpg,opel,no,15.5
15236,15500,coupe,manual,163,a5,150000,diesel,audi,no,9.75
15239,4190,limousine,manual,109,i_reihe,150000,petrol,hyundai,no,9.42
15241,9490,limousine,manual,140,a3,150000,diesel,audi,no,9.75
15242,13950,coupe,manual,280,others,100000,petrol,nissan,no,14.25
15243,34000,cabrio,automatic,333,others,40000,petrol,audi,no,7.25
15244,100,small car,manual,75,golf,150000,petrol,volkswagen,no,24.25
15245,6999,coupe,manual,143,c_klasse,150000,petrol,mercedes_benz,no,14.5
15246,3600,limousine,manual,125,astra,150000,petrol,opel,no,15.0
15247,12600,limousine,manual,140,golf,125000,diesel,volkswagen,no,8.0
15248,1200,station wagon,manual,116,passat,150000,diesel,volkswagen,no,18.42
15249,800,small car,manual,65,corsa,150000,petrol,opel,no,18.83
15251,1950,small car,manual,58,corsa,150000,petrol,opel,no,14.08
15253,2750,limousine,manual,98,almera,125000,petrol,nissan,no,14.58
15256,1850,limousine,manual,75,golf,150000,petrol,volkswagen,no,16.5
15258,950,station wagon,manual,116,vectra,125000,petrol,opel,yes,21.67
15259,1399,small car,manual,50,lupo,150000,petrol,volkswagen,no,19.33
15260,7545,limousine,manual,129,3er,150000,petrol,bmw,no,12.58
15261,4490,bus,automatic,116,touran,150000,petrol,volkswagen,no,15.75
15262,7600,limousine,manual,163,3er,150000,diesel,bmw,no,14.0
15263,600,small car,automatic,75,polo,150000,petrol,volkswagen,no,22.08
15264,9990,station wagon,manual,143,a4,150000,diesel,audi,no,10.67
15265,10800,limousine,manual,102,golf,60000,petrol,volkswagen,no,9.92
15266,1790,small car,automatic,54,fortwo,125000,petrol,smart,no,19.25
15268,1990,small car,manual,64,forfour,150000,petrol,smart,no,14.0
15269,3499,small car,manual,90,beetle,150000,diesel,volkswagen,no,17.5
15270,3280,bus,manual,200,others,150000,petrol,chevrolet,no,29.75
15272,9500,bus,manual,90,note,30000,diesel,nissan,no,5.17
15273,3400,small car,manual,84,punto,150000,diesel,fiat,yes,6.25
15276,14900,cabrio,automatic,231,3er,150000,diesel,bmw,no,10.08
15277,2750,bus,automatic,116,galaxy,150000,diesel,ford,no,16.83
15278,1490,small car,manual,58,cuore,150000,petrol,daihatsu,no,11.33
15279,2400,small car,manual,101,vectra,150000,petrol,opel,no,20.33
15280,4400,small car,automatic,71,fortwo,90000,petrol,smart,no,7.25
15281,500,limousine,manual,90,80,150000,petrol,audi,yes,30.17
15282,5850,limousine,manual,143,c_klasse,150000,petrol,mercedes_benz,no,14.92
15285,2490,small car,manual,67,matiz,100000,petrol,chevrolet,no,12.08
15286,1000,limousine,manual,170,3er,150000,petrol,bmw,no,22.83
15287,990,limousine,manual,80,stilo,150000,petrol,fiat,no,17.0
15289,6890,limousine,manual,105,golf,150000,diesel,volkswagen,no,8.08
15290,5290,small car,manual,82,fiesta,100000,petrol,ford,no,9.67
15293,8900,station wagon,manual,163,c_klasse,150000,petrol,mercedes_benz,no,11.42
15294,3200,bus,manual,84,doblo,150000,diesel,fiat,no,11.0
15296,1000,coupe,manual,105,3er,150000,petrol,bmw,no,18.58
15297,11500,coupe,automatic,306,clk,150000,petrol,mercedes_benz,no,17.0
15298,4800,bus,manual,102,transporter,150000,diesel,volkswagen,no,22.5
15299,1490,small car,manual,75,clio,150000,petrol,renault,no,15.42
15300,2700,station wagon,manual,143,3er,150000,petrol,bmw,no,16.08
15301,20000,coupe,automatic,180,ibiza,30000,petrol,seat,no,4.33
15302,680,small car,manual,60,ka,125000,petrol,ford,no,11.67
15303,5750,limousine,manual,95,a_klasse,125000,petrol,mercedes_benz,no,11.08
15304,13499,limousine,automatic,200,golf,150000,petrol,volkswagen,no,11.5
15306,28900,cabrio,manual,295,boxster,70000,petrol,porsche,no,10.5
15308,12300,bus,automatic,210,vito,150000,diesel,mercedes_benz,no,11.75
15309,6900,small car,manual,97,fiesta,70000,petrol,ford,no,8.42
15310,4800,bus,manual,170,others,150000,diesel,hyundai,no,10.33
15312,10000,limousine,automatic,354,e_klasse,125000,petrol,mercedes_benz,no,19.0
15313,3600,station wagon,manual,110,astra,150000,diesel,opel,no,11.92
15314,2549,small car,automatic,80,micra,150000,petrol,nissan,no,15.83
15316,2400,bus,manual,75,berlingo,150000,diesel,citroen,no,10.08
15317,1900,limousine,manual,147,vectra,150000,petrol,opel,no,16.92
15318,12900,limousine,manual,105,golf,60000,diesel,volkswagen,no,6.33
15319,2250,small car,manual,67,matiz,150000,lpg,chevrolet,no,12.58
15320,14700,bus,manual,151,transporter,150000,diesel,volkswagen,no,15.25
15323,2500,small car,manual,68,c2,150000,diesel,citroen,no,12.5
15324,4444,coupe,automatic,150,e_klasse,150000,petrol,mercedes_benz,no,23.42
15329,3350,bus,manual,68,transporter,150000,diesel,volkswagen,no,17.25
15330,12750,coupe,manual,128,i_reihe,70000,diesel,hyundai,no,5.42
15332,2500,station wagon,manual,160,156,150000,petrol,alfa_romeo,no,14.0
15333,1650,small car,manual,135,golf,150000,petrol,volkswagen,no,19.83
15334,1700,small car,manual,80,corsa,125000,petrol,opel,yes,12.83
15335,2900,bus,manual,101,meriva,150000,petrol,opel,no,13.25
15336,1850,station wagon,manual,150,5er,150000,petrol,bmw,no,20.5
15337,500,limousine,manual,116,vectra,150000,petrol,opel,no,21.67
15338,18500,station wagon,manual,170,superb,80000,diesel,skoda,no,7.33
15340,1600,station wagon,manual,75,golf,150000,petrol,volkswagen,no,21.5
15341,640,limousine,manual,90,civic,125000,petrol,honda,no,22.0
15342,2100,bus,manual,101,zafira,150000,diesel,opel,no,16.33
15343,1900,small car,manual,180,a3,150000,petrol,audi,no,19.92
15344,2350,station wagon,manual,150,a4,150000,petrol,audi,no,20.0
15345,4000,coupe,manual,192,rx_reihe,90000,petrol,mazda,no,12.42
15348,21299,station wagon,automatic,184,leon,40000,diesel,seat,no,4.58
15349,12300,small car,manual,99,others,20000,petrol,hyundai,no,4.75
15350,5500,cabrio,manual,170,z_reihe,150000,lpg,bmw,no,18.58
15351,950,limousine,manual,100,vectra,150000,petrol,opel,no,18.42
15352,6750,bus,manual,102,transporter,150000,diesel,volkswagen,no,22.33
15353,21275,limousine,manual,230,golf,80000,petrol,volkswagen,no,5.75
15354,2500,station wagon,manual,109,others,150000,petrol,chevrolet,no,12.25
15355,6999,station wagon,manual,120,2_reihe,125000,petrol,peugeot,no,9.08
15356,13800,suv,automatic,163,i_reihe,125000,petrol,hyundai,no,8.83
15358,3500,small car,manual,75,golf,150000,petrol,volkswagen,no,16.92
15359,28999,bus,automatic,192,others,20000,petrol,bmw,no,3.08
15360,4800,suv,manual,163,range_rover,150000,petrol,land_rover,no,32.75
15361,10990,limousine,manual,120,others,30000,petrol,suzuki,no,6.67
15362,20500,limousine,manual,184,5er,150000,diesel,bmw,no,6.42
15363,3800,station wagon,manual,136,others,150000,diesel,peugeot,no,11.75
15364,12990,cabrio,automatic,260,z_reihe,90000,lpg,bmw,no,14.5
15365,16800,limousine,automatic,224,others,150000,diesel,mercedes_benz,no,10.58
15366,35400,suv,automatic,170,others,20000,diesel,mercedes_benz,no,4.42
15367,500,station wagon,manual,120,omega,150000,diesel,opel,yes,18.67
15369,2222,station wagon,manual,193,5er,150000,petrol,bmw,no,21.0
15372,1550,small car,automatic,60,fortwo,125000,petrol,smart,no,17.25
15373,10900,bus,manual,70,others,80000,petrol,citroen,no,38.5
15374,1000,station wagon,manual,82,astra,150000,diesel,opel,no,19.92
15376,500,small car,manual,54,corsa,150000,petrol,opel,no,20.83
15377,8200,bus,manual,170,touran,150000,diesel,volkswagen,no,10.33
15378,65700,coupe,manual,231,911,5000,petrol,porsche,no,31.5
15379,2890,limousine,manual,110,leon,125000,diesel,seat,no,15.0
15381,3998,cabrio,manual,136,3_reihe,150000,petrol,peugeot,no,14.08
15382,1650,limousine,manual,140,v40,150000,petrol,volvo,no,20.92
15384,37400,limousine,automatic,487,c_klasse,90000,petrol,mercedes_benz,no,6.75
15385,1400,station wagon,manual,120,omega,150000,diesel,opel,no,18.0
15386,5350,limousine,manual,105,golf,150000,diesel,volkswagen,no,13.92
15387,1100,limousine,manual,94,others,150000,diesel,mercedes_benz,no,28.58
15388,550,coupe,automatic,75,astra,150000,petrol,opel,yes,19.92
15390,12000,limousine,automatic,218,7er,150000,diesel,bmw,no,14.92
15391,2700,bus,manual,125,zafira,150000,diesel,opel,no,15.33
15392,4500,station wagon,manual,170,c_klasse,150000,diesel,mercedes_benz,no,17.42
15393,14399,limousine,manual,140,golf,90000,diesel,volkswagen,no,8.25
15396,1100,station wagon,manual,75,cordoba,150000,petrol,seat,no,16.42
15397,19950,station wagon,automatic,156,c_klasse,70000,petrol,mercedes_benz,no,7.58
15398,4350,small car,manual,77,i_reihe,125000,petrol,hyundai,no,8.17
15399,5666,limousine,manual,150,golf,150000,diesel,volkswagen,no,16.17
15400,10500,bus,automatic,140,transporter,150000,lpg,volkswagen,no,20.17
15401,2200,small car,manual,54,fox,150000,petrol,volkswagen,no,11.08
15403,1199,station wagon,automatic,107,4_reihe,150000,diesel,peugeot,no,14.17
15405,8990,small car,manual,90,polo,100000,diesel,volkswagen,no,8.58
15406,6499,bus,manual,140,touran,150000,petrol,volkswagen,no,12.58
15407,950,limousine,manual,105,3er,150000,petrol,bmw,yes,19.75
15408,4900,limousine,manual,75,golf,150000,petrol,volkswagen,no,14.58
15409,9500,cabrio,manual,143,3er,100000,petrol,bmw,no,16.58
15411,24500,cabrio,automatic,328,others,20000,petrol,nissan,no,7.33
15412,17500,station wagon,automatic,163,insignia,60000,diesel,opel,no,4.83
15413,1999,cabrio,manual,73,c3,20000,petrol,citroen,no,12.42
15414,1900,limousine,manual,125,a4,150000,petrol,audi,no,21.67
15417,4600,cabrio,manual,135,megane,90000,petrol,renault,no,14.5
15419,1990,limousine,manual,150,octavia,150000,petrol,skoda,no,19.0
15420,2000,small car,manual,67,aygo,150000,petrol,toyota,no,13.83
15421,2200,station wagon,manual,75,fabia,150000,petrol,skoda,no,14.08
15422,950,small car,manual,75,ibiza,150000,petrol,seat,no,16.42
15423,4950,cabrio,manual,109,2_reihe,125000,diesel,peugeot,no,12.17
15424,7990,coupe,manual,150,clk,150000,diesel,mercedes_benz,no,13.0
15426,4000,limousine,automatic,310,a8,150000,petrol,audi,no,19.58
15428,4999,station wagon,automatic,140,passat,150000,diesel,volkswagen,no,12.25
15429,1299,small car,manual,60,2_reihe,150000,petrol,peugeot,no,20.0
15430,8000,limousine,manual,150,1er,150000,petrol,bmw,no,14.0
15431,1390,limousine,manual,75,golf,150000,petrol,volkswagen,no,20.5
15433,1200,limousine,manual,101,golf,150000,petrol,volkswagen,no,22.92
15436,3300,small car,automatic,61,fortwo,80000,petrol,smart,no,12.67
15437,12290,small car,manual,86,fabia,10000,petrol,skoda,no,3.25
15438,20500,limousine,automatic,204,a4,125000,diesel,audi,no,6.25
15439,12500,station wagon,manual,218,3er,150000,petrol,bmw,no,11.25
15440,11200,station wagon,manual,170,a4,150000,diesel,audi,no,11.33
15442,7250,limousine,manual,140,a3,150000,diesel,audi,no,13.17
15443,3650,small car,manual,90,corsa,150000,petrol,opel,no,12.33
15444,350,station wagon,manual,110,a4,150000,diesel,audi,yes,21.42
15446,19800,coupe,automatic,156,c_klasse,70000,petrol,mercedes_benz,no,7.83
15447,3200,bus,manual,131,sharan,150000,diesel,volkswagen,no,14.58
15448,1200,station wagon,manual,101,passat,150000,petrol,volkswagen,no,23.17
15455,1999,limousine,manual,136,3_reihe,150000,diesel,peugeot,no,13.25
15457,4750,station wagon,manual,125,c_max,80000,petrol,ford,no,13.25
15460,18990,station wagon,manual,160,a4,60000,petrol,audi,no,8.25
15461,1300,station wagon,manual,105,v40,150000,petrol,volvo,no,19.75
15462,14999,limousine,manual,122,b_klasse,60000,petrol,mercedes_benz,no,5.08
15463,6900,small car,manual,75,one,100000,petrol,mini,no,8.58
15466,3750,limousine,manual,105,golf,90000,petrol,volkswagen,no,17.42
15468,985,small car,manual,60,ka,125000,petrol,ford,no,14.0
15469,7399,cabrio,manual,126,mx_reihe,125000,petrol,mazda,no,12.25
15470,17000,limousine,manual,140,jetta,40000,diesel,volkswagen,no,4.25
15471,4999,bus,manual,135,others,80000,petrol,renault,no,12.25
15472,599,small car,manual,55,golf,150000,petrol,volkswagen,no,27.75
15476,4999,limousine,automatic,177,e_klasse,150000,diesel,mercedes_benz,no,15.75
15481,1150,coupe,manual,116,golf,150000,petrol,volkswagen,no,23.5
15483,750,small car,manual,60,ibiza,150000,petrol,seat,no,21.0
15486,5350,limousine,manual,109,4_reihe,100000,diesel,peugeot,no,10.42
15488,400,limousine,manual,144,omega,150000,petrol,opel,no,17.0
15490,500,small car,manual,116,colt,150000,petrol,mitsubishi,no,27.42
15492,13500,cabrio,automatic,231,sl,150000,petrol,mercedes_benz,no,24.5
15493,22989,coupe,manual,200,others,30000,petrol,peugeot,no,5.42
15494,6800,bus,automatic,116,golf,80000,petrol,volkswagen,no,12.08
15495,2650,limousine,automatic,125,e_klasse,150000,diesel,mercedes_benz,no,19.58
15496,2199,bus,manual,109,berlingo,150000,petrol,citroen,no,15.17
15498,3000,limousine,manual,170,3er,150000,petrol,bmw,yes,17.42
15499,6850,station wagon,manual,102,passat,125000,petrol,volkswagen,no,11.92
15500,450,cabrio,manual,101,golf,150000,petrol,volkswagen,yes,20.25
15501,7200,station wagon,manual,140,passat,150000,diesel,volkswagen,no,9.25
15505,1250,limousine,manual,105,others,150000,petrol,mercedes_benz,no,28.25
15507,750,others,manual,102,3er,150000,petrol,bmw,yes,21.0
15508,12900,station wagon,automatic,160,octavia,80000,petrol,skoda,no,8.33
15509,18790,suv,manual,165,cx_reihe,50000,petrol,mazda,no,6.75
15511,14950,bus,manual,140,b_klasse,100000,diesel,mercedes_benz,no,7.25
15513,850,limousine,manual,122,c_klasse,150000,petrol,mercedes_benz,yes,24.42
15516,650,small car,manual,54,micra,150000,petrol,nissan,no,22.92
15517,7350,station wagon,manual,116,focus,100000,petrol,ford,no,8.17
15518,850,bus,manual,98,others,150000,petrol,daewoo,no,18.83
15522,5000,bus,manual,116,5_reihe,125000,petrol,mazda,no,12.33
15523,8300,small car,automatic,75,citigo,40000,petrol,skoda,no,5.75
15524,7900,bus,manual,110,transporter,150000,petrol,volkswagen,no,22.58
15525,19990,station wagon,manual,170,superb,125000,diesel,skoda,no,5.08
15526,15990,limousine,manual,211,golf,80000,petrol,volkswagen,no,6.5
15528,6290,cabrio,manual,98,3_reihe,50000,petrol,peugeot,no,17.17
15530,2499,cabrio,manual,125,astra,50000,petrol,opel,no,15.25
15532,900,limousine,manual,136,e_klasse,150000,petrol,mercedes_benz,yes,22.67
15533,699,small car,manual,45,corsa,150000,petrol,opel,no,23.0
15535,799,station wagon,manual,99,primera,125000,petrol,nissan,yes,19.08
15537,6900,station wagon,manual,163,3er,150000,diesel,bmw,no,11.58
15538,5650,small car,manual,80,golf,150000,petrol,volkswagen,no,8.08
15540,4000,bus,manual,116,sharan,150000,diesel,volkswagen,no,15.58
15541,1850,limousine,manual,100,golf,150000,petrol,volkswagen,no,21.0
15543,1300,limousine,manual,90,80,150000,petrol,audi,yes,26.92
15545,8100,cabrio,automatic,71,fortwo,30000,petrol,smart,no,6.5
15548,1250,small car,manual,98,clio,150000,petrol,renault,no,16.0
15549,5500,bus,manual,86,transporter,150000,diesel,volkswagen,no,14.67
15550,600,small car,automatic,150,147,150000,petrol,alfa_romeo,yes,17.83
15551,2990,limousine,manual,147,vectra,125000,petrol,opel,no,15.08
15552,1999,station wagon,manual,107,3_reihe,150000,diesel,peugeot,no,15.33
15553,3600,limousine,manual,105,a3,150000,diesel,audi,no,15.83
15554,9700,cabrio,manual,193,z_reihe,150000,petrol,bmw,no,19.33
15555,500,small car,manual,75,clio,150000,petrol,renault,no,19.5
15556,3399,station wagon,manual,121,ptcruiser,150000,diesel,chrysler,no,13.75
15557,5500,bus,automatic,125,meriva,125000,petrol,opel,no,13.92
15558,1150,bus,manual,86,transit,150000,diesel,ford,yes,14.92
15559,1999,cabrio,automatic,55,fortwo,150000,petrol,smart,no,16.0
15560,10050,small car,manual,90,polo,40000,petrol,volkswagen,no,5.25
15561,4000,bus,manual,136,espace,150000,petrol,renault,no,15.58
15562,9500,station wagon,manual,185,v70,150000,diesel,volvo,no,12.83
15565,7000,cabrio,manual,120,2_reihe,125000,petrol,peugeot,no,11.17
15566,14200,bus,manual,120,zafira,10000,petrol,opel,no,3.08
15567,4350,station wagon,manual,105,caddy,150000,diesel,volkswagen,no,11.58
15570,7430,suv,automatic,174,touareg,150000,diesel,volkswagen,no,14.25
15571,15000,station wagon,manual,179,a4,125000,petrol,audi,no,8.17
15572,9500,bus,automatic,170,touran,150000,diesel,volkswagen,no,12.83
15574,13000,suv,manual,122,tiguan,125000,petrol,volkswagen,no,6.25
15576,599,bus,manual,121,others,150000,petrol,citroen,no,21.5
15577,2000,limousine,manual,131,passat,150000,diesel,volkswagen,yes,17.33
15578,5500,station wagon,manual,140,mondeo,150000,diesel,ford,no,10.5
15579,3900,station wagon,manual,130,mondeo,150000,diesel,ford,no,16.83
15580,550,small car,automatic,65,corsa,20000,petrol,opel,no,19.33
15581,1900,small car,manual,60,polo,150000,petrol,volkswagen,no,18.0
15582,2200,limousine,automatic,150,80,150000,petrol,audi,no,26.25
15584,9500,station wagon,manual,150,laguna,125000,diesel,renault,no,7.17
15585,1900,limousine,manual,75,golf,150000,petrol,volkswagen,no,19.58
15587,9500,small car,manual,125,lupo,90000,petrol,volkswagen,no,16.33
15588,588,limousine,manual,75,colt,80000,petrol,mitsubishi,no,22.92
15589,1299,limousine,manual,94,others,150000,diesel,mercedes_benz,yes,26.08
15592,200,station wagon,manual,115,mondeo,150000,petrol,ford,yes,20.08
15593,1490,station wagon,manual,170,a4,150000,petrol,audi,yes,16.25
15594,1000,small car,automatic,55,fortwo,150000,petrol,smart,no,18.0
15595,200,small car,manual,54,twingo,150000,petrol,renault,no,21.17
15597,16990,cabrio,automatic,218,3er,125000,petrol,bmw,no,11.33
15598,7000,cabrio,automatic,197,slk,125000,petrol,mercedes_benz,no,18.67
15601,1350,limousine,manual,122,c_klasse,150000,petrol,mercedes_benz,no,22.5
15602,6999,limousine,manual,170,5er,150000,petrol,bmw,no,16.0
15604,12800,limousine,automatic,184,5er,125000,diesel,bmw,no,7.08
15607,12500,limousine,manual,116,megane,20000,petrol,renault,no,5.0
15608,10599,limousine,manual,110,golf,90000,diesel,volkswagen,no,9.42
15610,800,limousine,manual,86,others,70000,petrol,hyundai,no,25.25
15611,590,station wagon,manual,103,others,150000,petrol,fiat,yes,18.08
15613,9100,limousine,manual,140,astra,80000,petrol,opel,no,7.5
15615,15900,limousine,automatic,145,x_type,90000,diesel,jaguar,no,9.75
15616,1400,limousine,manual,113,megane,150000,petrol,renault,no,15.83
15617,1150,small car,manual,45,fortwo,150000,petrol,smart,no,18.92
15618,1350,bus,manual,204,sharan,150000,petrol,volkswagen,no,19.0
15621,8000,station wagon,automatic,192,5er,150000,petrol,bmw,no,14.67
15622,1700,limousine,automatic,170,3er,150000,lpg,bmw,no,19.75
15623,550,small car,manual,54,corsa,125000,petrol,opel,yes,19.58
15624,27500,suv,automatic,184,sportage,20000,diesel,kia,no,4.92
15625,23000,bus,automatic,110,golf,20000,diesel,volkswagen,no,3.58
15627,3000,bus,manual,86,roomster,150000,lpg,skoda,yes,10.75
15628,1500,small car,manual,58,twingo,100000,petrol,renault,no,13.92
15633,1200,station wagon,manual,101,astra,150000,petrol,opel,no,18.92
15635,5300,suv,manual,120,others,150000,diesel,opel,no,15.17
15637,5999,bus,manual,105,zafira,125000,petrol,opel,no,12.42
15639,6500,small car,manual,60,up,40000,petrol,volkswagen,no,6.42
15640,1680,limousine,manual,125,vectra,150000,petrol,opel,no,16.17
15641,6200,small car,manual,69,ka,40000,petrol,ford,no,6.67
15642,450,station wagon,manual,145,mondeo,150000,petrol,ford,yes,17.5
15645,4400,small car,manual,68,aygo,70000,petrol,toyota,no,8.33
15646,1900,limousine,manual,90,golf,150000,diesel,volkswagen,no,20.83
15650,5150,station wagon,manual,109,v50,150000,diesel,volvo,no,11.92
15651,25000,limousine,automatic,177,a6,100000,diesel,audi,no,6.5
15652,3200,station wagon,manual,150,others,150000,diesel,saab,no,13.92
15653,350,small car,manual,60,corsa,150000,petrol,opel,no,21.25
15654,700,limousine,manual,75,others,150000,petrol,nissan,no,25.0
15656,10900,coupe,manual,140,cc,150000,diesel,volkswagen,no,8.58
15657,28500,cabrio,automatic,272,tt,30000,petrol,audi,no,8.67
15658,6250,small car,manual,87,corsa,70000,petrol,opel,no,9.0
15661,500,limousine,manual,102,3er,150000,petrol,bmw,no,23.5
15662,9850,cabrio,manual,192,3er,150000,petrol,bmw,no,13.5
15664,5700,small car,automatic,71,fortwo,50000,petrol,smart,no,6.75
15667,7000,coupe,manual,143,3er,150000,petrol,bmw,no,14.83
15668,2990,suv,automatic,204,others,150000,lpg,ford,yes,18.75
15670,12999,limousine,automatic,160,golf,60000,petrol,volkswagen,no,7.5
15672,1890,limousine,manual,65,astra,70000,petrol,opel,no,20.58
15674,5690,bus,manual,150,espace,150000,diesel,renault,no,10.25
15675,150,small car,manual,60,polo,150000,petrol,volkswagen,no,21.0
15676,3500,station wagon,manual,163,c_klasse,20000,petrol,mercedes_benz,no,18.0
15677,1750,limousine,manual,75,golf,150000,petrol,volkswagen,no,18.75
15679,380,limousine,manual,75,golf,150000,petrol,volkswagen,no,24.0
15680,7499,cabrio,manual,163,a4,150000,petrol,audi,no,15.58
15681,1790,limousine,manual,150,a6,150000,diesel,audi,no,19.17
15682,1490,small car,manual,60,fiesta,100000,petrol,ford,no,17.08
15683,3100,limousine,manual,102,golf,150000,petrol,volkswagen,yes,12.58
15684,550,limousine,manual,75,astra,150000,petrol,opel,yes,21.33
15685,1300,limousine,manual,150,5er,150000,petrol,bmw,no,21.5
15686,4000,station wagon,automatic,109,3_reihe,125000,petrol,peugeot,no,12.75
15687,1550,small car,manual,64,polo,150000,petrol,volkswagen,no,15.08
15688,1600,limousine,manual,75,astra,150000,petrol,opel,no,20.92
15692,2000,small car,manual,45,panda,125000,petrol,fiat,no,25.0
15694,32990,station wagon,automatic,457,c_klasse,125000,petrol,mercedes_benz,no,10.58
15696,5700,small car,automatic,84,fortwo,50000,petrol,smart,no,10.25
15697,15900,limousine,automatic,170,c_klasse,125000,diesel,mercedes_benz,no,9.33
15698,690,small car,manual,75,civic,150000,petrol,honda,no,22.17
15699,600,small car,manual,45,corsa,80000,petrol,opel,yes,22.83
15700,2300,limousine,manual,82,a_klasse,150000,petrol,mercedes_benz,no,16.17
15701,1450,limousine,manual,101,focus,150000,petrol,ford,no,17.0
15705,700,station wagon,automatic,131,mondeo,150000,diesel,ford,no,16.17
15706,2400,limousine,manual,129,c_klasse,150000,petrol,mercedes_benz,no,17.42
15707,4999,small car,manual,68,others,100000,petrol,toyota,no,10.67
15708,3400,limousine,manual,105,golf,150000,diesel,volkswagen,yes,13.42
15709,6200,coupe,manual,26,601,80000,petrol,trabant,no,36.58
15710,7200,small car,manual,150,polo,100000,petrol,volkswagen,no,13.0
15712,550,bus,manual,121,others,150000,petrol,peugeot,no,21.25
15713,14500,suv,manual,141,qashqai,50000,petrol,nissan,no,5.5
15714,5900,station wagon,automatic,140,passat,150000,diesel,volkswagen,no,11.5
15716,5990,station wagon,automatic,190,e_klasse,150000,diesel,mercedes_benz,no,13.5
15719,3990,small car,manual,69,fox,125000,diesel,volkswagen,no,10.67
15720,72500,coupe,automatic,385,911,40000,petrol,porsche,no,6.08
15721,9900,bus,manual,175,s_max,150000,diesel,ford,no,10.5
15722,32900,coupe,automatic,299,others,125000,petrol,audi,yes,7.08
15724,1198,limousine,manual,90,6_reihe,150000,petrol,mazda,no,22.5
15726,450,station wagon,manual,88,mondeo,150000,diesel,ford,yes,17.67
15731,3550,station wagon,manual,102,octavia,20000,petrol,skoda,no,16.75
15732,11950,small car,manual,99,i_reihe,20000,petrol,hyundai,no,4.75
15733,1399,small car,automatic,75,punto,150000,petrol,fiat,no,18.67
15734,3950,limousine,manual,105,3_reihe,125000,petrol,mazda,yes,8.08
15738,15800,limousine,manual,105,beetle,20000,petrol,volkswagen,no,4.08
15741,14300,limousine,manual,170,cc,150000,diesel,volkswagen,no,9.33
15742,17200,limousine,automatic,235,x_reihe,150000,diesel,bmw,no,10.67
15743,5800,limousine,manual,116,1er,150000,petrol,bmw,no,12.25
15744,2990,bus,manual,109,c_max,150000,diesel,ford,no,14.08
15745,2990,station wagon,manual,75,focus,150000,petrol,ford,no,14.17
15746,799,limousine,manual,101,astra,150000,petrol,opel,no,19.58
15747,999,station wagon,manual,193,3er,150000,petrol,bmw,no,23.42
15748,3400,limousine,manual,82,a_klasse,70000,petrol,mercedes_benz,no,17.0
15749,1600,station wagon,manual,101,passat,150000,lpg,volkswagen,no,19.25
15750,1600,cabrio,manual,109,2_reihe,150000,petrol,peugeot,no,16.17
15754,2850,limousine,manual,122,c_klasse,150000,petrol,mercedes_benz,no,18.75
15757,1999,limousine,manual,115,focus,150000,petrol,ford,no,18.17
15759,3600,small car,manual,108,2_reihe,125000,diesel,peugeot,no,14.58
15760,17999,limousine,automatic,116,1er,40000,diesel,bmw,no,5.33
15761,13990,coupe,manual,239,a5,150000,diesel,audi,no,9.92
15762,5900,suv,automatic,218,m_klasse,150000,petrol,mercedes_benz,no,17.08
15763,2199,small car,manual,69,fiesta,150000,petrol,ford,no,16.58
15765,7500,bus,manual,150,golf,150000,petrol,volkswagen,no,12.92
15766,15800,limousine,automatic,170,a6,150000,diesel,audi,no,8.83
15768,3450,suv,manual,125,forester,150000,petrol,subaru,no,17.08
15769,18400,limousine,manual,140,beetle,50000,diesel,volkswagen,no,4.42
15770,2999,bus,manual,131,scenic,150000,diesel,renault,no,12.58
15771,750,small car,manual,90,corsa,150000,petrol,opel,yes,15.0
15772,6000,limousine,automatic,235,5er,125000,diesel,bmw,no,9.58
15777,1250,small car,manual,54,corsa,150000,petrol,opel,no,19.83
15779,12400,station wagon,manual,200,passat,100000,petrol,volkswagen,no,10.75
15780,6500,small car,manual,69,others,30000,petrol,fiat,no,6.33
15782,2250,limousine,manual,102,others,80000,petrol,kia,no,16.33
15783,4200,limousine,automatic,140,s60,150000,petrol,volvo,no,16.75
15786,1299,limousine,manual,90,a3,150000,diesel,audi,no,20.08
15789,2350,suv,manual,76,others,150000,diesel,opel,no,20.75
15790,16990,limousine,manual,136,c_klasse,150000,diesel,mercedes_benz,no,9.0
15791,4999,small car,manual,90,golf,150000,petrol,volkswagen,no,21.42
15792,7250,limousine,manual,75,2_reihe,50000,petrol,peugeot,no,6.92
15793,5444,bus,manual,68,transporter,150000,diesel,volkswagen,no,22.83
15794,1450,limousine,manual,75,golf,150000,petrol,volkswagen,no,20.0
15795,1400,station wagon,automatic,163,c_klasse,150000,petrol,mercedes_benz,no,18.5
15796,890,bus,manual,95,scenic,150000,petrol,renault,yes,17.92
15798,2000,limousine,manual,120,vectra,150000,diesel,opel,no,13.67
15802,4800,station wagon,manual,150,a4,150000,petrol,audi,no,16.17
15803,8350,bus,manual,120,meriva,70000,petrol,opel,no,7.33
15804,2300,station wagon,manual,101,fabia,150000,diesel,skoda,yes,17.25
15806,25900,cabrio,automatic,184,slk,40000,petrol,mercedes_benz,no,8.0
15808,3600,limousine,manual,150,3er,150000,diesel,bmw,no,15.83
15809,650,coupe,manual,101,3er,150000,petrol,bmw,no,24.5
15810,3200,small car,manual,86,ibiza,150000,petrol,seat,no,10.25
15812,9490,small car,automatic,97,fiesta,10000,petrol,ford,no,7.25
15815,4150,limousine,manual,120,others,150000,diesel,fiat,no,11.58
15816,899,station wagon,manual,131,lybra,150000,petrol,lancia,no,18.25
15817,3400,small car,manual,77,punto,90000,petrol,fiat,no,11.42
15818,2650,small car,manual,75,c2,125000,petrol,citroen,no,13.67
15822,16980,station wagon,automatic,177,a4,150000,diesel,audi,no,5.42
15823,2900,limousine,automatic,163,c_klasse,125000,petrol,mercedes_benz,no,17.83
15824,600,small car,manual,54,micra,150000,petrol,nissan,no,23.5
15827,33850,cabrio,automatic,204,e_klasse,40000,diesel,mercedes_benz,no,5.17
15828,9800,bus,automatic,204,viano,150000,diesel,mercedes_benz,no,10.75
15830,4490,suv,manual,136,x_trail,150000,diesel,nissan,no,13.58
15831,3300,small car,manual,105,golf,150000,petrol,volkswagen,no,16.92
15832,1750,station wagon,manual,150,octavia,150000,petrol,skoda,no,19.17
15833,800,small car,manual,60,punto,150000,petrol,fiat,yes,16.08
15835,3000,coupe,manual,170,3er,150000,petrol,bmw,no,19.25
15836,12300,station wagon,manual,174,clubman,90000,petrol,mini,no,9.33
15838,3200,station wagon,manual,184,5er,150000,diesel,bmw,no,18.58
15839,7400,station wagon,manual,140,octavia,150000,diesel,skoda,no,8.92
15840,6699,small car,manual,120,cooper,125000,petrol,mini,no,11.92
15841,8490,limousine,automatic,163,1er,150000,diesel,bmw,no,13.83
15842,16900,suv,manual,122,tiguan,30000,petrol,volkswagen,no,7.92
15843,10990,bus,manual,140,golf,150000,diesel,volkswagen,no,6.58
15844,3200,limousine,automatic,105,golf,150000,diesel,volkswagen,no,10.58
15847,14950,coupe,manual,170,a5,70000,petrol,audi,no,10.33
15849,5850,station wagon,manual,116,astra,100000,petrol,opel,no,9.25
15850,1999,cabrio,manual,131,others,80000,petrol,fiat,no,21.0
15853,5850,station wagon,automatic,177,a6,150000,petrol,audi,yes,14.0
15854,17950,bus,manual,102,caddy,50000,diesel,volkswagen,no,5.33
15855,2200,limousine,manual,75,twingo,125000,petrol,renault,no,14.42
15856,1750,limousine,manual,102,a_klasse,150000,petrol,mercedes_benz,no,19.92
15857,22800,limousine,manual,150,a3,50000,diesel,audi,no,5.33
15858,8900,limousine,manual,177,avensis,70000,diesel,toyota,no,9.75
15859,4750,small car,manual,75,clio,80000,petrol,renault,no,7.42
15861,5799,small car,manual,86,polo,90000,petrol,volkswagen,no,13.75
15862,2999,small car,manual,90,2_reihe,40000,petrol,peugeot,no,12.5
15863,23500,suv,manual,132,tucson,10000,petrol,hyundai,no,3.92
15865,10800,station wagon,automatic,179,a6,150000,diesel,audi,no,10.75
15867,7777,limousine,manual,174,3_reihe,50000,petrol,peugeot,no,10.5
15868,2750,station wagon,manual,150,passat,150000,lpg,volkswagen,no,19.92
15869,2950,small car,automatic,109,forfour,150000,petrol,smart,no,13.5
15870,1550,limousine,manual,126,passat,150000,petrol,volkswagen,no,21.67
15871,7500,coupe,manual,150,e_klasse,100000,petrol,mercedes_benz,no,24.33
15873,7999,limousine,manual,143,a4,150000,diesel,audi,no,9.67
15875,24999,suv,automatic,184,sportage,30000,diesel,kia,no,4.33
15878,1800,suv,manual,82,others,90000,petrol,suzuki,no,27.25
15879,2950,coupe,manual,133,80,150000,petrol,audi,no,28.92
15881,800,station wagon,manual,68,others,125000,petrol,skoda,no,23.83
15883,500,limousine,manual,54,golf,150000,petrol,volkswagen,no,29.25
15884,1100,limousine,manual,116,mondeo,90000,petrol,ford,yes,20.75
15886,1900,small car,manual,54,polo,150000,petrol,volkswagen,no,14.42
15887,9850,limousine,manual,143,mondeo,125000,diesel,ford,no,10.08
15892,2500,limousine,manual,75,golf,150000,petrol,volkswagen,no,18.08
15893,800,limousine,manual,102,3er,150000,petrol,bmw,no,20.92
15895,25500,limousine,automatic,245,3er,125000,diesel,bmw,no,7.25
15897,999,coupe,manual,102,3er,150000,petrol,bmw,no,22.33
15900,4990,limousine,manual,116,golf,125000,petrol,volkswagen,no,14.75
15902,5700,limousine,automatic,102,golf,50000,petrol,volkswagen,no,14.75
15903,4500,coupe,automatic,129,cl,150000,petrol,mercedes_benz,no,17.5
15909,5800,small car,manual,116,cooper,125000,petrol,mini,no,14.83
15910,2150,station wagon,manual,109,2_reihe,150000,diesel,peugeot,no,13.75
15911,600,others,manual,102,3er,150000,petrol,bmw,no,23.25
15913,500,small car,manual,60,fiesta,150000,petrol,ford,yes,17.42
15915,8000,cabrio,manual,150,80,150000,petrol,audi,no,22.58
15916,7990,bus,manual,174,transporter,150000,diesel,volkswagen,no,12.0
15918,599,small car,manual,50,arosa,125000,petrol,seat,yes,18.5
15919,6800,bus,manual,60,transporter,90000,petrol,volkswagen,no,29.67
15920,2899,bus,manual,143,v_klasse,150000,petrol,mercedes_benz,no,20.83
15921,1950,bus,manual,116,sharan,150000,diesel,volkswagen,yes,17.5
15923,17500,coupe,automatic,309,mustang,80000,petrol,ford,no,6.58
15924,14000,limousine,automatic,211,golf,125000,petrol,volkswagen,no,9.92
15925,4500,cabrio,manual,171,3er,70000,petrol,bmw,no,30.58
15927,999,small car,manual,75,twingo,80000,petrol,renault,yes,7.92
15928,27450,limousine,manual,184,golf,20000,diesel,volkswagen,no,3.17
15931,16900,limousine,manual,177,x_reihe,100000,diesel,bmw,no,10.0
15932,12400,limousine,manual,218,x_reihe,150000,diesel,bmw,no,13.33
15933,3800,limousine,manual,90,golf,150000,petrol,volkswagen,no,27.42
15934,8550,small car,manual,122,cooper,125000,petrol,mini,no,8.5
15936,8200,limousine,manual,120,c4,80000,petrol,citroen,no,8.58
15938,8499,limousine,manual,140,astra,70000,petrol,opel,no,9.75
15939,8000,coupe,automatic,231,3er,150000,lpg,bmw,no,17.75
15940,4999,small car,manual,69,polo,125000,petrol,volkswagen,yes,8.92
15941,9999,small car,manual,86,polo,70000,petrol,volkswagen,no,8.5
15942,1400,limousine,manual,101,astra,150000,lpg,opel,no,19.5
15943,1400,limousine,manual,125,a4,150000,petrol,audi,no,23.17
15944,8888,coupe,manual,95,a_klasse,90000,petrol,mercedes_benz,no,8.5
15946,30000,limousine,manual,144,a5,5000,petrol,audi,no,3.08
15947,1200,limousine,manual,60,polo,150000,petrol,volkswagen,no,22.5
15948,2390,small car,manual,68,aygo,125000,petrol,toyota,yes,10.0
15949,500,small car,manual,75,clio,150000,petrol,renault,no,14.83
15950,2000,limousine,manual,150,a4,150000,petrol,audi,yes,20.92
15951,2999,small car,manual,67,i_reihe,125000,petrol,hyundai,no,9.75
15952,4500,suv,manual,201,outlander,125000,petrol,mitsubishi,no,13.25
15953,14999,suv,automatic,290,cayenne,150000,petrol,porsche,no,10.5
15954,2850,small car,manual,120,147,150000,diesel,alfa_romeo,no,12.0
15955,11250,station wagon,manual,143,3er,150000,diesel,bmw,no,9.25
15956,5500,small car,manual,69,panda,70000,petrol,fiat,no,6.33
15957,160,small car,manual,60,ibiza,150000,petrol,seat,yes,19.75
15958,3999,small car,manual,75,polo,150000,petrol,volkswagen,no,14.67
15960,6990,station wagon,manual,131,insignia,150000,diesel,opel,no,7.33
15963,2950,cabrio,manual,90,tigra,125000,petrol,opel,no,13.42
15964,15999,suv,manual,170,altea,40000,diesel,seat,no,8.0
15965,1990,small car,manual,60,punto,150000,petrol,fiat,no,14.58
15966,250,small car,manual,60,ka,150000,petrol,ford,yes,19.17
15969,1999,station wagon,manual,75,astra,150000,petrol,opel,no,18.83
15970,900,small car,manual,45,fortwo,125000,petrol,smart,no,16.83
15971,2499,limousine,manual,75,focus,60000,petrol,ford,no,19.92
15972,16990,suv,automatic,239,i_reihe,125000,diesel,hyundai,no,8.08
15973,2100,limousine,manual,101,passat,150000,petrol,volkswagen,no,19.25
15974,1500,limousine,automatic,130,mondeo,150000,diesel,ford,no,15.08
15975,7200,limousine,manual,105,golf,125000,diesel,volkswagen,no,11.17
15977,2800,small car,manual,54,fox,125000,petrol,volkswagen,no,12.33
15978,200,station wagon,manual,90,passat,150000,petrol,volkswagen,yes,24.0
15980,8000,suv,automatic,194,sorento,150000,lpg,kia,no,13.08
15982,2100,coupe,automatic,200,accord,150000,petrol,honda,no,17.25
15983,8000,limousine,manual,250,a3,150000,petrol,audi,no,14.17
15984,15750,suv,automatic,197,sorento,125000,diesel,kia,no,8.67
15985,649,small car,manual,50,ka,70000,petrol,ford,no,21.33
15987,550,bus,manual,103,others,150000,petrol,fiat,no,19.67
15989,1600,small car,manual,90,punto,150000,diesel,fiat,no,17.08
15990,5500,bus,manual,102,transporter,150000,diesel,volkswagen,no,22.5
15991,9280,limousine,automatic,143,c_klasse,80000,petrol,mercedes_benz,no,13.42
15992,2400,station wagon,manual,140,v70,150000,petrol,volvo,no,18.33
15993,27999,coupe,manual,349,focus,90000,petrol,ford,no,8.33
15994,15990,suv,automatic,200,kuga,80000,petrol,ford,no,9.33
15996,6100,small car,manual,97,fiesta,70000,petrol,ford,no,8.33
15997,750,small car,manual,58,corsa,150000,petrol,opel,no,15.25
15999,8600,limousine,manual,160,golf,125000,petrol,volkswagen,no,8.58
16000,7500,limousine,automatic,218,5er,150000,diesel,bmw,no,14.25
16002,9800,small car,manual,90,clio,50000,petrol,renault,no,5.33
16003,3800,station wagon,automatic,131,passat,150000,diesel,volkswagen,no,13.25
16005,3400,station wagon,manual,131,passat,150000,diesel,volkswagen,no,15.42
16007,3150,limousine,automatic,125,c_klasse,125000,diesel,mercedes_benz,no,21.0
16011,12890,station wagon,manual,143,3er,125000,diesel,bmw,no,8.75
16013,4500,cabrio,manual,135,megane,150000,petrol,renault,no,13.42
16016,3500,cabrio,manual,106,2_reihe,150000,petrol,peugeot,no,16.42
16017,21490,limousine,manual,116,3_reihe,40000,diesel,peugeot,no,5.83
16019,3800,station wagon,automatic,120,astra,150000,diesel,opel,no,11.83
16020,1200,station wagon,manual,101,astra,150000,petrol,opel,no,19.58
16022,950,limousine,manual,60,corsa,100000,petrol,opel,no,21.0
16023,3990,small car,manual,75,ibiza,90000,petrol,seat,no,15.0
16024,550,small car,manual,60,others,150000,petrol,citroen,no,19.25
16026,8800,limousine,manual,105,golf,60000,petrol,volkswagen,yes,7.75
16027,2650,bus,manual,139,espace,150000,petrol,renault,no,19.5
16028,999,station wagon,manual,136,others,150000,petrol,mercedes_benz,no,20.58
16029,7990,small car,manual,63,cooper,125000,petrol,mini,no,18.83
16030,4300,station wagon,manual,110,astra,150000,diesel,opel,no,8.17
16031,6800,limousine,manual,140,a4,150000,diesel,audi,no,12.42
16035,5990,small car,manual,101,polo,150000,diesel,volkswagen,no,11.08
16036,750,station wagon,manual,60,polo,150000,petrol,volkswagen,no,21.58
16037,2800,station wagon,manual,110,focus,150000,diesel,ford,no,11.17
16038,5500,suv,manual,125,pajero,150000,diesel,mitsubishi,no,21.0
16039,5999,small car,manual,174,2_reihe,150000,petrol,peugeot,no,10.83
16041,5450,small car,manual,80,polo,100000,diesel,volkswagen,no,12.17
16042,4500,station wagon,automatic,163,a4,150000,lpg,audi,no,16.67
16043,25900,station wagon,automatic,435,others,150000,petrol,audi,no,10.5
16045,13900,station wagon,automatic,170,e_klasse,150000,diesel,mercedes_benz,no,7.08
16046,5500,limousine,manual,105,golf,150000,diesel,volkswagen,no,12.5
16047,19200,suv,manual,140,tiguan,100000,diesel,volkswagen,no,7.75
16048,15000,limousine,manual,136,a4,125000,diesel,audi,no,7.33
16049,13900,limousine,automatic,140,astra,20000,petrol,opel,no,7.67
16050,500,limousine,manual,116,golf,150000,petrol,volkswagen,yes,22.5
16051,650,small car,manual,90,megane,150000,petrol,renault,no,20.83
16052,4800,limousine,manual,105,golf,150000,diesel,volkswagen,no,15.0
16054,19950,station wagon,manual,170,a4,125000,petrol,audi,no,6.25
16056,1500,limousine,manual,102,a_klasse,150000,petrol,mercedes_benz,no,17.67
16057,7500,small car,automatic,71,fortwo,40000,petrol,smart,no,6.08
16059,12790,limousine,manual,105,golf,50000,petrol,volkswagen,no,5.83
16060,34950,cabrio,manual,320,911,100000,petrol,porsche,no,15.83
16061,390,small car,manual,58,twingo,150000,petrol,renault,no,19.42
16063,8750,bus,manual,105,touran,125000,petrol,volkswagen,no,7.67
16065,27500,cabrio,automatic,367,6er,125000,petrol,bmw,no,10.33
16066,300,station wagon,manual,136,mondeo,150000,petrol,ford,no,24.58
16067,2700,limousine,manual,131,a4,150000,diesel,audi,no,17.25
16070,3999,bus,manual,77,transporter,60000,diesel,volkswagen,no,25.0
16071,3300,limousine,manual,130,x_type,150000,diesel,jaguar,no,14.17
16073,350,limousine,manual,102,3er,150000,petrol,bmw,no,20.0
16075,7680,small car,manual,60,fiesta,30000,petrol,ford,no,6.5
16076,6666,limousine,manual,116,golf,125000,petrol,volkswagen,no,11.5
16077,2500,cabrio,manual,109,2_reihe,150000,petrol,peugeot,no,15.5
16078,1500,small car,manual,75,forfour,125000,petrol,smart,no,13.92
16081,1500,small car,manual,58,twingo,150000,petrol,renault,no,17.5
16082,2450,small car,manual,75,ibiza,150000,diesel,seat,no,14.58
16083,4700,small car,manual,69,ka,30000,petrol,ford,no,5.25
16085,3299,bus,manual,125,zafira,150000,petrol,opel,no,14.17
16086,13300,suv,automatic,313,touareg,150000,diesel,volkswagen,no,15.5
16087,11500,bus,manual,140,touran,100000,petrol,volkswagen,no,10.83
16088,15300,suv,automatic,224,m_klasse,150000,diesel,mercedes_benz,no,12.5
16090,2100,small car,manual,60,corsa,80000,petrol,opel,no,14.83
16091,850,limousine,manual,125,a3,150000,petrol,audi,no,22.75
16092,1999,limousine,manual,105,leon,150000,petrol,seat,no,16.17
16093,300,small car,manual,60,corsa,150000,petrol,opel,no,32.75
16094,1200,limousine,manual,193,5er,100000,petrol,bmw,yes,20.25
16095,1970,cabrio,manual,55,fortwo,150000,petrol,smart,no,17.75
16098,26500,suv,manual,95,g_klasse,150000,diesel,mercedes_benz,no,22.75
16100,1800,small car,manual,75,corsa,150000,petrol,opel,no,15.08
16103,15990,cabrio,manual,177,z_reihe,60000,petrol,bmw,no,12.75
16104,600,station wagon,manual,126,850,150000,petrol,volvo,no,23.58
16105,12000,coupe,manual,192,3er,50000,petrol,bmw,no,13.42
16110,1499,small car,manual,68,fiesta,150000,diesel,ford,no,15.42
16112,3950,small car,manual,54,polo,50000,petrol,volkswagen,no,15.83
16113,2000,station wagon,manual,136,3_reihe,150000,diesel,peugeot,no,14.5
16114,4750,bus,manual,109,sprinter,150000,diesel,mercedes_benz,no,14.0
16115,1000,small car,manual,75,golf,150000,petrol,volkswagen,yes,20.0
16116,20900,limousine,automatic,204,5er,150000,diesel,bmw,no,7.33
16117,2500,station wagon,manual,101,passat,150000,diesel,volkswagen,no,14.83
16118,4000,cabrio,manual,109,2_reihe,80000,petrol,peugeot,no,12.25
16120,300,small car,manual,43,cuore,125000,petrol,daihatsu,no,21.0
16121,4500,bus,manual,75,modus,70000,petrol,renault,no,11.0
16122,16500,limousine,manual,265,others,100000,petrol,audi,no,9.83
16123,22399,limousine,manual,170,c_klasse,70000,diesel,mercedes_benz,no,7.75
16127,7490,suv,automatic,223,grand,125000,lpg,jeep,no,14.67
16128,2650,station wagon,manual,105,astra,125000,petrol,opel,no,15.33
16133,9550,cabrio,manual,163,a4,125000,petrol,audi,no,12.67
16134,33997,cabrio,manual,355,911,150000,petrol,porsche,no,11.33
16135,600,small car,manual,60,1_reihe,150000,petrol,peugeot,no,22.58
16136,4600,station wagon,manual,193,5er,150000,diesel,bmw,yes,15.75
16137,500,limousine,manual,75,golf,150000,petrol,volkswagen,no,25.33
16138,2990,bus,manual,80,roomster,150000,diesel,skoda,no,10.5
16139,2200,limousine,manual,150,escort,125000,petrol,ford,no,27.17
16141,7999,station wagon,manual,160,impreza,125000,lpg,subaru,no,12.83
16142,2300,limousine,manual,101,astra,150000,petrol,opel,no,17.42
16143,2250,small car,manual,58,corsa,125000,petrol,opel,no,15.33
16145,5500,small car,manual,69,ka,60000,petrol,ford,no,7.17
16146,600,small car,automatic,90,corsa,5000,petrol,opel,no,21.75
16147,21500,coupe,automatic,306,3er,125000,petrol,bmw,no,10.42
16148,1400,small car,manual,58,cuore,150000,petrol,daihatsu,no,13.42
16150,2500,station wagon,manual,105,golf,150000,petrol,volkswagen,no,17.5
16155,7200,station wagon,manual,140,croma,60000,petrol,fiat,no,10.83
16157,3650,coupe,manual,129,3er,150000,petrol,bmw,no,28.58
16158,1899,coupe,manual,193,c_reihe,150000,petrol,volvo,no,20.25
16159,3700,suv,manual,136,x_trail,150000,diesel,nissan,no,12.08
16160,11900,station wagon,manual,197,3er,150000,diesel,bmw,no,11.25
16162,1800,station wagon,manual,125,a4,150000,petrol,audi,no,22.75
16163,5850,station wagon,manual,110,focus,150000,diesel,ford,no,9.08
16165,3000,limousine,manual,115,golf,150000,petrol,volkswagen,no,22.83
16166,300,small car,manual,54,twingo,125000,petrol,renault,no,22.25
16168,7800,bus,automatic,116,sharan,150000,diesel,volkswagen,no,14.42
16170,5500,small car,manual,86,fabia,100000,petrol,skoda,no,8.5
16172,2599,limousine,manual,129,avensis,150000,petrol,toyota,no,17.08
16174,8600,limousine,manual,160,s_klasse,150000,petrol,mercedes_benz,no,44.08
16175,300,limousine,manual,101,vectra,150000,petrol,opel,yes,21.5
16176,4500,station wagon,manual,105,octavia,150000,diesel,skoda,no,12.75
16178,10850,bus,manual,95,vito,50000,diesel,mercedes_benz,no,10.67
16179,23500,coupe,manual,218,3er,60000,petrol,bmw,no,11.67
16180,43900,cabrio,automatic,408,6er,100000,petrol,bmw,no,7.83
16183,1450,limousine,manual,109,others,150000,petrol,citroen,no,16.25
16185,499,small car,manual,54,twingo,150000,petrol,renault,yes,22.67
16188,3200,small car,manual,68,1_reihe,125000,petrol,peugeot,no,8.58
16189,11500,station wagon,manual,105,caddy,50000,petrol,volkswagen,no,8.0
16190,400,coupe,manual,90,megane,150000,petrol,renault,yes,19.0
16191,6900,limousine,manual,109,lancer,50000,petrol,mitsubishi,no,8.42
16192,800,bus,manual,65,doblo,150000,petrol,fiat,no,17.0
16193,18500,station wagon,manual,105,golf,30000,petrol,volkswagen,no,4.17
16194,9000,limousine,automatic,105,3_reihe,40000,petrol,mazda,no,9.5
16195,31500,cabrio,automatic,306,z_reihe,40000,petrol,bmw,no,9.75
16199,2299,station wagon,manual,101,golf,150000,petrol,volkswagen,no,19.75
16200,1900,small car,manual,75,polo,150000,petrol,volkswagen,no,16.92
16201,11999,limousine,automatic,445,7er,125000,petrol,bmw,no,15.5
16203,13000,limousine,manual,131,qashqai,90000,diesel,nissan,no,7.92
16204,12900,limousine,manual,156,c_klasse,100000,petrol,mercedes_benz,no,8.83
16206,2980,station wagon,manual,111,laguna,150000,petrol,renault,no,13.42
16209,4000,limousine,manual,150,golf,125000,petrol,volkswagen,no,20.83
16211,8299,limousine,manual,69,500,40000,petrol,fiat,no,6.58
16213,7007,small car,manual,75,citigo,20000,petrol,skoda,no,5.17
16215,27900,suv,automatic,231,m_klasse,150000,diesel,mercedes_benz,no,7.33
16217,4000,bus,manual,88,vito,150000,diesel,mercedes_benz,no,14.42
16218,3450,limousine,manual,122,e_klasse,150000,diesel,mercedes_benz,yes,15.42
16220,800,coupe,automatic,150,3er,150000,petrol,bmw,no,23.42
16221,749,station wagon,manual,136,omega,150000,lpg,opel,no,20.33
16222,14980,limousine,manual,105,golf,40000,petrol,volkswagen,no,4.25
16223,1100,small car,manual,80,punto,150000,petrol,fiat,no,16.75
16225,2499,coupe,manual,166,others,125000,petrol,alfa_romeo,yes,14.08
16226,10690,limousine,manual,177,5er,150000,diesel,bmw,no,10.5
16227,1500,station wagon,manual,110,a4,150000,diesel,audi,no,20.5
16229,1200,station wagon,automatic,197,e_klasse,150000,diesel,mercedes_benz,no,17.75
16231,1999,limousine,manual,118,3er,150000,petrol,bmw,no,19.83
16234,500,small car,manual,84,others,150000,petrol,rover,no,17.58
16235,8000,limousine,automatic,136,e_klasse,150000,diesel,mercedes_benz,no,8.5
16238,3500,limousine,manual,116,a_klasse,150000,petrol,mercedes_benz,no,13.58
16239,3990,bus,manual,113,scenic,150000,petrol,renault,no,13.58
16240,4600,limousine,manual,105,a3,150000,diesel,audi,yes,9.5
16241,16900,cabrio,automatic,306,sl,125000,petrol,mercedes_benz,no,16.17
16242,4800,bus,manual,90,meriva,80000,petrol,opel,no,13.83
16243,21750,coupe,automatic,200,sl,150000,petrol,mercedes_benz,no,45.25
16245,300,small car,manual,54,clio,150000,petrol,renault,yes,20.08
16246,1290,limousine,manual,193,c_klasse,150000,petrol,mercedes_benz,no,23.0
16247,13490,bus,manual,150,others,60000,cng,opel,no,6.67
16249,5900,station wagon,manual,140,passat,150000,diesel,volkswagen,no,13.92
16250,1499,limousine,manual,170,5er,150000,petrol,bmw,no,19.33
16252,2500,limousine,manual,102,golf,100000,petrol,volkswagen,no,16.33
16253,5100,cabrio,manual,90,tigra,100000,petrol,opel,no,13.0
16254,2650,limousine,manual,170,3er,150000,petrol,bmw,no,17.17
16255,15600,station wagon,automatic,435,others,150000,petrol,audi,no,13.0
16257,19400,station wagon,manual,143,a4,60000,diesel,audi,no,6.42
16258,1699,small car,manual,68,yaris,80000,petrol,toyota,no,18.58
16259,6250,small car,manual,92,swift,90000,petrol,suzuki,no,10.0
16261,6500,station wagon,automatic,193,5er,150000,diesel,bmw,no,16.33
16262,1400,limousine,manual,90,golf,150000,diesel,volkswagen,no,20.75
16264,2300,station wagon,manual,101,passat,150000,diesel,volkswagen,no,17.92
16265,1850,coupe,manual,102,3er,150000,petrol,bmw,no,24.5
16266,23890,station wagon,automatic,204,c_klasse,50000,diesel,mercedes_benz,no,7.92
16267,899,limousine,manual,75,golf,150000,petrol,volkswagen,yes,24.5
16269,9650,limousine,automatic,140,passat,125000,diesel,volkswagen,no,10.25
16271,1690,limousine,automatic,140,primera,150000,petrol,nissan,no,19.83
16272,2240,station wagon,manual,77,others,150000,petrol,fiat,no,26.25
16275,23550,station wagon,manual,150,a3,30000,diesel,audi,no,4.33
16276,1500,station wagon,manual,107,others,150000,petrol,toyota,no,21.33
16278,6600,limousine,manual,150,a4,125000,petrol,audi,no,16.42
16279,1600,station wagon,manual,102,v40,150000,diesel,volvo,no,15.83
16282,3990,limousine,manual,193,e_klasse,150000,petrol,mercedes_benz,no,24.92
16283,1850,limousine,manual,75,golf,150000,petrol,volkswagen,no,22.33
16284,4500,suv,manual,174,touareg,5000,diesel,volkswagen,no,16.0
16286,20950,bus,manual,140,touran,30000,petrol,volkswagen,no,5.5
16287,10900,small car,manual,69,500,20000,petrol,fiat,no,4.92
16288,4990,suv,manual,136,outlander,150000,petrol,mitsubishi,no,14.58
16289,14800,limousine,automatic,224,e_klasse,150000,diesel,mercedes_benz,no,12.83
16291,12400,limousine,manual,218,5er,125000,diesel,bmw,no,15.0
16292,180,small car,manual,60,fiesta,150000,petrol,ford,yes,19.58
16293,2750,small car,manual,68,c1,150000,petrol,citroen,no,10.67
16297,24500,limousine,automatic,279,s_klasse,150000,hybrid,mercedes_benz,no,9.58
16298,1550,small car,manual,75,twingo,125000,petrol,renault,no,15.75
16299,50799,suv,automatic,340,touareg,80000,diesel,volkswagen,no,5.25
16302,4600,station wagon,manual,111,megane,150000,petrol,renault,no,10.83
16303,2150,limousine,manual,116,bora,150000,lpg,volkswagen,no,19.25
16304,18000,limousine,automatic,179,a4,60000,petrol,audi,no,7.33
16305,9900,station wagon,manual,140,astra,80000,petrol,opel,no,7.17
16306,2399,small car,manual,52,matiz,80000,petrol,chevrolet,no,9.67
16308,2700,limousine,manual,150,octavia,150000,petrol,skoda,no,19.33
16309,650,limousine,manual,65,3_reihe,150000,petrol,mazda,no,19.92
16310,5490,limousine,manual,116,astra,125000,petrol,opel,no,9.75
16311,950,small car,manual,60,1_reihe,150000,petrol,peugeot,no,16.25
16312,8300,limousine,manual,87,astra,60000,petrol,opel,no,6.75
16313,1450,limousine,manual,97,corolla,150000,petrol,toyota,yes,12.92
16315,13000,limousine,manual,177,a6,80000,diesel,audi,no,7.75
16316,8999,cabrio,manual,69,500,40000,petrol,fiat,no,6.25
16317,1000,small car,manual,60,ibiza,150000,petrol,seat,no,21.5
16319,4899,cabrio,manual,192,3er,150000,petrol,bmw,no,17.25
16320,1250,limousine,manual,136,90,150000,petrol,audi,no,30.08
16321,850,small car,manual,60,ka,150000,lpg,ford,no,11.33
16323,3499,coupe,manual,192,3er,150000,petrol,bmw,no,17.25
16324,1600,station wagon,manual,102,3er,150000,petrol,bmw,no,21.5
16325,2900,limousine,manual,131,focus,150000,petrol,ford,no,18.0
16326,8490,station wagon,manual,143,3er,150000,diesel,bmw,no,8.83
16327,8250,limousine,manual,170,a4,150000,diesel,audi,yes,10.33
16329,4900,limousine,manual,150,3er,150000,petrol,bmw,no,18.42
16330,1100,bus,manual,94,others,150000,diesel,fiat,no,14.5
16331,10900,limousine,manual,105,golf,30000,petrol,volkswagen,yes,5.58
16333,1450,bus,manual,90,others,150000,diesel,peugeot,no,16.67
16334,950,station wagon,manual,170,omega,150000,petrol,opel,no,19.08
16338,2700,limousine,manual,75,golf,5000,petrol,volkswagen,no,16.17
16342,1699,cabrio,manual,75,astra,150000,petrol,opel,no,19.42
16343,899,small car,manual,65,corsa,150000,petrol,opel,no,19.5
16345,1799,small car,manual,64,polo,150000,diesel,volkswagen,no,18.83
16346,5300,coupe,manual,116,3er,100000,petrol,bmw,no,14.08
16348,850,small car,manual,60,punto,150000,petrol,fiat,yes,14.17
16349,7990,limousine,manual,102,golf,125000,petrol,volkswagen,no,10.83
16351,500,limousine,manual,75,others,5000,petrol,nissan,no,23.0
16352,900,station wagon,manual,90,focus,150000,diesel,ford,no,18.83
16353,1700,station wagon,manual,122,c_klasse,150000,lpg,mercedes_benz,no,21.42
16355,2850,limousine,manual,150,5er,150000,petrol,bmw,no,17.25
16357,700,limousine,manual,55,golf,150000,petrol,volkswagen,no,22.42
16358,5700,cabrio,manual,163,megane,125000,petrol,renault,no,12.5
16360,1150,bus,manual,101,zafira,150000,petrol,opel,no,19.25
16363,1550,limousine,automatic,150,3er,150000,petrol,bmw,no,20.83
16364,1200,small car,manual,50,arosa,150000,petrol,seat,no,17.0
16368,8100,station wagon,manual,140,a3,150000,diesel,audi,no,12.17
16369,2490,coupe,manual,129,c_klasse,150000,petrol,mercedes_benz,no,17.67
16370,5299,station wagon,automatic,75,fabia,50000,petrol,skoda,no,12.92
16372,3600,station wagon,manual,150,passat,150000,diesel,volkswagen,no,17.67
16373,15000,limousine,automatic,143,3er,100000,diesel,bmw,no,8.75
16374,5300,small car,manual,60,polo,80000,petrol,volkswagen,no,10.83
16375,1199,station wagon,manual,90,golf,150000,diesel,volkswagen,no,21.25
16376,11300,station wagon,automatic,160,a4,150000,petrol,audi,no,9.0
16377,20200,limousine,manual,125,a3,20000,petrol,audi,no,3.17
16378,67200,coupe,manual,231,911,125000,petrol,porsche,no,31.58
16379,6200,bus,manual,111,transporter,150000,petrol,volkswagen,no,30.08
16380,200,small car,manual,50,polo,150000,petrol,volkswagen,no,26.08
16381,11500,cabrio,manual,69,500,40000,petrol,fiat,no,5.58
16382,299,small car,manual,45,polo,150000,petrol,volkswagen,no,22.5
16383,1250,small car,manual,75,3_reihe,80000,petrol,peugeot,no,25.5
16384,1800,small car,manual,80,micra,150000,petrol,nissan,no,14.17
16386,550,station wagon,manual,75,astra,150000,petrol,opel,yes,20.0
16387,6500,limousine,manual,129,1er,125000,petrol,bmw,no,13.42
16388,2500,small car,automatic,90,cooper,150000,petrol,mini,yes,16.25
16390,2300,small car,manual,60,fiesta,90000,petrol,ford,no,15.25
16392,1800,coupe,manual,125,others,150000,petrol,porsche,no,37.17
16393,20500,bus,manual,131,transporter,150000,diesel,volkswagen,no,11.58
16396,21499,coupe,automatic,231,e_klasse,150000,diesel,mercedes_benz,no,9.67
16397,4790,bus,manual,120,zafira,150000,diesel,opel,no,12.67
16398,11800,limousine,manual,86,golf,30000,petrol,volkswagen,no,6.92
16399,10500,limousine,automatic,239,a5,125000,diesel,audi,no,7.75
16401,1500,small car,manual,75,polo,150000,petrol,volkswagen,no,18.42
16402,19500,coupe,manual,239,a5,150000,diesel,audi,no,9.92
16404,9250,bus,automatic,109,b_klasse,90000,diesel,mercedes_benz,no,11.5
16406,2000,bus,manual,116,zafira,150000,petrol,opel,no,19.5
16409,3950,cabrio,manual,90,tigra,50000,petrol,opel,no,13.08
16411,6990,bus,manual,140,alhambra,150000,diesel,seat,no,10.33
16412,900,station wagon,manual,125,passat,150000,petrol,volkswagen,yes,21.92
16413,690,station wagon,manual,116,vectra,150000,petrol,opel,no,21.5
16415,10500,limousine,manual,122,1er,60000,petrol,bmw,no,8.0
16416,3600,small car,manual,80,corsa,150000,petrol,opel,no,10.0
16418,9500,coupe,manual,185,others,80000,petrol,alfa_romeo,no,13.83
16419,900,small car,manual,60,punto,125000,petrol,fiat,no,16.75
16420,8200,station wagon,manual,245,a6,150000,petrol,audi,no,12.92
16423,2500,limousine,manual,101,golf,150000,diesel,volkswagen,yes,16.58
16424,3000,bus,automatic,150,vito,150000,diesel,mercedes_benz,no,15.0
16425,10900,cabrio,automatic,163,clk,125000,petrol,mercedes_benz,no,13.42
16426,18490,station wagon,automatic,170,superb,150000,diesel,skoda,no,5.67
16430,1750,small car,manual,54,seicento,70000,petrol,fiat,no,16.08
16432,5699,station wagon,automatic,140,passat,150000,diesel,volkswagen,no,10.33
16433,1499,others,manual,50,lupo,150000,petrol,volkswagen,no,17.08
16435,5250,limousine,automatic,170,mondeo,125000,petrol,ford,no,13.58
16437,7800,station wagon,manual,170,octavia,150000,diesel,skoda,no,11.83
16438,2450,cabrio,manual,95,ka,150000,petrol,ford,no,15.5
16439,7700,small car,manual,69,polo,100000,petrol,volkswagen,no,8.5
16442,1399,station wagon,automatic,224,e_klasse,150000,petrol,mercedes_benz,no,21.58
16443,5300,limousine,manual,211,cooper,150000,petrol,mini,no,14.58
16447,43000,bus,automatic,190,sprinter,30000,diesel,mercedes_benz,no,3.67
16448,1000,station wagon,manual,102,v40,150000,diesel,volvo,no,17.5
16449,3499,suv,automatic,223,grand,150000,lpg,jeep,no,16.17
16451,600,limousine,automatic,74,a3,150000,petrol,audi,yes,19.5
16452,1680,limousine,manual,101,astra,150000,diesel,opel,no,16.5
16453,7400,bus,manual,102,transporter,150000,diesel,volkswagen,no,20.58
16455,599,small car,manual,60,ibiza,150000,petrol,seat,no,21.0
16456,890,small car,manual,58,twingo,150000,petrol,renault,no,18.58
16457,5900,station wagon,automatic,140,a4,150000,diesel,audi,no,13.75
16458,16500,limousine,automatic,190,a4,125000,diesel,audi,no,10.58
16459,21000,station wagon,automatic,240,a6,150000,diesel,audi,yes,9.83
16461,990,limousine,manual,136,c_klasse,150000,petrol,mercedes_benz,no,22.08
16462,2100,limousine,manual,65,fabia,40000,petrol,skoda,yes,9.25
16465,18300,bus,manual,140,touran,60000,petrol,volkswagen,no,7.25
16466,5800,limousine,automatic,170,others,150000,diesel,mercedes_benz,no,14.33
16467,890,limousine,manual,60,golf,150000,petrol,volkswagen,no,25.0
16468,14300,limousine,automatic,156,c_klasse,70000,petrol,mercedes_benz,no,10.58
16469,10000,limousine,automatic,200,golf,150000,petrol,volkswagen,no,13.33
16470,5999,station wagon,manual,136,others,150000,diesel,mitsubishi,no,11.5
16474,1299,small car,manual,75,2_reihe,150000,petrol,peugeot,no,19.25
16476,4500,station wagon,manual,145,mondeo,150000,petrol,ford,no,15.0
16477,1100,small car,manual,75,golf,150000,petrol,volkswagen,no,21.25
16480,1500,small car,manual,68,2_reihe,150000,diesel,peugeot,yes,13.17
16481,550,station wagon,manual,75,kangoo,150000,petrol,renault,yes,16.92
16482,1800,coupe,manual,83,c_klasse,150000,petrol,mercedes_benz,no,17.25
16484,24900,limousine,automatic,245,5er,150000,diesel,bmw,no,8.25
16485,9499,cabrio,manual,163,a4,150000,petrol,audi,no,14.25
16486,1200,limousine,automatic,207,others,150000,petrol,ford,no,21.58
16488,2999,small car,manual,65,micra,100000,petrol,nissan,no,13.25
16489,7950,bus,manual,105,transporter,150000,diesel,volkswagen,no,12.25
16491,1500,station wagon,manual,150,a4,150000,petrol,audi,yes,21.42
16492,33590,small car,automatic,170,i3,5000,electro,bmw,no,2.25
16495,23000,limousine,automatic,220,golf,50000,petrol,volkswagen,no,5.42
16496,3949,station wagon,manual,136,3_reihe,125000,diesel,peugeot,no,13.83
16497,1899,bus,manual,150,others,150000,petrol,mitsubishi,yes,18.42
16499,500,station wagon,manual,103,others,150000,petrol,fiat,no,18.08
16502,1200,limousine,manual,75,others,90000,petrol,hyundai,no,17.92
16503,2550,limousine,manual,150,astra,150000,petrol,opel,no,26.33
16509,2000,station wagon,manual,125,passat,150000,petrol,volkswagen,no,20.25
16510,15900,coupe,automatic,367,clk,150000,petrol,mercedes_benz,no,13.08
16511,29990,limousine,manual,110,golf,125000,petrol,volkswagen,no,40.58
16513,1350,station wagon,automatic,71,astra,150000,petrol,opel,no,23.42
16517,11999,coupe,manual,128,i_reihe,70000,diesel,hyundai,no,5.75
16519,5000,small car,manual,68,aygo,50000,petrol,toyota,no,11.33
16524,4290,small car,manual,86,clio,100000,diesel,renault,no,12.08
16527,9900,limousine,automatic,200,others,150000,petrol,mercedes_benz,no,45.33
16529,1799,station wagon,manual,90,golf,150000,diesel,volkswagen,no,18.42
16530,6999,bus,manual,102,transporter,150000,diesel,volkswagen,no,21.08
16532,5000,station wagon,manual,143,3er,150000,petrol,bmw,no,15.17
16533,800,limousine,manual,125,a3,150000,petrol,audi,yes,17.25
16534,999,small car,manual,60,ka,70000,petrol,ford,no,16.25
16537,3790,station wagon,manual,131,passat,150000,diesel,volkswagen,no,14.83
16538,5950,small car,manual,101,aveo,70000,petrol,chevrolet,no,9.25
16539,9900,station wagon,automatic,140,passat,150000,diesel,volkswagen,no,9.83
16540,4950,small car,manual,116,cooper,125000,petrol,mini,no,16.0
16541,5299,station wagon,manual,105,passat,150000,diesel,volkswagen,no,11.92
16544,1200,small car,manual,60,polo,150000,petrol,volkswagen,no,17.5
16545,8250,coupe,manual,179,megane,70000,petrol,renault,no,9.75
16547,3500,suv,manual,128,rav,150000,petrol,toyota,no,20.5
16548,4400,small car,manual,115,cooper,150000,petrol,mini,yes,12.17
16550,2750,bus,manual,122,vito,150000,diesel,mercedes_benz,no,16.58
16552,4500,cabrio,manual,192,3er,150000,petrol,bmw,no,17.58
16553,4100,bus,manual,69,caddy,125000,diesel,volkswagen,no,14.42
16554,1500,small car,automatic,60,fortwo,150000,petrol,smart,no,18.83
16555,19000,coupe,automatic,320,others,150000,petrol,porsche,no,31.75
16558,21000,station wagon,automatic,143,a4,125000,diesel,audi,no,6.92
16559,550,limousine,manual,101,passat,150000,petrol,volkswagen,yes,21.75
16561,1150,small car,manual,50,fiesta,150000,petrol,ford,no,16.5
16562,15999,cabrio,manual,218,crossfire,50000,petrol,chrysler,no,13.08
16563,2300,small car,manual,98,clio,150000,petrol,renault,no,14.58
16564,7650,station wagon,manual,179,a6,150000,diesel,audi,no,10.5
16565,500,small car,manual,60,corsa,150000,petrol,opel,no,22.25
16566,950,limousine,manual,75,megane,150000,petrol,renault,no,21.17
16569,650,small car,manual,60,corsa,150000,petrol,opel,no,20.08
16572,750,small car,manual,50,polo,150000,petrol,volkswagen,no,22.0
16574,13999,station wagon,manual,136,a6,150000,diesel,audi,no,9.08
16576,11999,cabrio,automatic,140,eos,150000,diesel,volkswagen,no,11.5
16578,13500,suv,manual,150,x_trail,90000,diesel,nissan,no,9.25
16579,555,coupe,manual,100,3er,150000,petrol,bmw,no,30.08
16581,3299,small car,manual,73,2_reihe,150000,petrol,peugeot,no,9.25
16582,6500,small car,manual,150,colt,125000,petrol,mitsubishi,no,13.42
16583,1400,limousine,automatic,125,a4,150000,petrol,audi,no,22.25
16584,6789,station wagon,automatic,231,5er,150000,diesel,bmw,no,12.83
16585,3300,limousine,manual,106,megane,150000,diesel,renault,yes,8.67
16586,12000,limousine,manual,165,astra,50000,diesel,opel,no,6.5
16587,700,limousine,manual,136,others,150000,petrol,kia,yes,14.25
16588,12950,limousine,manual,136,1er,100000,petrol,bmw,no,6.58
16592,1820,small car,manual,58,clio,90000,petrol,renault,no,15.33
16593,2950,station wagon,manual,163,a4,150000,diesel,audi,no,14.67
16594,7100,bus,manual,125,focus,100000,petrol,ford,no,11.25
16596,4200,small car,manual,90,others,125000,diesel,peugeot,no,10.92
16597,750,station wagon,manual,144,omega,150000,petrol,opel,no,19.83
16598,6500,bus,manual,125,meriva,60000,petrol,opel,no,12.33
16599,2000,limousine,manual,87,yaris,125000,petrol,toyota,no,17.08
16600,950,station wagon,manual,122,v40,150000,petrol,volvo,no,18.08
16601,1900,limousine,automatic,136,c_klasse,125000,petrol,mercedes_benz,no,22.5
16602,15990,station wagon,automatic,160,insignia,100000,diesel,opel,no,7.25
16603,3200,limousine,manual,105,3er,150000,petrol,bmw,no,17.5
16604,10490,limousine,manual,122,golf,60000,petrol,volkswagen,no,8.42
16605,6990,small car,manual,69,picanto,60000,petrol,kia,no,7.0
16606,21000,limousine,automatic,150,x_reihe,40000,petrol,bmw,no,6.25
16607,1800,coupe,automatic,102,3er,150000,petrol,bmw,no,20.25
16608,13990,station wagon,automatic,190,a4,150000,diesel,audi,no,10.67
16609,11500,station wagon,manual,143,a4,150000,diesel,audi,no,7.92
16610,15450,cabrio,manual,122,eos,30000,petrol,volkswagen,no,6.33
16613,1480,limousine,manual,75,golf,150000,petrol,volkswagen,no,19.17
16614,7200,limousine,manual,140,passat,150000,diesel,volkswagen,no,11.5
16616,2950,cabrio,manual,131,others,125000,petrol,fiat,no,18.83
16617,1490,limousine,manual,101,astra,150000,petrol,opel,no,16.58
16619,4900,station wagon,manual,90,lodgy,150000,diesel,dacia,no,6.58
16623,10000,limousine,automatic,334,a6,150000,petrol,audi,no,14.42
16625,900,small car,manual,101,polo,150000,diesel,volkswagen,yes,15.75
16626,49650,station wagon,automatic,333,others,40000,petrol,audi,no,4.58
16627,11000,limousine,automatic,306,e_klasse,150000,petrol,mercedes_benz,no,15.58
16628,3800,small car,manual,75,others,90000,petrol,mazda,no,15.0
16629,7350,bus,manual,102,transporter,150000,diesel,volkswagen,no,20.33
16631,5500,small car,manual,69,corsa,90000,petrol,opel,no,7.58
16634,1500,limousine,manual,101,a3,150000,petrol,audi,no,20.0
16635,59000,cabrio,manual,250,911,150000,petrol,porsche,no,28.42
16637,7200,limousine,manual,140,passat,150000,diesel,volkswagen,no,10.33
16638,7599,limousine,manual,102,a3,125000,petrol,audi,no,10.08
16639,18181,limousine,manual,265,leon,50000,petrol,seat,no,6.67
16641,2900,small car,manual,62,c2,100000,petrol,citroen,no,13.75
16642,5500,bus,manual,115,vito,150000,diesel,mercedes_benz,no,11.83
16643,14000,cabrio,manual,80,others,50000,petrol,porsche,no,47.67
16644,38990,bus,automatic,190,others,20000,diesel,bmw,no,3.58
16646,5490,station wagon,manual,105,astra,80000,petrol,opel,no,12.83
16647,8500,cabrio,manual,150,others,125000,diesel,saab,no,12.42
16649,12500,suv,automatic,180,others,150000,petrol,chrysler,no,41.58
16650,1250,small car,manual,54,seicento,80000,petrol,fiat,no,16.42
16651,950,small car,manual,50,fiesta,150000,petrol,ford,no,19.42
16652,35500,station wagon,manual,170,a4,10000,petrol,audi,no,3.5
16656,3500,small car,manual,92,swift,150000,petrol,suzuki,no,13.17
16657,2990,limousine,manual,120,147,100000,petrol,alfa_romeo,no,14.17
16658,4900,small car,automatic,61,fortwo,60000,petrol,smart,no,8.67
16660,2499,limousine,manual,69,fiesta,125000,petrol,ford,no,11.75
16661,13000,station wagon,manual,105,a3,50000,petrol,audi,no,7.17
16662,2650,limousine,manual,160,galant,150000,petrol,mitsubishi,no,16.92
16663,3900,station wagon,automatic,143,c_klasse,150000,diesel,mercedes_benz,no,16.67
16667,6300,limousine,manual,150,laguna,150000,diesel,renault,no,10.67
16668,7500,station wagon,manual,163,a4,150000,diesel,audi,no,13.83
16669,570,coupe,manual,114,megane,150000,petrol,renault,yes,21.83
16671,4150,small car,manual,101,clio,100000,petrol,renault,no,11.83
16672,27800,cabrio,manual,295,boxster,80000,petrol,porsche,no,10.42
16676,4490,limousine,manual,90,golf,150000,diesel,volkswagen,no,13.75
16677,7200,limousine,manual,200,golf,150000,petrol,volkswagen,no,12.83
16678,14500,station wagon,automatic,435,others,150000,petrol,audi,no,13.0
16679,1500,small car,manual,70,punto,150000,diesel,fiat,no,16.0
16681,750,small car,manual,60,polo,150000,petrol,volkswagen,no,21.25
16682,2750,small car,manual,67,matiz,70000,petrol,daewoo,no,11.83
16683,1050,small car,manual,58,twingo,150000,petrol,renault,no,19.25
16685,1999,limousine,manual,136,3er,150000,diesel,bmw,no,18.92
16686,18800,limousine,manual,131,qashqai,20000,diesel,nissan,no,6.58
16687,2500,cabrio,manual,131,others,125000,petrol,fiat,no,20.75
16688,3580,coupe,manual,120,147,125000,petrol,alfa_romeo,no,13.92
16690,1555,station wagon,manual,122,c_klasse,150000,petrol,mercedes_benz,no,20.08
16691,5350,suv,automatic,163,m_klasse,150000,diesel,mercedes_benz,no,14.17
16693,600,small car,manual,54,others,125000,petrol,skoda,no,20.33
16694,10200,suv,manual,174,touareg,150000,diesel,volkswagen,no,12.17
16695,4900,small car,manual,109,a_klasse,150000,diesel,mercedes_benz,no,10.17
16696,2690,station wagon,manual,136,focus,150000,diesel,ford,no,12.5
16698,1399,small car,manual,50,lupo,150000,petrol,volkswagen,no,18.75
16699,9250,cabrio,manual,150,others,150000,petrol,audi,no,21.33
16700,6400,coupe,manual,193,3er,150000,petrol,bmw,no,20.08
16701,1590,limousine,manual,120,megane,150000,diesel,renault,no,15.67
16704,850,limousine,manual,102,3er,150000,petrol,bmw,no,23.17
16707,16990,suv,automatic,224,m_klasse,150000,diesel,mercedes_benz,no,11.25
16708,23500,limousine,automatic,245,5er,125000,diesel,bmw,no,10.0
16710,2790,small car,manual,63,clio,150000,diesel,renault,no,10.25
16711,10100,suv,automatic,239,touareg,100000,diesel,volkswagen,no,11.0
16712,10000,limousine,automatic,286,7er,150000,lpg,bmw,no,18.08
16714,1900,limousine,manual,75,golf,150000,petrol,volkswagen,no,18.08
16715,19990,suv,manual,150,kuga,20000,petrol,ford,no,3.33
16717,4500,limousine,manual,90,golf,90000,petrol,volkswagen,no,14.92
16718,6199,station wagon,manual,170,a4,150000,diesel,audi,no,10.08
16719,2200,limousine,automatic,122,c_klasse,150000,petrol,mercedes_benz,no,24.5
16720,2222,limousine,manual,122,c_klasse,150000,petrol,mercedes_benz,no,20.42
16722,4999,small car,manual,84,fortwo,100000,petrol,smart,no,10.75
16723,9500,station wagon,manual,160,a3,125000,petrol,audi,no,10.67
16724,11500,cabrio,manual,160,a3,90000,petrol,audi,no,10.67
16726,2000,limousine,manual,87,yaris,125000,petrol,toyota,no,17.08
16727,6000,suv,manual,163,m_klasse,150000,diesel,mercedes_benz,no,19.0
16729,4390,cabrio,manual,90,tigra,125000,petrol,opel,no,14.0
16730,500,small car,manual,54,polo,150000,petrol,volkswagen,no,23.83
16732,8500,station wagon,manual,116,focus,100000,diesel,ford,no,8.0
16733,9399,station wagon,automatic,143,a4,150000,diesel,audi,no,9.58
16734,6400,bus,manual,150,viano,150000,diesel,mercedes_benz,no,13.17
16737,3300,limousine,manual,118,3er,150000,petrol,bmw,no,20.0
16738,500,small car,manual,54,corsa,150000,petrol,opel,no,19.75
16739,7250,station wagon,manual,218,5er,150000,diesel,bmw,no,14.83
16740,3499,cabrio,manual,136,slk,150000,petrol,mercedes_benz,no,20.67
16741,1000,station wagon,manual,130,laguna,150000,diesel,renault,yes,11.58
16744,10222,cabrio,manual,150,tt,90000,petrol,audi,no,13.42
16746,15300,limousine,manual,86,golf,40000,petrol,volkswagen,no,5.5
16748,14200,station wagon,manual,170,c_klasse,150000,diesel,mercedes_benz,no,10.17
16749,4500,bus,manual,145,focus,150000,petrol,ford,no,14.83
16751,3700,station wagon,automatic,140,c_klasse,150000,diesel,mercedes_benz,no,16.42
16753,13000,cabrio,automatic,231,sl,125000,petrol,mercedes_benz,no,22.5
16755,15400,limousine,automatic,292,e_klasse,150000,petrol,mercedes_benz,no,9.25
16757,17500,bus,manual,174,transporter,150000,diesel,volkswagen,no,12.58
16763,9950,cabrio,manual,170,a4,90000,petrol,audi,no,15.25
16764,11400,suv,manual,122,defender,125000,diesel,land_rover,no,15.42
16765,1800,small car,manual,75,corsa,150000,diesel,opel,no,14.33
16767,18890,suv,manual,150,kuga,20000,petrol,ford,no,5.42
16768,6700,bus,manual,116,alhambra,150000,diesel,seat,no,12.25
16769,2750,station wagon,manual,101,focus,150000,diesel,ford,no,13.08
16770,6899,small car,manual,120,fiesta,60000,petrol,ford,no,9.08
16773,8200,station wagon,manual,143,3er,150000,petrol,bmw,no,9.17
16776,22399,station wagon,manual,150,golf,20000,petrol,volkswagen,no,3.25
16778,6890,cabrio,manual,146,mx_reihe,70000,petrol,mazda,no,15.58
16780,850,small car,manual,56,twingo,125000,petrol,renault,no,24.67
16782,600,station wagon,manual,75,astra,125000,petrol,opel,no,21.17
16784,12500,bus,automatic,99,verso,30000,petrol,toyota,no,7.5
16785,850,small car,manual,60,polo,150000,petrol,volkswagen,no,19.83
16787,1660,limousine,manual,75,golf,150000,petrol,volkswagen,no,17.25
16789,2300,limousine,manual,160,c_klasse,150000,petrol,mercedes_benz,no,18.42
16790,650,limousine,manual,102,a4,150000,petrol,audi,no,20.25
16794,950,small car,manual,45,polo,90000,petrol,volkswagen,no,28.25
16795,350,limousine,manual,101,golf,150000,petrol,volkswagen,no,21.5
16796,17500,station wagon,manual,100,others,20000,petrol,ford,no,4.58
16797,2000,station wagon,manual,116,passat,150000,diesel,volkswagen,no,18.25
16800,5850,limousine,automatic,95,a_klasse,90000,petrol,mercedes_benz,no,13.75
16801,24500,station wagon,automatic,245,3er,100000,diesel,bmw,no,7.83
16802,4500,limousine,manual,109,a_klasse,150000,diesel,mercedes_benz,no,11.75
16804,7999,cabrio,manual,116,cooper,100000,petrol,mini,no,12.58
16805,7999,limousine,manual,102,a3,125000,petrol,audi,no,11.58
16806,55555,coupe,manual,340,1er,40000,petrol,bmw,no,6.08
16808,6400,small car,manual,86,punto,125000,diesel,fiat,no,7.25
16809,1500,limousine,automatic,122,c_klasse,150000,petrol,mercedes_benz,no,21.67
16810,150,small car,manual,88,corolla,150000,petrol,toyota,yes,25.33
16812,7600,limousine,manual,150,3er,125000,petrol,bmw,no,11.17
16813,21000,small car,manual,211,cooper,40000,petrol,mini,no,8.83
16814,1000,others,automatic,155,others,90000,lpg,daewoo,yes,14.25
16815,600,coupe,manual,116,astra,150000,petrol,opel,yes,18.17
16816,890,small car,manual,60,polo,150000,petrol,volkswagen,no,21.67
16817,4990,bus,manual,105,caddy,150000,diesel,volkswagen,no,9.0
16818,7300,cabrio,automatic,163,slk,90000,petrol,mercedes_benz,no,18.42
16819,3800,limousine,manual,193,5er,150000,petrol,bmw,no,19.75
16820,13500,limousine,manual,170,golf,150000,diesel,volkswagen,no,8.75
16821,3790,small car,manual,95,2_reihe,125000,petrol,peugeot,no,9.17
16822,47800,suv,automatic,250,grand,40000,diesel,jeep,no,4.5
16823,2000,cabrio,automatic,55,fortwo,150000,petrol,smart,no,17.58
16824,2200,limousine,automatic,150,5er,150000,petrol,bmw,no,20.67
16825,999,small car,manual,50,arosa,150000,petrol,seat,no,18.25
16828,8900,limousine,automatic,163,insignia,150000,diesel,opel,no,9.42
16829,18300,suv,manual,140,kuga,70000,diesel,ford,no,5.5
16830,6500,limousine,manual,105,a3,150000,diesel,audi,no,11.42
16831,2149,station wagon,manual,145,mondeo,150000,petrol,ford,no,13.33
16833,4000,limousine,automatic,235,5er,150000,petrol,bmw,no,20.33
16835,10500,bus,manual,102,transporter,150000,diesel,volkswagen,no,20.33
16838,2290,limousine,manual,130,c5,150000,diesel,citroen,no,11.08
16840,1900,limousine,manual,131,golf,150000,diesel,volkswagen,yes,16.58
16841,15450,limousine,manual,122,leon,40000,petrol,seat,no,4.25
16842,2550,small car,manual,68,swift,150000,petrol,suzuki,no,20.08
16843,1800,others,manual,54,polo,150000,petrol,volkswagen,no,15.25
16845,10995,cabrio,manual,150,z_reihe,150000,petrol,bmw,no,13.5
16846,1450,small car,automatic,75,2_reihe,150000,petrol,peugeot,no,17.58
16847,9200,station wagon,manual,105,ibiza,40000,petrol,seat,no,6.58
16850,1500,bus,manual,110,transit,150000,diesel,ford,yes,9.08
16852,990,limousine,manual,116,mondeo,150000,petrol,ford,no,19.5
16853,780,limousine,automatic,116,toledo,90000,petrol,seat,no,21.75
16855,1899,bus,manual,120,others,150000,diesel,renault,no,14.67
16856,950,station wagon,automatic,170,c_klasse,150000,petrol,mercedes_benz,no,17.75
16857,2250,limousine,manual,165,a4,150000,petrol,audi,no,18.5
16859,10499,bus,manual,122,golf,50000,petrol,volkswagen,no,10.33
16860,800,station wagon,automatic,211,omega,150000,petrol,opel,no,20.58
16861,1500,station wagon,manual,136,focus,150000,diesel,ford,yes,12.5
16863,7700,limousine,manual,140,leon,125000,diesel,seat,no,10.42
16864,1499,small car,manual,54,polo,150000,petrol,volkswagen,no,26.08
16865,12700,cabrio,automatic,200,sl,150000,petrol,mercedes_benz,no,47.83
16866,1500,small car,automatic,75,2_reihe,150000,petrol,peugeot,no,17.92
16870,1400,small car,manual,50,lupo,150000,petrol,volkswagen,no,19.75
16871,2999,station wagon,manual,116,passat,150000,petrol,volkswagen,no,17.75
16872,4699,limousine,manual,140,a3,150000,diesel,audi,no,14.17
16873,3350,cabrio,manual,61,fortwo,90000,petrol,smart,no,15.67
16875,4999,bus,manual,174,transporter,150000,diesel,volkswagen,yes,14.0
16876,990,limousine,manual,101,vectra,150000,petrol,opel,no,18.17
16877,850,limousine,automatic,150,e_klasse,150000,diesel,mercedes_benz,yes,16.25
16878,1700,station wagon,automatic,130,passat,150000,diesel,volkswagen,no,15.25
16879,10299,small car,manual,90,one,125000,diesel,mini,no,8.17
16881,8999,limousine,manual,122,3er,150000,diesel,bmw,no,12.83
16882,500,station wagon,manual,103,others,150000,petrol,fiat,no,18.08
16883,1300,small car,manual,60,corsa,150000,petrol,opel,no,14.75
16884,500,limousine,manual,135,carisma,150000,petrol,mitsubishi,yes,20.67
16885,19500,bus,manual,140,others,30000,diesel,ford,no,5.0
16887,3599,limousine,manual,150,3_reihe,150000,petrol,mazda,no,14.33
16888,1900,station wagon,manual,90,passat,150000,diesel,volkswagen,no,18.67
16889,8300,limousine,manual,80,golf,80000,petrol,volkswagen,no,9.83
16890,8450,limousine,automatic,258,5er,150000,lpg,bmw,no,13.92
16891,8249,bus,manual,90,i_reihe,90000,petrol,hyundai,no,7.17
16894,2150,small car,manual,68,2_reihe,150000,diesel,peugeot,no,12.92
16896,3200,cabrio,manual,125,cr_reihe,150000,petrol,honda,no,20.5
16899,12250,suv,automatic,239,i_reihe,150000,diesel,hyundai,no,8.83
16902,1000,station wagon,manual,101,focus,150000,petrol,ford,no,19.25
16903,10400,limousine,manual,105,golf,125000,diesel,volkswagen,no,8.58
16904,1250,small car,manual,60,punto,150000,petrol,fiat,no,17.08
16905,2950,small car,manual,68,forfour,150000,diesel,smart,no,12.25
16906,5555,limousine,manual,209,kadett,20000,petrol,opel,no,27.08
16909,1900,limousine,manual,105,3er,150000,petrol,bmw,no,19.25
16911,500,limousine,manual,71,astra,150000,petrol,opel,no,24.75
16912,2999,limousine,manual,122,c_klasse,150000,petrol,mercedes_benz,no,19.5
16913,1800,limousine,manual,75,vectra,90000,petrol,opel,no,23.0
16915,8800,small car,manual,109,rio,90000,petrol,kia,no,8.0
16918,5000,cabrio,manual,193,3er,150000,petrol,bmw,no,22.42
16919,10380,small car,manual,92,2_reihe,60000,diesel,peugeot,no,6.75
16920,12499,suv,manual,150,x_reihe,125000,diesel,bmw,no,11.75
16923,9500,others,automatic,156,others,150000,petrol,mercedes_benz,no,39.17
16924,25600,bus,manual,114,others,60000,diesel,volkswagen,no,6.25
16927,670,limousine,manual,58,clio,150000,petrol,renault,no,18.83
16929,4300,small car,manual,125,corsa,150000,diesel,opel,no,11.17
16930,13000,cabrio,automatic,232,a4,150000,diesel,audi,no,10.58
16931,16200,limousine,automatic,163,5er,100000,diesel,bmw,no,9.08
16932,500,station wagon,automatic,125,a4,150000,petrol,audi,no,21.67
16933,5299,suv,automatic,163,m_klasse,150000,diesel,mercedes_benz,no,17.0
16934,4500,coupe,manual,193,c_reihe,150000,petrol,volvo,no,19.08
16935,15000,station wagon,automatic,239,a6,150000,diesel,audi,no,10.0
16936,3650,small car,manual,60,corsa,70000,petrol,opel,no,12.67
16938,800,small car,manual,55,twingo,150000,petrol,renault,no,20.83
16939,8990,station wagon,manual,177,5er,150000,diesel,bmw,no,12.92
16940,4290,small car,manual,64,polo,100000,petrol,volkswagen,no,13.0
16942,1190,station wagon,manual,120,kalos,125000,petrol,daewoo,no,15.17
16943,950,small car,manual,60,fiesta,150000,petrol,ford,yes,16.25
16944,1890,station wagon,manual,116,a4,150000,diesel,audi,no,17.33
16945,1000,limousine,manual,105,3er,150000,petrol,bmw,no,19.58
16948,700,limousine,automatic,268,others,150000,petrol,chrysler,yes,17.0
16949,1700,station wagon,automatic,101,golf,150000,diesel,volkswagen,no,19.0
16950,15000,limousine,automatic,190,a6,150000,diesel,audi,no,8.25
16951,1450,small car,manual,75,golf,150000,petrol,volkswagen,no,19.0
16954,3690,coupe,automatic,45,fortwo,70000,petrol,smart,no,9.17
16955,2250,bus,manual,101,meriva,150000,diesel,opel,no,14.08
16956,8450,cabrio,manual,150,eos,150000,petrol,volkswagen,no,12.58
16957,2500,limousine,manual,108,others,90000,petrol,mercedes_benz,no,27.67
16960,2490,small car,manual,60,punto,80000,petrol,fiat,no,16.08
16961,16880,limousine,manual,110,golf,10000,petrol,volkswagen,no,3.58
16962,4500,limousine,automatic,155,vectra,60000,petrol,opel,no,14.25
16965,9900,small car,manual,86,ibiza,50000,petrol,seat,no,6.92
16966,8200,limousine,manual,143,1er,150000,diesel,bmw,no,12.0
16968,1759,cabrio,manual,75,golf,150000,petrol,volkswagen,no,18.25
16969,5800,limousine,manual,69,polo,125000,diesel,volkswagen,no,9.58
16970,7000,cabrio,automatic,193,sl,150000,petrol,mercedes_benz,no,23.5
16971,999,limousine,manual,90,golf,150000,petrol,volkswagen,no,23.83
16972,19900,coupe,automatic,235,golf,70000,petrol,volkswagen,no,7.75
16973,3150,limousine,automatic,150,3er,150000,diesel,bmw,no,14.75
16975,2150,station wagon,manual,113,scenic,150000,petrol,renault,no,15.83
16977,2800,cabrio,manual,98,golf,150000,petrol,volkswagen,no,28.67
16978,3200,limousine,manual,102,golf,150000,petrol,volkswagen,no,15.25
16979,12000,coupe,manual,211,cooper,150000,petrol,mini,no,13.0
16981,3590,limousine,manual,115,beetle,150000,petrol,volkswagen,no,18.17
16982,900,small car,manual,54,seicento,125000,petrol,fiat,no,17.33
16983,22500,limousine,manual,204,ceed,40000,petrol,kia,no,3.5
16984,3200,bus,manual,110,5_reihe,150000,diesel,mazda,no,12.08
16985,8494,station wagon,manual,170,a4,150000,diesel,audi,no,10.17
16986,1799,station wagon,manual,110,passat,150000,diesel,volkswagen,no,22.0
16987,4500,limousine,manual,105,astra,150000,petrol,opel,no,12.67
16988,24900,limousine,automatic,184,golf,60000,diesel,volkswagen,no,5.58
16989,500,small car,manual,75,polo,125000,petrol,volkswagen,no,24.58
16990,3500,bus,automatic,110,transporter,150000,petrol,volkswagen,no,22.08
16991,3850,suv,manual,124,others,150000,petrol,mazda,no,17.67
16992,7400,station wagon,manual,101,golf,100000,diesel,volkswagen,no,11.17
16993,2800,limousine,manual,116,bora,150000,diesel,volkswagen,no,20.0
16994,1750,limousine,automatic,136,e_klasse,150000,petrol,mercedes_benz,no,20.25
16996,2300,limousine,manual,95,a_klasse,150000,diesel,mercedes_benz,no,15.92
16997,15999,station wagon,automatic,435,others,150000,petrol,audi,no,13.0
16998,2150,limousine,manual,101,a3,150000,petrol,audi,no,19.75
17001,3650,limousine,manual,109,others,150000,petrol,mercedes_benz,no,27.5
17002,3799,cabrio,manual,110,mx_reihe,150000,petrol,mazda,no,16.5
17004,3980,small car,manual,94,others,150000,petrol,renault,no,28.08
17005,950,small car,manual,50,micra,150000,petrol,nissan,no,20.83
17006,1250,coupe,manual,136,clk,150000,petrol,mercedes_benz,no,20.17
17007,1500,station wagon,manual,136,ptcruiser,150000,petrol,chrysler,no,14.5
17008,13900,station wagon,manual,143,a4,150000,diesel,audi,no,8.25
17009,1500,limousine,manual,109,others,150000,petrol,mercedes_benz,no,25.83
17013,1280,suv,manual,94,justy,150000,petrol,subaru,no,15.75
17016,850,small car,manual,60,polo,125000,petrol,volkswagen,no,21.08
17017,15999,bus,manual,147,vito,150000,diesel,mercedes_benz,no,9.75
17018,4999,station wagon,manual,179,a6,150000,diesel,audi,no,15.0
17020,5290,limousine,manual,143,3er,125000,petrol,bmw,no,15.75
17022,1950,limousine,manual,125,vectra,150000,petrol,opel,no,16.25
17024,2000,small car,automatic,102,a_klasse,125000,petrol,mercedes_benz,no,18.08
17026,10300,limousine,automatic,190,e_klasse,150000,diesel,mercedes_benz,no,12.5
17027,3300,suv,manual,150,m_klasse,150000,petrol,mercedes_benz,no,20.75
17030,3050,small car,manual,75,megane,150000,petrol,renault,no,15.92
17031,2150,limousine,manual,125,mondeo,150000,petrol,ford,no,17.5
17032,9999,station wagon,manual,140,golf,125000,diesel,volkswagen,yes,9.25
17036,6700,small car,manual,86,ibiza,90000,petrol,seat,no,8.42
17037,1890,limousine,manual,125,golf,150000,petrol,volkswagen,no,20.0
17038,900,limousine,manual,101,focus,150000,petrol,ford,no,20.0
17040,3000,station wagon,automatic,122,c_klasse,150000,petrol,mercedes_benz,no,17.08
17041,1650,coupe,automatic,193,clk,150000,cng,mercedes_benz,yes,18.58
17042,2999,station wagon,manual,98,a3,150000,diesel,audi,no,17.83
17043,5200,limousine,manual,105,passat,150000,diesel,volkswagen,no,12.5
17044,3300,small car,manual,75,ibiza,125000,petrol,seat,no,14.33
17046,4200,limousine,automatic,193,5er,150000,petrol,bmw,no,21.25
17047,800,small car,manual,75,lupo,150000,petrol,volkswagen,no,19.25
17048,11450,cabrio,manual,122,eos,30000,petrol,volkswagen,no,9.42
17049,1550,limousine,manual,109,e_klasse,150000,petrol,mercedes_benz,no,27.42
17050,1199,small car,manual,60,golf,150000,petrol,volkswagen,no,20.08
17051,2000,station wagon,manual,136,3er,150000,diesel,bmw,no,18.83
17052,2490,cabrio,automatic,54,fortwo,125000,petrol,smart,no,18.33
17053,4500,limousine,manual,116,golf,150000,petrol,volkswagen,no,23.83
17056,600,small car,manual,60,polo,150000,petrol,volkswagen,no,20.58
17060,4490,small car,automatic,61,fortwo,70000,petrol,smart,no,6.42
17061,8500,station wagon,manual,105,golf,150000,diesel,volkswagen,no,9.5
17062,2799,coupe,manual,116,beetle,150000,petrol,volkswagen,no,20.75
17066,2990,bus,manual,101,transit,125000,diesel,ford,no,17.83
17067,4800,limousine,manual,140,golf,150000,diesel,volkswagen,no,14.17
17070,3800,limousine,automatic,136,e_klasse,150000,diesel,mercedes_benz,no,11.08
17071,6490,small car,manual,116,cooper,150000,petrol,mini,no,13.67
17073,11000,others,manual,109,sprinter,125000,diesel,mercedes_benz,no,9.42
17074,7539,cabrio,manual,90,one,125000,petrol,mini,no,12.42
17075,5480,station wagon,manual,131,a4,150000,petrol,audi,no,15.33
17077,3500,station wagon,manual,109,others,150000,diesel,fiat,no,13.67
17078,11899,small car,automatic,90,corsa,20000,petrol,opel,no,3.17
17080,800,small car,manual,75,golf,150000,petrol,volkswagen,no,21.67
17081,4999,coupe,automatic,113,3er,150000,petrol,bmw,no,30.75
17082,2690,bus,manual,101,others,125000,petrol,hyundai,no,14.67
17083,5000,station wagon,automatic,177,signum,150000,diesel,opel,no,13.17
17085,5450,small car,manual,75,twingo,40000,petrol,renault,no,7.42
17087,16799,cabrio,automatic,163,clk,60000,petrol,mercedes_benz,no,11.17
17088,5690,small car,manual,80,polo,70000,petrol,volkswagen,no,11.5
17090,1300,limousine,manual,101,astra,150000,petrol,opel,no,20.25
17093,1900,station wagon,automatic,150,a4,150000,diesel,audi,no,19.25
17095,4800,station wagon,manual,140,a3,150000,diesel,audi,no,12.67
17096,3000,small car,manual,109,2_reihe,150000,petrol,peugeot,no,12.33
17097,590,station wagon,manual,82,astra,150000,diesel,opel,no,21.0
17100,800,bus,manual,90,scenic,150000,diesel,renault,no,15.0
17102,4000,small car,manual,90,yaris,150000,diesel,toyota,no,11.58
17103,1800,station wagon,automatic,218,c_klasse,150000,petrol,mercedes_benz,no,16.17
17104,5450,limousine,automatic,275,a8,150000,diesel,audi,no,14.08
17105,1500,small car,manual,50,lupo,125000,petrol,volkswagen,no,19.25
17107,1500,limousine,manual,150,a6,150000,diesel,audi,no,19.25
17109,16200,cabrio,manual,140,a4,80000,diesel,audi,no,9.25
17110,1100,small car,automatic,60,polo,100000,petrol,volkswagen,no,20.17
17111,3599,limousine,manual,95,colt,125000,petrol,mitsubishi,no,10.0
17112,2999,small car,manual,88,2_reihe,125000,petrol,peugeot,no,12.92
17115,7499,small car,manual,105,ibiza,70000,petrol,seat,no,9.58
17116,6980,suv,manual,86,jimny,90000,petrol,suzuki,no,12.92
17118,3950,limousine,manual,122,c_klasse,150000,diesel,mercedes_benz,no,15.58
17119,2500,limousine,automatic,128,avensis,125000,petrol,toyota,no,21.0
17121,40850,suv,automatic,245,touareg,60000,diesel,volkswagen,no,6.92
17122,2500,limousine,manual,82,a_klasse,150000,petrol,mercedes_benz,no,17.67
17124,600,limousine,manual,170,5er,150000,petrol,bmw,yes,22.17
17126,990,suv,manual,95,sportage,150000,petrol,kia,no,24.92
17127,3499,limousine,automatic,125,astra,150000,petrol,opel,no,14.33
17128,7850,station wagon,manual,170,passat,150000,diesel,volkswagen,no,12.5
17130,700,station wagon,manual,109,4_reihe,150000,diesel,peugeot,no,18.83
17132,1000,station wagon,manual,110,octavia,150000,diesel,skoda,yes,18.08
17134,4950,small car,automatic,71,fortwo,50000,petrol,smart,no,9.25
17135,4800,suv,manual,116,rav,150000,diesel,toyota,no,16.67
17137,9750,limousine,manual,140,a3,150000,diesel,audi,no,10.92
17138,16900,suv,manual,140,tiguan,100000,diesel,volkswagen,no,8.67
17140,799,station wagon,automatic,116,astra,150000,petrol,opel,yes,18.25
17141,3890,bus,automatic,177,others,150000,diesel,renault,no,13.17
17142,6200,suv,manual,88,transporter,125000,diesel,volkswagen,no,18.25
17143,1200,small car,manual,90,a_klasse,150000,diesel,mercedes_benz,yes,18.33
17144,5000,limousine,manual,90,beetle,150000,diesel,volkswagen,no,17.75
17147,1499,limousine,automatic,101,vectra,125000,petrol,opel,no,20.75
17148,2100,limousine,automatic,145,mustang,150000,petrol,ford,no,17.67
17149,12999,coupe,manual,160,scirocco,90000,petrol,volkswagen,no,8.92
17151,750,station wagon,manual,198,a6,150000,petrol,audi,yes,21.17
17153,3500,others,manual,120,scenic,150000,diesel,renault,yes,14.0
17154,3500,cabrio,manual,155,spider,150000,petrol,alfa_romeo,no,20.83
17156,1499,small car,manual,75,civic,150000,petrol,honda,yes,21.33
17157,14800,coupe,automatic,200,scirocco,70000,petrol,volkswagen,no,9.67
17158,2500,small car,manual,58,corsa,150000,petrol,opel,no,15.33
17159,1000,limousine,manual,116,3er,150000,petrol,bmw,yes,16.33
17160,500,small car,manual,39,micra,125000,petrol,nissan,yes,18.58
17161,2000,small car,manual,75,fox,150000,petrol,volkswagen,no,12.67
17163,8999,small car,manual,174,cooper,80000,petrol,mini,no,11.75
17167,6500,suv,manual,185,wrangler,90000,petrol,jeep,no,23.17
17168,12499,station wagon,manual,143,a4,150000,diesel,audi,no,9.08
17169,8900,limousine,manual,140,civic,50000,petrol,honda,no,8.5
17170,349,limousine,manual,90,80,150000,petrol,audi,no,25.25
17171,31555,limousine,automatic,184,golf,30000,diesel,volkswagen,no,4.83
17174,800,coupe,manual,102,3er,150000,petrol,bmw,no,20.83
17178,15500,limousine,automatic,136,1er,40000,petrol,bmw,no,6.92
17179,8950,station wagon,manual,140,insignia,125000,petrol,opel,no,9.75
17180,9000,suv,automatic,218,others,150000,diesel,jeep,no,11.17
17181,1500,limousine,manual,204,golf,150000,petrol,volkswagen,no,16.75
17182,5200,station wagon,manual,116,avensis,150000,diesel,toyota,no,14.5
17183,4600,limousine,manual,75,golf,125000,petrol,volkswagen,no,15.0
17184,3600,bus,manual,101,meriva,150000,diesel,opel,no,15.0
17185,21450,coupe,manual,170,scirocco,40000,diesel,volkswagen,no,6.42
17186,5700,cabrio,manual,136,focus,150000,diesel,ford,no,12.75
17189,5900,coupe,automatic,163,clk,40000,petrol,mercedes_benz,no,18.5
17192,600,limousine,manual,90,others,60000,petrol,ford,no,18.58
17194,2350,station wagon,manual,131,golf,150000,diesel,volkswagen,no,15.83
17195,38000,station wagon,automatic,340,others,40000,petrol,audi,no,6.42
17197,16500,station wagon,manual,190,a6,150000,diesel,audi,no,8.83
17198,680,coupe,manual,106,tigra,150000,petrol,opel,yes,19.75
17199,3000,bus,manual,109,touran,150000,cng,volkswagen,yes,12.75
17200,2950,bus,manual,77,doblo,150000,petrol,fiat,no,11.08
17201,3150,small car,manual,65,picanto,70000,petrol,kia,no,11.25
17202,2800,limousine,manual,75,golf,150000,petrol,volkswagen,no,14.83
17203,12500,limousine,manual,165,astra,125000,diesel,opel,no,6.25
17205,750,small car,manual,54,corsa,150000,petrol,opel,no,19.42
17206,700,limousine,manual,55,polo,125000,petrol,volkswagen,no,24.5
17207,4400,station wagon,manual,170,4_reihe,150000,diesel,peugeot,no,11.58
17208,1180,small car,manual,75,clio,150000,petrol,renault,no,19.0
17209,24500,limousine,automatic,110,a3,5000,diesel,audi,no,3.42
17210,780,small car,manual,60,ka,150000,petrol,ford,no,17.67
17211,4500,limousine,manual,110,corolla,125000,petrol,toyota,no,14.92
17213,850,limousine,manual,90,others,150000,diesel,citroen,no,18.25
17215,2190,station wagon,manual,125,zafira,150000,petrol,opel,no,15.5
17216,6999,cabrio,manual,170,cooper,150000,petrol,mini,no,13.25
17217,8500,coupe,automatic,136,others,150000,petrol,mercedes_benz,no,37.33
17219,6150,station wagon,manual,143,6_reihe,150000,diesel,mazda,no,11.0
17221,14999,bus,manual,77,transporter,150000,diesel,volkswagen,no,22.83
17222,10500,bus,manual,131,transporter,150000,diesel,volkswagen,no,11.25
17223,800,small car,manual,58,twingo,125000,petrol,renault,yes,16.33
17225,1700,limousine,manual,125,passat,150000,petrol,volkswagen,no,20.33
17226,550,small car,manual,60,others,150000,petrol,citroen,no,18.33
17227,1950,small car,automatic,60,micra,100000,petrol,nissan,no,17.25
17228,500,limousine,manual,92,mondeo,150000,petrol,ford,yes,17.0
17229,3200,limousine,manual,82,a_klasse,150000,petrol,mercedes_benz,no,15.75
17230,1290,limousine,manual,170,5er,150000,petrol,bmw,no,22.17
17232,1490,small car,manual,75,corsa,150000,petrol,opel,no,16.75
17233,11400,limousine,automatic,256,a6,125000,petrol,audi,no,13.5
17235,2100,small car,manual,64,polo,150000,petrol,volkswagen,no,15.83
17237,11400,station wagon,automatic,160,c5,150000,diesel,citroen,no,7.92
17240,4250,station wagon,manual,135,laguna,150000,petrol,renault,no,15.92
17241,4670,suv,manual,75,others,150000,petrol,jeep,no,51.83
17242,11499,bus,manual,140,touran,150000,diesel,volkswagen,no,7.08
17243,2800,small car,manual,120,others,150000,diesel,fiat,no,12.58
17244,16850,suv,automatic,197,sorento,100000,diesel,kia,no,8.92
17245,500,limousine,manual,116,primera,150000,petrol,nissan,yes,22.75
17246,8900,coupe,automatic,299,cl,150000,lpg,mercedes_benz,no,18.17
17247,11000,cabrio,automatic,231,3er,150000,petrol,bmw,no,16.0
17248,4400,limousine,automatic,83,jazz,125000,petrol,honda,no,12.5
17249,15998,station wagon,automatic,184,c_klasse,150000,petrol,mercedes_benz,no,6.17
17251,2222,station wagon,manual,136,3er,150000,diesel,bmw,no,18.17
17256,14999,cabrio,manual,163,slk,125000,petrol,mercedes_benz,no,12.0
17258,2960,station wagon,manual,193,a6,150000,petrol,audi,no,19.25
17260,2000,small car,manual,69,corsa,150000,diesel,opel,no,15.0
17262,2650,limousine,manual,140,147,150000,diesel,alfa_romeo,no,15.58
17265,8200,limousine,manual,150,x_reihe,150000,diesel,bmw,no,11.17
17267,1000,station wagon,manual,131,mondeo,150000,petrol,ford,no,17.33
17269,27499,limousine,manual,184,x_reihe,60000,diesel,bmw,no,5.75
17270,2400,limousine,manual,118,3er,150000,petrol,bmw,no,19.42
17271,999,station wagon,manual,110,4_reihe,150000,petrol,peugeot,no,20.5
17275,680,small car,manual,64,ibiza,150000,petrol,seat,yes,16.58
17277,4900,small car,manual,95,colt,90000,petrol,mitsubishi,no,11.42
17278,879,coupe,manual,147,megane,125000,petrol,renault,no,22.75
17279,12500,station wagon,automatic,231,5er,150000,diesel,bmw,no,12.17
17280,2900,limousine,manual,116,a4,150000,diesel,audi,yes,12.08
17281,1600,station wagon,manual,113,megane,150000,petrol,renault,yes,13.92
17282,3500,station wagon,manual,131,passat,150000,diesel,volkswagen,no,13.08
17283,14200,station wagon,manual,140,touran,125000,diesel,volkswagen,no,7.75
17285,1250,bus,manual,101,others,150000,petrol,mazda,no,18.75
17286,14600,small car,manual,86,a1,20000,petrol,audi,no,4.75
17287,1050,small car,manual,60,1_reihe,150000,petrol,peugeot,no,19.25
17288,8888,bus,automatic,193,b_klasse,80000,petrol,mercedes_benz,no,13.83
17289,14350,cabrio,automatic,163,slk,80000,petrol,mercedes_benz,no,13.5
17290,7150,limousine,manual,122,3er,150000,diesel,bmw,no,12.83
17291,190,small car,manual,50,fiesta,150000,petrol,ford,no,23.75
17292,1000,limousine,automatic,95,colt,70000,petrol,mitsubishi,yes,11.58
17293,4000,limousine,manual,75,sandero,50000,petrol,dacia,no,8.42
17294,2250,limousine,manual,190,golf,150000,petrol,volkswagen,no,21.08
17295,13300,limousine,manual,105,golf,30000,petrol,volkswagen,no,7.0
17296,6999,coupe,automatic,170,clk,150000,diesel,mercedes_benz,no,15.67
17297,2700,station wagon,manual,131,golf,150000,diesel,volkswagen,no,15.08
17298,200,small car,manual,75,golf,150000,petrol,volkswagen,yes,29.17
17299,16500,suv,manual,140,kuga,125000,diesel,ford,no,6.25
17300,360,station wagon,manual,130,mondeo,150000,petrol,ford,yes,18.42
17301,399,others,manual,65,escort,150000,petrol,ford,no,23.67
17302,6850,small car,manual,90,ibiza,125000,diesel,seat,no,9.92
17303,450,station wagon,manual,90,focus,150000,petrol,ford,yes,19.42
17305,16400,station wagon,automatic,476,e_klasse,150000,petrol,mercedes_benz,no,13.42
17306,13600,small car,manual,101,fiesta,5000,petrol,ford,no,2.08
17308,6590,limousine,automatic,120,astra,100000,diesel,opel,no,11.08
17309,690,limousine,manual,90,carisma,150000,petrol,mitsubishi,no,21.5
17310,11900,station wagon,automatic,170,e_klasse,150000,diesel,mercedes_benz,no,9.33
17311,7800,bus,manual,151,transporter,150000,diesel,volkswagen,no,19.42
17314,16490,station wagon,manual,125,a3,40000,petrol,audi,no,6.92
17315,2450,limousine,manual,110,golf,150000,diesel,volkswagen,no,20.5
17316,8750,small car,manual,70,polo,70000,petrol,volkswagen,no,8.33
17317,16800,limousine,manual,170,1er,60000,petrol,bmw,no,7.5
17318,5900,small car,manual,101,500,90000,petrol,fiat,no,10.67
17319,5500,limousine,automatic,131,a4,150000,diesel,audi,no,13.08
17321,18000,coupe,manual,192,astra,70000,petrol,opel,no,20.17
17322,550,limousine,manual,65,astra,150000,petrol,opel,no,19.83
17325,700,station wagon,manual,75,astra,150000,petrol,opel,no,20.83
17327,6000,station wagon,manual,165,zafira,30000,diesel,opel,no,8.0
17332,14900,station wagon,automatic,170,passat,150000,diesel,volkswagen,no,8.58
17333,750,small car,manual,50,seicento,150000,petrol,fiat,no,16.58
17335,1510,small car,manual,82,a_klasse,100000,petrol,mercedes_benz,no,19.75
17337,400,coupe,manual,45,polo,150000,petrol,volkswagen,no,26.92
17338,5000,station wagon,manual,220,a6,150000,petrol,audi,no,15.33
17339,2300,station wagon,manual,125,forester,150000,lpg,subaru,no,18.0
17342,5800,small car,manual,92,swift,40000,petrol,suzuki,no,9.42
17344,4980,limousine,manual,140,golf,125000,diesel,volkswagen,yes,14.25
17346,189,coupe,manual,190,a5,5000,diesel,audi,no,2.58
17348,900,coupe,manual,140,3er,150000,petrol,bmw,no,20.5
17350,4500,bus,manual,90,meriva,100000,petrol,opel,no,10.17
17351,17500,station wagon,automatic,235,5er,150000,diesel,bmw,no,10.58
17352,4699,station wagon,manual,101,a4,150000,diesel,audi,no,14.58
17353,21000,bus,manual,102,caddy,30000,diesel,volkswagen,no,3.25
17356,550,limousine,manual,82,bravo,150000,petrol,fiat,no,19.5
17358,7250,station wagon,manual,116,mondeo,150000,diesel,ford,no,8.33
17359,39999,station wagon,automatic,170,e_klasse,40000,diesel,mercedes_benz,no,4.42
17360,1480,small car,manual,75,twingo,30000,petrol,renault,yes,5.33
17361,3950,station wagon,manual,105,astra,150000,petrol,opel,no,12.33
17362,2999,limousine,manual,109,c4,80000,petrol,citroen,no,12.25
17363,5500,limousine,automatic,95,a_klasse,125000,diesel,mercedes_benz,no,15.92
17364,1490,coupe,manual,150,3er,150000,petrol,bmw,no,21.58
17367,199,small car,manual,60,micra,5000,petrol,nissan,yes,21.83
17368,1500,limousine,manual,110,3_reihe,150000,petrol,peugeot,no,16.0
17370,4450,coupe,manual,179,tt,150000,petrol,audi,no,16.25
17372,2750,limousine,manual,131,mondeo,150000,diesel,ford,no,12.75
17373,15400,limousine,manual,211,golf,100000,petrol,volkswagen,no,8.25
17374,1200,bus,manual,77,transporter,150000,diesel,volkswagen,no,25.5
17375,1450,limousine,manual,75,civic,125000,petrol,honda,no,19.42
17376,1999,small car,manual,60,corsa,125000,petrol,opel,no,14.83
17379,8770,station wagon,automatic,165,astra,150000,diesel,opel,no,8.0
17380,2100,limousine,manual,75,golf,150000,petrol,volkswagen,no,22.5
17382,4800,bus,manual,150,vito,150000,diesel,mercedes_benz,no,14.75
17386,10900,coupe,automatic,306,cl,150000,petrol,mercedes_benz,no,18.08
17387,1100,limousine,automatic,136,c5,150000,petrol,citroen,no,17.67
17388,10500,limousine,automatic,333,5er,150000,petrol,bmw,no,14.42
17389,6999,coupe,automatic,122,c_klasse,125000,diesel,mercedes_benz,no,14.33
17391,999,small car,manual,60,ka,125000,petrol,ford,no,20.17
17392,6598,bus,manual,116,b_klasse,125000,petrol,mercedes_benz,no,11.25
17393,1600,small car,manual,41,fortwo,150000,diesel,smart,no,17.83
17394,2500,station wagon,manual,136,3er,150000,diesel,bmw,no,17.58
17395,700,small car,manual,60,corsa,150000,petrol,opel,no,21.92
17396,485,limousine,manual,101,astra,150000,petrol,opel,no,22.5
17397,13000,station wagon,manual,140,passat,80000,diesel,volkswagen,no,7.33
17398,6950,cabrio,manual,116,z_reihe,125000,petrol,bmw,no,22.0
17402,7499,limousine,manual,129,1er,100000,petrol,bmw,no,12.67
17403,3000,bus,automatic,147,zafira,150000,lpg,opel,no,17.33
17406,11900,bus,manual,145,5_reihe,50000,petrol,mazda,no,8.17
17407,2750,small car,manual,90,fiesta,150000,diesel,ford,no,13.17
17408,11000,limousine,automatic,239,phaeton,150000,diesel,volkswagen,no,9.42
17411,3500,limousine,automatic,131,a4,150000,petrol,audi,yes,17.25
17412,7990,small car,manual,83,others,30000,petrol,hyundai,no,5.5
17413,6300,bus,manual,105,meriva,40000,petrol,opel,no,11.83
17415,2900,limousine,manual,170,5er,150000,petrol,bmw,no,20.5
17417,4290,limousine,automatic,125,c_klasse,125000,diesel,mercedes_benz,no,20.42
17418,2350,limousine,manual,131,golf,150000,diesel,volkswagen,no,16.33
17419,1150,limousine,manual,110,golf,150000,diesel,volkswagen,no,20.92
17420,130000,cabrio,manual,209,911,100000,petrol,porsche,no,43.83
17422,3950,bus,manual,73,others,60000,petrol,peugeot,no,10.0
17424,18900,suv,automatic,174,touareg,150000,diesel,volkswagen,no,10.5
17426,6990,station wagon,manual,69,fabia,90000,petrol,skoda,no,8.42
17427,12500,coupe,automatic,200,golf,125000,petrol,volkswagen,no,11.33
17428,17590,coupe,automatic,235,laguna,80000,diesel,renault,yes,7.17
17430,990,bus,manual,98,others,150000,petrol,mitsubishi,yes,16.92
17432,8450,limousine,manual,143,a4,125000,diesel,audi,yes,12.0
17433,1550,station wagon,manual,75,c_klasse,150000,diesel,mercedes_benz,no,19.83
17434,5300,limousine,manual,122,1er,150000,diesel,bmw,no,11.08
17436,7750,station wagon,automatic,140,passat,125000,diesel,volkswagen,no,10.92
17437,3400,station wagon,manual,145,mondeo,70000,petrol,ford,no,15.83
17438,2900,small car,manual,79,sprinter,150000,diesel,mercedes_benz,no,20.25
17439,13400,limousine,automatic,143,1er,150000,diesel,bmw,no,6.17
17440,8350,station wagon,manual,105,golf,100000,diesel,volkswagen,no,10.0
17441,13500,cabrio,manual,105,a3,80000,petrol,audi,no,8.75
17442,3499,bus,manual,97,combo,100000,cng,opel,no,12.08
17443,799,small car,manual,45,polo,80000,petrol,volkswagen,no,27.5
17444,28500,limousine,automatic,245,5er,125000,diesel,bmw,no,8.08
17445,7650,limousine,manual,122,golf,80000,petrol,volkswagen,no,9.67
17446,4900,limousine,manual,140,a3,150000,diesel,audi,no,15.5
17447,4400,small car,manual,75,clio,90000,petrol,renault,no,9.58
17448,3100,bus,manual,69,caddy,150000,diesel,volkswagen,no,14.75
17450,10000,limousine,manual,163,x_reihe,80000,diesel,bmw,no,6.25
17451,6400,limousine,manual,105,golf,150000,diesel,volkswagen,no,11.75
17452,900,bus,manual,110,galaxy,150000,diesel,ford,no,19.83
17455,16500,coupe,automatic,306,others,150000,petrol,mercedes_benz,no,14.92
17456,8500,limousine,automatic,140,a6,150000,diesel,audi,no,11.33
17457,250,station wagon,manual,115,vectra,150000,petrol,opel,yes,21.33
17460,8800,limousine,manual,143,1er,90000,petrol,bmw,no,10.25
17461,2600,cabrio,manual,136,megane,150000,petrol,renault,no,13.08
17463,3200,limousine,manual,116,3er,150000,petrol,bmw,no,21.5
17464,4850,station wagon,manual,131,megane,150000,diesel,renault,no,12.42
17465,1950,limousine,automatic,136,omega,150000,petrol,opel,no,19.58
17466,7750,limousine,manual,163,1er,150000,diesel,bmw,no,13.75
17467,1950,bus,manual,145,galaxy,150000,petrol,ford,no,17.17
17468,17500,station wagon,automatic,184,3er,90000,diesel,bmw,no,8.67
17469,1600,small car,manual,50,arosa,150000,petrol,seat,no,15.25
17471,6599,station wagon,manual,105,caddy,150000,diesel,volkswagen,no,9.5
17474,2900,cabrio,manual,90,golf,150000,petrol,volkswagen,no,36.33
17475,899,limousine,manual,192,3er,150000,petrol,bmw,yes,27.42
17477,10400,limousine,automatic,95,a_klasse,30000,petrol,mercedes_benz,no,7.58
17480,17900,coupe,manual,239,a5,150000,diesel,audi,no,10.75
17482,3950,station wagon,manual,179,others,150000,petrol,mercedes_benz,no,29.0
17485,3199,station wagon,manual,116,passat,150000,petrol,volkswagen,no,16.08
17486,2300,limousine,manual,82,a_klasse,150000,petrol,mercedes_benz,no,19.83
17489,700,coupe,manual,90,civic,150000,petrol,honda,no,21.75
17490,19900,cabrio,manual,211,golf,60000,petrol,volkswagen,no,5.33
17491,10990,small car,manual,174,cooper,60000,petrol,mini,no,9.92
17493,16300,bus,automatic,200,s_max,125000,diesel,ford,yes,7.92
17496,1690,small car,manual,60,polo,150000,petrol,volkswagen,no,20.17
17498,350,small car,manual,90,golf,150000,petrol,volkswagen,yes,27.58
17499,11800,station wagon,automatic,232,a6,150000,diesel,audi,no,11.33
17500,15250,limousine,automatic,140,focus,40000,diesel,ford,no,5.83
17502,3700,small car,automatic,45,fortwo,90000,diesel,smart,no,10.83
17503,950,station wagon,automatic,197,e_klasse,150000,diesel,mercedes_benz,yes,17.5
17504,1999,coupe,manual,150,3er,150000,petrol,bmw,no,24.75
17505,10990,station wagon,automatic,163,5er,150000,diesel,bmw,no,11.08
17507,1300,station wagon,manual,116,passat,150000,diesel,volkswagen,no,18.42
17509,5500,bus,manual,150,zafira,150000,diesel,opel,no,13.83
17513,1100,bus,manual,58,kangoo,150000,petrol,renault,no,20.75
17516,500,small car,manual,45,1_reihe,150000,petrol,peugeot,no,21.58
17517,3300,coupe,manual,139,others,90000,petrol,hyundai,no,15.25
17518,13500,bus,automatic,204,vito,150000,diesel,mercedes_benz,no,10.92
17519,16900,station wagon,automatic,184,c_klasse,80000,petrol,mercedes_benz,no,9.92
17520,1490,limousine,manual,150,a6,150000,diesel,audi,no,19.42
17522,11499,limousine,manual,90,a3,100000,diesel,audi,no,8.83
17523,5799,cabrio,manual,135,megane,90000,petrol,renault,no,12.5
17525,1300,limousine,manual,101,astra,150000,petrol,opel,no,18.25
17526,1450,small car,manual,50,lupo,125000,petrol,volkswagen,no,19.08
17527,1666,small car,manual,54,polo,125000,petrol,volkswagen,no,16.25
17528,2500,station wagon,manual,135,lancer,80000,petrol,mitsubishi,no,13.83
17530,777,station wagon,manual,90,focus,150000,diesel,ford,no,19.0
17532,10990,station wagon,manual,86,fabia,40000,petrol,skoda,no,5.08
17534,6200,limousine,manual,87,astra,50000,petrol,opel,no,8.33
17535,5399,small car,manual,95,2_reihe,80000,petrol,peugeot,no,9.67
17537,5499,station wagon,automatic,354,c_klasse,150000,petrol,mercedes_benz,no,16.08
17539,15400,bus,manual,131,transporter,150000,diesel,volkswagen,no,14.0
17543,2300,small car,manual,75,lupo,150000,diesel,volkswagen,no,18.0
17544,750,station wagon,manual,60,polo,150000,petrol,volkswagen,no,20.08
17545,13000,limousine,manual,194,1er,60000,diesel,bmw,no,7.17
17546,1450,small car,manual,58,corsa,125000,petrol,opel,no,19.0
17547,1700,suv,automatic,171,cherokee,150000,petrol,jeep,no,27.08
17548,8900,station wagon,manual,140,octavia,150000,diesel,skoda,no,8.08
17550,4999,station wagon,automatic,230,3er,150000,lpg,bmw,no,19.0
17551,1700,station wagon,automatic,197,e_klasse,150000,diesel,mercedes_benz,no,19.0
17554,9200,station wagon,manual,140,a3,125000,diesel,audi,no,10.83
17555,4300,small car,manual,77,others,100000,petrol,fiat,no,9.58
17556,1450,limousine,manual,170,5er,150000,petrol,bmw,no,22.75
17558,9900,small car,manual,160,golf,90000,petrol,volkswagen,no,10.0
17559,600,small car,manual,54,polo,150000,petrol,volkswagen,no,27.5
17560,2095,small car,manual,75,clio,150000,petrol,renault,no,14.33
17561,3490,small car,manual,86,ibiza,150000,petrol,seat,no,11.58
17562,1200,small car,manual,60,corsa,150000,petrol,opel,no,19.67
17563,999,suv,manual,136,others,150000,petrol,opel,yes,22.42
17564,1500,suv,manual,133,navara,150000,diesel,nissan,yes,15.42
17566,1950,limousine,manual,102,a3,150000,petrol,audi,no,17.58
17568,10990,limousine,manual,105,golf,90000,diesel,volkswagen,no,10.17
17569,1800,limousine,manual,90,focus,150000,diesel,ford,no,17.25
17570,3650,station wagon,manual,140,passat,150000,diesel,volkswagen,yes,12.17
17571,3999,bus,manual,156,ducato,150000,diesel,fiat,yes,12.67
17572,1000,limousine,manual,109,others,150000,petrol,mercedes_benz,no,28.33
17573,3250,limousine,manual,150,leon,150000,diesel,seat,yes,13.08
17574,2000,limousine,automatic,150,a4,150000,petrol,audi,no,23.42
17575,2800,limousine,automatic,101,golf,125000,petrol,volkswagen,no,19.5
17577,3900,small car,automatic,75,polo,60000,petrol,volkswagen,no,16.83
17580,8299,cabrio,manual,101,others,50000,petrol,renault,no,8.58
17582,36800,cabrio,automatic,387,e_klasse,50000,petrol,mercedes_benz,no,8.83
17583,2599,limousine,manual,75,fiesta,125000,petrol,ford,no,14.08
17587,14300,suv,manual,120,others,5000,diesel,toyota,no,11.0
17588,2190,cabrio,manual,26,601,70000,petrol,trabant,yes,31.42
17589,27000,cabrio,automatic,211,tt,50000,petrol,audi,no,8.58
17590,19990,suv,manual,184,captiva,50000,diesel,chevrolet,no,5.0
17591,22900,limousine,manual,122,cooper,5000,petrol,mini,no,2.33
17593,3500,limousine,manual,140,a3,150000,diesel,audi,yes,16.0
17594,350,station wagon,manual,75,berlingo,150000,petrol,citroen,yes,16.0
17597,8800,limousine,manual,67,c3,20000,petrol,citroen,no,4.58
17598,23500,cabrio,manual,136,c_reihe,80000,diesel,volvo,no,8.25
17603,9150,bus,manual,95,transporter,150000,lpg,volkswagen,no,31.92
17605,4999,limousine,automatic,150,c_klasse,150000,diesel,mercedes_benz,no,14.5
17607,3900,coupe,automatic,279,clk,150000,petrol,mercedes_benz,no,20.92
17608,6600,limousine,manual,80,golf,100000,petrol,volkswagen,no,11.25
17609,3900,cabrio,manual,116,3er,150000,petrol,bmw,no,24.33
17610,17400,suv,automatic,273,others,125000,petrol,mercedes_benz,no,12.92
17611,10600,station wagon,automatic,204,e_klasse,150000,diesel,mercedes_benz,no,15.58
17615,5250,cabrio,manual,105,astra,150000,petrol,opel,no,12.67
17616,3333,cabrio,manual,73,c3,150000,petrol,citroen,no,12.5
17618,10150,station wagon,manual,116,focus,90000,diesel,ford,no,6.75
17619,3200,limousine,manual,101,golf,150000,diesel,volkswagen,yes,16.25
17621,1850,limousine,manual,90,corsa,90000,petrol,opel,no,14.58
17623,5750,small car,automatic,68,c3,100000,diesel,citroen,no,9.08
17626,9000,bus,automatic,204,viano,150000,diesel,mercedes_benz,no,10.17
17627,3200,station wagon,automatic,163,a6,150000,diesel,audi,no,14.25
17629,4900,coupe,manual,143,c_klasse,150000,petrol,mercedes_benz,no,15.83
17630,16499,limousine,manual,265,1er,90000,petrol,bmw,no,13.0
17632,5200,small car,manual,102,swift,60000,petrol,suzuki,no,11.33
17633,26390,limousine,manual,220,golf,20000,petrol,volkswagen,no,3.33
17634,13200,station wagon,automatic,235,5er,125000,diesel,bmw,no,11.92
17635,21450,limousine,manual,125,a3,20000,petrol,audi,no,4.92
17636,3000,station wagon,automatic,131,golf,150000,diesel,volkswagen,no,14.33
17637,625,cabrio,manual,90,golf,150000,petrol,volkswagen,no,23.42
17639,3150,station wagon,automatic,130,a4,150000,diesel,audi,no,15.92
17641,12800,station wagon,automatic,224,e_klasse,150000,diesel,mercedes_benz,no,11.42
17642,5795,cabrio,automatic,135,megane,100000,petrol,renault,no,13.5
17643,850,coupe,manual,75,others,150000,petrol,citroen,no,18.0
17644,3399,station wagon,manual,101,golf,150000,diesel,volkswagen,no,13.75
17645,5499,station wagon,manual,177,5er,150000,diesel,bmw,no,14.58
17647,350,limousine,automatic,75,astra,60000,petrol,opel,yes,21.42
17648,600,limousine,manual,78,civic,150000,petrol,honda,no,19.58
17649,4950,small car,automatic,71,fortwo,60000,petrol,smart,no,8.83
17650,1500,small car,manual,75,clio,125000,petrol,renault,no,19.58
17651,3200,small car,manual,116,cooper,150000,petrol,mini,no,16.75
17652,7250,station wagon,manual,122,3er,150000,diesel,bmw,no,11.42
17653,3999,station wagon,manual,116,passat,150000,petrol,volkswagen,no,17.67
17655,10500,small car,manual,69,others,20000,petrol,opel,no,4.42
17656,29500,limousine,automatic,204,a6,80000,diesel,audi,no,7.0
17657,10350,station wagon,manual,239,a4,150000,diesel,audi,no,10.58
17659,14500,cabrio,manual,126,mx_reihe,40000,petrol,mazda,no,7.42
17660,156,small car,manual,89,corsa,30000,petrol,opel,no,5.33
17661,800,limousine,automatic,101,others,125000,petrol,volvo,yes,29.0
17662,1430,small car,manual,54,corsa,125000,petrol,opel,no,18.75
17665,1480,limousine,manual,75,golf,90000,petrol,volkswagen,no,26.58
17669,6999,limousine,manual,102,a3,80000,petrol,audi,no,11.42
17670,1700,limousine,manual,136,astra,150000,petrol,opel,no,19.67
17671,7990,station wagon,manual,177,5er,150000,diesel,bmw,no,14.42
17672,8399,cabrio,automatic,218,clk,150000,petrol,mercedes_benz,no,14.08
17674,5750,small car,manual,95,2_reihe,40000,petrol,peugeot,no,10.42
17675,32900,suv,automatic,131,x_trail,20000,diesel,nissan,no,3.25
17676,16500,limousine,automatic,218,x_reihe,100000,diesel,bmw,no,11.25
17677,69996,coupe,manual,320,911,40000,petrol,porsche,no,16.17
17679,12500,station wagon,manual,160,a3,70000,petrol,audi,no,10.42
17680,6800,suv,manual,173,x_trail,150000,diesel,nissan,no,10.08
17683,5200,limousine,manual,109,c4,90000,petrol,citroen,no,12.33
17685,2299,station wagon,manual,60,kangoo,150000,diesel,renault,no,13.92
17686,5450,limousine,manual,122,e_klasse,150000,diesel,mercedes_benz,no,15.42
17689,2150,small car,manual,75,forfour,150000,petrol,smart,no,13.42
17690,19999,limousine,automatic,235,5er,150000,diesel,bmw,no,10.42
17693,1099,limousine,manual,75,golf,125000,petrol,volkswagen,no,23.67
17694,4999,limousine,automatic,136,others,150000,petrol,mercedes_benz,no,26.58
17695,13500,limousine,manual,102,a3,40000,petrol,audi,no,9.0
17697,2650,bus,manual,68,transporter,150000,diesel,volkswagen,no,24.25
17699,490,limousine,manual,115,vectra,150000,petrol,opel,yes,20.83
17700,6500,suv,manual,140,sorento,150000,diesel,kia,no,17.0
17701,26800,cabrio,manual,34,others,80000,petrol,volkswagen,no,55.25
17702,10222,small car,manual,95,fiesta,50000,diesel,ford,no,6.17
17703,7485,bus,manual,101,doblo,150000,diesel,fiat,no,5.33
17705,14700,limousine,automatic,190,a4,150000,diesel,audi,no,10.25
17706,16999,limousine,automatic,286,5er,150000,diesel,bmw,no,11.75
17708,5799,station wagon,manual,80,fabia,90000,lpg,skoda,no,11.0
17709,750,station wagon,manual,60,polo,150000,diesel,volkswagen,no,19.58
17710,7900,station wagon,manual,170,passat,150000,diesel,volkswagen,no,12.5
17712,1550,small car,manual,50,fiesta,100000,petrol,ford,no,18.42
17714,1999,small car,manual,54,corsa,50000,petrol,opel,no,20.0
17715,1399,small car,manual,58,corsa,150000,petrol,opel,yes,17.42
17716,12490,limousine,automatic,163,others,60000,diesel,chevrolet,no,6.83
17717,26200,limousine,manual,184,x_reihe,40000,diesel,bmw,no,6.75
17720,6950,small car,manual,95,corsa,125000,diesel,opel,no,7.5
17723,350,small car,manual,55,twingo,150000,petrol,renault,yes,20.08
17724,4950,small car,automatic,84,fortwo,60000,petrol,smart,no,11.42
17727,6900,limousine,manual,170,5er,150000,petrol,bmw,no,13.67
17729,13200,cabrio,manual,160,eos,80000,petrol,volkswagen,no,8.5
17731,1850,bus,manual,110,sharan,150000,diesel,volkswagen,no,18.5
17734,29450,station wagon,automatic,179,a3,20000,petrol,audi,no,4.5
17735,21800,limousine,automatic,184,1er,70000,diesel,bmw,no,4.25
17736,3690,bus,manual,101,zafira,150000,diesel,opel,no,13.75
17737,999,limousine,manual,116,3er,150000,petrol,bmw,yes,17.58
17738,4790,limousine,manual,163,a4,150000,petrol,audi,no,15.83
17739,9650,limousine,manual,250,golf,150000,petrol,volkswagen,no,13.83
17740,850,station wagon,manual,90,6_reihe,150000,petrol,mazda,no,29.08
17741,8250,small car,manual,120,cooper,80000,petrol,mini,no,9.17
17744,2900,station wagon,manual,102,octavia,150000,petrol,skoda,no,13.42
17745,7400,bus,manual,122,golf,80000,petrol,volkswagen,no,10.33
17751,22690,limousine,automatic,231,e_klasse,150000,diesel,mercedes_benz,yes,9.5
17753,950,small car,manual,75,ibiza,150000,petrol,seat,no,15.25
17754,1499,limousine,manual,98,3_reihe,150000,petrol,mazda,no,16.42
17756,2700,coupe,manual,116,3er,125000,petrol,bmw,no,17.0
17757,3700,cabrio,manual,109,3_reihe,150000,petrol,peugeot,no,13.92
17759,10800,limousine,manual,177,1er,125000,diesel,bmw,no,10.58
17760,16000,cabrio,manual,220,boxster,70000,petrol,porsche,no,16.67
17761,8000,suv,manual,155,others,125000,diesel,renault,no,9.83
17767,7850,suv,manual,75,others,10000,petrol,volkswagen,no,35.08
17769,8900,suv,manual,167,others,150000,diesel,mitsubishi,no,10.25
17770,2000,station wagon,manual,101,bora,150000,diesel,volkswagen,no,15.33
17771,2450,small car,manual,101,polo,150000,diesel,volkswagen,no,12.33
17772,8350,cabrio,manual,135,megane,150000,lpg,renault,no,9.08
17773,14950,limousine,manual,204,c_klasse,150000,diesel,mercedes_benz,no,9.25
17774,999,bus,manual,101,zafira,150000,diesel,opel,no,16.92
17775,1690,small car,manual,75,lupo,150000,diesel,volkswagen,no,17.42
17776,1750,limousine,automatic,122,c_klasse,150000,petrol,mercedes_benz,no,20.92
17778,10500,limousine,automatic,170,e_klasse,150000,diesel,mercedes_benz,no,10.67
17779,900,station wagon,manual,150,a4,150000,petrol,audi,yes,22.33
17780,2600,bus,manual,125,zafira,150000,petrol,opel,no,13.42
17781,899,station wagon,manual,122,c_klasse,150000,petrol,mercedes_benz,no,20.75
17782,1250,small car,manual,65,yaris,90000,petrol,toyota,no,14.92
17785,6500,limousine,automatic,299,s_klasse,150000,petrol,mercedes_benz,no,19.92
17786,3300,bus,manual,116,alhambra,150000,diesel,seat,no,16.33
17788,850,small car,manual,60,punto,150000,petrol,fiat,no,20.92
17790,1100,small car,manual,60,fiesta,150000,petrol,ford,no,14.25
17791,9950,limousine,manual,140,golf,150000,diesel,volkswagen,no,14.5
17792,5900,suv,manual,82,jimny,60000,petrol,suzuki,no,16.17
17793,1999,station wagon,manual,125,a4,150000,petrol,audi,no,22.17
17796,3900,small car,manual,65,others,60000,petrol,fiat,no,12.25
17797,11500,limousine,manual,136,c_klasse,150000,diesel,mercedes_benz,no,9.75
17798,4490,cabrio,manual,120,z_reihe,150000,petrol,bmw,no,22.0
17799,8000,coupe,automatic,150,others,150000,diesel,mercedes_benz,no,13.25
17801,3999,bus,manual,90,berlingo,125000,diesel,citroen,no,11.67
17802,5400,cabrio,manual,140,z_reihe,150000,petrol,bmw,no,22.58
17804,4200,station wagon,manual,101,astra,150000,diesel,opel,no,11.67
17805,1111,limousine,manual,75,leon,150000,petrol,seat,no,18.17
17806,14900,cabrio,automatic,326,sl,150000,petrol,mercedes_benz,no,26.17
17807,1000,limousine,manual,100,a4,150000,petrol,audi,no,23.75
17808,6900,station wagon,manual,110,astra,150000,diesel,opel,no,8.58
17809,5200,limousine,manual,209,others,150000,petrol,audi,no,19.83
17810,22990,coupe,manual,165,megane,20000,diesel,renault,no,3.25
17811,700,small car,manual,45,corsa,150000,petrol,opel,no,21.5
17812,8450,limousine,manual,82,a_klasse,90000,diesel,mercedes_benz,no,9.25
17814,13495,suv,manual,136,others,100000,diesel,hyundai,no,7.42
17815,17900,coupe,automatic,272,tt,150000,petrol,audi,no,11.0
17816,2744,limousine,automatic,101,golf,150000,petrol,volkswagen,no,20.67
17817,650,small car,manual,60,corsa,150000,petrol,opel,no,20.67
17818,21400,station wagon,automatic,170,passat,70000,diesel,volkswagen,no,6.42
17820,5800,station wagon,manual,180,a3,150000,diesel,audi,yes,12.92
17821,11800,limousine,manual,179,a6,125000,diesel,audi,no,11.75
17822,3990,limousine,manual,110,golf,125000,petrol,volkswagen,no,16.75
17823,950,small car,manual,60,corsa,150000,petrol,opel,no,21.42
17824,8200,limousine,manual,129,1er,70000,petrol,bmw,no,13.17
17826,1850,bus,manual,102,a_klasse,150000,petrol,mercedes_benz,no,14.08
17827,6300,limousine,automatic,150,c_klasse,150000,diesel,mercedes_benz,no,12.42
17828,3499,station wagon,automatic,143,c_klasse,150000,diesel,mercedes_benz,no,16.92
17829,15232,station wagon,automatic,140,superb,125000,diesel,skoda,no,7.42
17830,6900,station wagon,automatic,170,passat,150000,diesel,volkswagen,no,11.92
17831,1950,station wagon,manual,192,3er,150000,petrol,bmw,no,17.33
17832,2000,limousine,manual,125,a4,150000,petrol,audi,no,23.75
17833,2800,station wagon,manual,131,a4,150000,diesel,audi,no,15.17
17834,6500,small car,manual,81,fiesta,40000,petrol,ford,no,6.5
17835,200,suv,manual,150,voyager,150000,petrol,chrysler,yes,17.5
17836,4950,limousine,manual,177,avensis,150000,diesel,toyota,no,12.08
17837,6450,limousine,manual,177,e_klasse,150000,diesel,mercedes_benz,no,13.75
17838,9899,limousine,automatic,306,e_klasse,150000,petrol,mercedes_benz,no,16.5
17840,1650,small car,manual,58,corsa,150000,petrol,opel,no,17.83
17841,1400,station wagon,manual,101,astra,150000,petrol,opel,no,17.17
17844,13200,limousine,manual,226,focus,100000,petrol,ford,no,10.58
17847,2345,station wagon,automatic,165,a4,150000,petrol,audi,no,19.0
17848,800,cabrio,manual,90,r19,125000,petrol,renault,yes,25.0
17849,500,limousine,automatic,170,mondeo,150000,petrol,ford,yes,20.25
17850,14999,limousine,manual,143,x_reihe,100000,diesel,bmw,no,7.83
17851,14000,coupe,automatic,326,mustang,150000,petrol,ford,no,12.58
17852,10000,cabrio,manual,143,1er,150000,petrol,bmw,no,8.08
17858,4600,coupe,manual,179,tt,150000,petrol,audi,no,19.08
17859,2940,limousine,manual,90,astra,150000,petrol,opel,no,14.83
17860,2900,coupe,manual,147,astra,150000,petrol,opel,no,17.33
17861,1499,coupe,manual,75,golf,150000,petrol,volkswagen,no,20.5
17863,2980,small car,manual,116,beetle,150000,petrol,volkswagen,no,19.17
17865,2990,small car,manual,75,polo,125000,petrol,volkswagen,no,15.58
17866,2300,limousine,manual,116,3er,150000,petrol,bmw,no,14.58
17867,8500,limousine,manual,122,1er,125000,petrol,bmw,no,10.17
17868,3799,bus,manual,105,meriva,125000,petrol,opel,no,11.33
17869,1790,coupe,automatic,140,3er,150000,petrol,bmw,no,23.08
17870,1500,small car,manual,75,corsa,125000,petrol,opel,no,17.33
17871,2500,station wagon,automatic,102,a_klasse,150000,petrol,mercedes_benz,no,15.75
17872,14950,small car,manual,122,a1,70000,petrol,audi,no,6.58
17874,6999,limousine,manual,163,3er,150000,diesel,bmw,no,13.58
17875,500,small car,manual,60,arosa,150000,diesel,seat,no,19.17
17877,6450,small car,manual,86,corsa,60000,petrol,opel,no,8.17
17878,500,station wagon,manual,131,primera,150000,petrol,nissan,no,19.0
17879,6000,limousine,manual,105,passat,150000,diesel,volkswagen,no,13.33
17880,12600,station wagon,automatic,143,a4,150000,diesel,audi,no,10.83
17881,23900,suv,manual,122,defender,125000,diesel,land_rover,no,10.33
17882,2900,cabrio,manual,75,golf,150000,petrol,volkswagen,no,18.58
17883,180,limousine,manual,54,polo,5000,petrol,volkswagen,yes,17.58
17885,29999,limousine,automatic,239,q5,150000,diesel,audi,no,9.92
17886,2250,limousine,manual,125,mondeo,150000,petrol,ford,no,16.0
17888,1999,limousine,manual,131,focus,150000,petrol,ford,no,18.42
17889,1999,station wagon,manual,110,corolla,150000,diesel,toyota,no,15.17
17891,4990,bus,manual,122,vito,150000,diesel,mercedes_benz,no,16.08
17893,5899,coupe,automatic,204,4_reihe,150000,diesel,peugeot,no,12.75
17894,13750,limousine,manual,105,3_reihe,30000,petrol,mazda,no,6.33
17895,13500,bus,manual,174,transporter,150000,diesel,volkswagen,no,14.08
17897,1250,small car,manual,60,punto,125000,petrol,fiat,no,18.83
17898,4500,bus,manual,140,touran,5000,diesel,volkswagen,no,14.42
17899,40999,limousine,automatic,258,x_reihe,80000,diesel,bmw,no,6.42
17900,11499,limousine,automatic,224,a6,100000,diesel,audi,no,14.83
17901,3900,limousine,automatic,143,e_klasse,150000,diesel,mercedes_benz,no,18.08
17902,10800,station wagon,automatic,156,c_klasse,30000,petrol,mercedes_benz,no,7.67
17903,1890,limousine,automatic,136,e_klasse,150000,petrol,mercedes_benz,no,22.5
17904,9300,limousine,manual,173,3er,125000,petrol,bmw,no,12.08
17907,3500,bus,manual,104,touran,150000,diesel,volkswagen,no,14.67
17909,10000,limousine,manual,232,a4,150000,diesel,audi,no,11.33
17911,1300,small car,manual,54,polo,150000,petrol,volkswagen,no,15.83
17913,750,small car,manual,75,golf,150000,petrol,volkswagen,yes,22.08
17916,2800,station wagon,manual,150,3er,150000,diesel,bmw,no,13.42
17919,1700,bus,automatic,114,others,150000,petrol,mazda,no,18.08
17922,8700,station wagon,automatic,140,a3,150000,diesel,audi,no,14.0
17923,2990,limousine,manual,75,golf,80000,petrol,volkswagen,no,18.25
17924,1990,small car,manual,63,others,100000,petrol,hyundai,no,11.25
17926,15900,limousine,automatic,239,phaeton,150000,diesel,volkswagen,no,8.08
17927,2499,limousine,manual,75,golf,150000,petrol,volkswagen,no,19.33
17928,5900,suv,automatic,218,m_klasse,150000,petrol,mercedes_benz,no,17.08
17929,7498,station wagon,automatic,140,passat,150000,diesel,volkswagen,no,11.83
17930,3800,cabrio,manual,90,tigra,60000,petrol,opel,no,13.75
17931,2650,limousine,manual,172,3er,150000,petrol,bmw,no,21.42
17933,3500,cabrio,manual,136,others,150000,petrol,peugeot,no,16.58
17934,2789,small car,manual,67,matiz,70000,petrol,chevrolet,no,12.58
17935,650,small car,manual,60,ibiza,150000,petrol,seat,no,19.08
17936,2990,cabrio,manual,95,ka,125000,petrol,ford,no,14.33
17937,9300,coupe,manual,225,tt,125000,petrol,audi,no,19.58
17938,2250,coupe,automatic,220,c_klasse,150000,petrol,mercedes_benz,yes,19.25
17939,4700,limousine,manual,88,others,150000,diesel,toyota,no,8.17
17940,7800,suv,manual,150,captiva,125000,diesel,chevrolet,yes,10.25
17942,1823,limousine,manual,170,omega,150000,petrol,opel,no,20.0
17943,6500,bus,manual,140,zafira,125000,petrol,opel,yes,8.75
17944,8900,small car,manual,88,golf,100000,petrol,volkswagen,no,9.75
17945,950,station wagon,automatic,170,5er,150000,petrol,bmw,yes,18.08
17946,4700,small car,manual,80,corsa,80000,petrol,opel,no,10.75
17947,6100,limousine,manual,60,fabia,80000,petrol,skoda,no,9.17
17948,240,limousine,manual,90,80,150000,petrol,audi,no,32.0
17949,8000,small car,manual,86,ibiza,40000,petrol,seat,no,5.67
17950,2999,station wagon,manual,90,focus,150000,diesel,ford,no,12.67
17951,1800,station wagon,manual,161,a4,150000,petrol,audi,no,18.5
17952,1700,station wagon,manual,165,a6,150000,petrol,audi,no,20.75
17955,10000,station wagon,automatic,102,caddy,30000,diesel,volkswagen,no,4.67
17956,6900,bus,manual,140,b_klasse,150000,diesel,mercedes_benz,no,13.83
17958,7249,cabrio,manual,140,astra,125000,petrol,opel,no,10.25
17960,2900,limousine,manual,116,beetle,150000,petrol,volkswagen,no,20.25
17961,3500,limousine,manual,90,astra,150000,petrol,opel,no,13.58
17962,17490,station wagon,manual,170,a3,80000,diesel,audi,no,7.25
17964,4400,suv,manual,136,x_trail,150000,diesel,nissan,no,12.83
17965,3750,small car,manual,92,swift,150000,petrol,suzuki,no,12.08
17966,2150,coupe,manual,147,astra,150000,petrol,opel,no,17.42
17967,599,limousine,manual,75,others,150000,petrol,nissan,no,25.75
17968,5750,station wagon,manual,140,passat,150000,diesel,volkswagen,no,12.08
17970,444,limousine,manual,60,ibiza,150000,petrol,seat,no,23.5
17971,1600,cabrio,manual,135,2_reihe,150000,petrol,peugeot,no,17.75
17972,2999,station wagon,manual,150,a4,150000,petrol,audi,no,17.92
17975,1950,limousine,manual,101,golf,150000,petrol,volkswagen,no,19.92
17977,7999,station wagon,automatic,218,5er,150000,diesel,bmw,no,13.33
17978,750,limousine,manual,90,80,150000,petrol,audi,no,30.25
17979,700,small car,manual,45,polo,150000,petrol,volkswagen,no,28.58
17980,1600,small car,manual,60,polo,125000,petrol,volkswagen,no,18.08
17981,1199,small car,manual,60,punto,150000,petrol,fiat,no,16.42
17982,2750,bus,manual,101,touran,150000,diesel,volkswagen,no,15.67
17983,9850,station wagon,manual,105,golf,90000,diesel,volkswagen,no,8.83
17984,4500,limousine,manual,150,3_reihe,150000,petrol,peugeot,no,11.83
17985,4000,bus,manual,116,galaxy,150000,diesel,ford,no,16.75
17986,6200,small car,manual,82,fiesta,70000,petrol,ford,no,8.25
17987,3000,small car,manual,109,3_reihe,150000,diesel,peugeot,no,13.67
17990,599,small car,manual,90,corsa,150000,petrol,opel,no,23.67
17991,18450,station wagon,manual,140,passat,70000,diesel,volkswagen,no,4.25
17993,4450,station wagon,manual,120,2_reihe,125000,petrol,peugeot,no,9.42
17995,800,limousine,manual,118,3er,150000,petrol,bmw,yes,20.0
18000,1099,small car,automatic,90,corsa,150000,petrol,opel,no,22.08
18002,8500,small car,manual,116,1er,125000,petrol,bmw,no,14.92
18005,4250,station wagon,manual,143,3er,150000,petrol,bmw,no,13.17
18006,1300,others,manual,68,doblo,125000,diesel,fiat,yes,13.58
18007,7200,bus,manual,101,meriva,125000,petrol,opel,no,8.58
18010,2499,station wagon,manual,102,passat,150000,petrol,volkswagen,no,17.5
18011,1600,small car,manual,69,ypsilon,150000,diesel,lancia,no,12.67
18013,8999,cabrio,automatic,163,a4,150000,diesel,audi,no,14.33
18014,1200,station wagon,manual,136,6_reihe,150000,diesel,mazda,yes,13.5
18015,600,small car,manual,60,polo,100000,petrol,volkswagen,yes,22.0
18016,3800,limousine,manual,131,a4,150000,diesel,audi,no,16.25
18017,2250,limousine,manual,101,a3,150000,petrol,audi,yes,21.83
18018,11500,station wagon,manual,122,clubman,70000,petrol,mini,no,8.75
18019,699,small car,manual,60,polo,150000,petrol,volkswagen,no,21.17
18020,1100,small car,manual,75,2_reihe,150000,petrol,peugeot,no,17.67
18021,1100,station wagon,manual,150,3er,150000,petrol,bmw,no,20.58
18023,8675,bus,automatic,163,3_reihe,150000,diesel,peugeot,no,8.92
18024,13900,limousine,manual,105,beetle,30000,petrol,volkswagen,no,5.08
18025,1150,small car,manual,60,punto,150000,petrol,fiat,no,15.42
18026,1250,small car,manual,60,fiesta,150000,petrol,ford,yes,14.58
18027,499,station wagon,manual,116,focus,150000,petrol,ford,yes,19.25
18029,23200,limousine,automatic,231,e_klasse,80000,diesel,mercedes_benz,no,9.83
18030,10999,limousine,manual,163,5er,150000,diesel,bmw,no,13.0
18031,1100,limousine,manual,75,golf,125000,petrol,volkswagen,no,22.92
18032,7990,limousine,manual,129,1er,90000,petrol,bmw,no,12.92
18034,3550,small car,manual,80,corsa,150000,petrol,opel,no,10.5
18035,750,bus,manual,121,others,150000,petrol,peugeot,no,21.08
18036,4000,limousine,automatic,116,c_klasse,150000,diesel,mercedes_benz,no,18.92
18037,450,limousine,manual,107,scenic,150000,petrol,renault,no,18.0
18038,10299,limousine,manual,140,golf,100000,petrol,volkswagen,no,10.33
18039,6700,coupe,manual,200,astra,125000,petrol,opel,no,13.75
18040,3999,suv,automatic,230,m_klasse,150000,petrol,mercedes_benz,no,20.0
18042,4500,bus,manual,125,zafira,125000,petrol,opel,no,13.42
18043,550,station wagon,automatic,98,3_reihe,150000,petrol,peugeot,no,17.33
18045,10000,station wagon,manual,120,clubman,70000,petrol,mini,no,9.17
18047,7800,small car,manual,70,corsa,20000,petrol,opel,no,6.42
18049,18750,station wagon,manual,170,superb,60000,diesel,skoda,no,6.75
18051,8200,small car,manual,60,up,20000,petrol,volkswagen,no,6.58
18052,11444,limousine,automatic,184,c_klasse,125000,petrol,mercedes_benz,no,11.42
18055,650,small car,manual,60,ka,150000,petrol,ford,no,21.08
18056,3715,limousine,manual,140,golf,150000,diesel,volkswagen,no,11.0
18057,1350,small car,manual,60,ka,150000,petrol,ford,no,12.25
18059,19999,bus,manual,105,touran,20000,diesel,volkswagen,no,4.92
18060,2500,station wagon,manual,101,astra,150000,diesel,opel,no,13.92
18061,6900,bus,manual,110,transporter,150000,petrol,volkswagen,no,24.08
18062,2000,limousine,manual,90,golf,150000,diesel,volkswagen,no,19.0
18063,2150,limousine,manual,170,3er,150000,petrol,bmw,no,20.5
18064,4250,small car,manual,78,i_reihe,100000,petrol,hyundai,no,9.17
18065,5100,others,manual,115,golf,90000,petrol,volkswagen,no,13.33
18066,5000,station wagon,manual,75,clio,40000,petrol,renault,no,9.42
18069,550,small car,manual,50,ka,100000,petrol,ford,no,21.17
18070,666,station wagon,manual,102,megane,150000,diesel,renault,no,17.08
18072,1499,small car,manual,75,clio,150000,petrol,renault,no,14.33
18074,980,small car,manual,60,fiesta,150000,petrol,ford,no,19.92
18076,1350,small car,manual,50,polo,150000,petrol,volkswagen,no,21.83
18077,3999,station wagon,automatic,140,passat,150000,diesel,volkswagen,no,12.08
18078,5250,bus,manual,105,touran,150000,diesel,volkswagen,no,12.75
18079,4900,limousine,manual,156,others,150000,petrol,chrysler,no,10.0
18080,7500,small car,manual,90,golf,150000,petrol,volkswagen,no,31.92
18081,3950,bus,manual,101,others,150000,diesel,renault,no,14.92
18082,2500,cabrio,automatic,61,fortwo,150000,petrol,smart,no,14.83
18083,4800,station wagon,automatic,192,5er,150000,petrol,bmw,no,17.42
18084,7700,small car,manual,86,rio,40000,petrol,kia,no,6.58
18085,29999,bus,automatic,179,transporter,90000,diesel,volkswagen,no,7.25
18086,27500,coupe,manual,360,80,5000,petrol,audi,no,32.25
18089,1500,limousine,manual,179,omega,150000,petrol,opel,no,18.83
18090,25980,station wagon,automatic,150,forester,30000,petrol,subaru,no,5.83
18091,5600,station wagon,manual,177,5er,150000,diesel,bmw,no,13.08
18093,2000,limousine,manual,101,3_reihe,150000,diesel,mazda,no,15.25
18094,26500,limousine,manual,250,focus,20000,petrol,ford,no,3.25
18095,19999,station wagon,automatic,435,others,125000,petrol,audi,no,11.5
18099,2999,limousine,manual,125,3er,150000,petrol,bmw,no,33.5
18100,550,limousine,manual,60,golf,150000,petrol,volkswagen,no,26.67
18101,3300,small car,manual,60,polo,150000,petrol,volkswagen,no,11.67
18104,1450,small car,manual,75,clio,150000,petrol,renault,no,17.58
18105,3100,small car,manual,75,corsa,50000,petrol,opel,no,16.08
18108,8499,limousine,manual,200,golf,125000,petrol,volkswagen,no,13.5
18109,6950,bus,manual,140,touran,100000,petrol,volkswagen,no,11.17
18111,6700,cabrio,manual,109,colt,60000,petrol,mitsubishi,no,8.33
18112,2500,station wagon,manual,131,golf,150000,diesel,volkswagen,no,17.75
18113,1650,cabrio,automatic,116,3er,150000,petrol,bmw,no,24.5
18114,6900,station wagon,manual,177,avensis,150000,diesel,toyota,no,11.33
18116,13500,bus,manual,131,scenic,30000,petrol,renault,no,5.92
18117,14900,cabrio,manual,160,others,80000,petrol,audi,no,9.33
18118,850,station wagon,automatic,150,5er,150000,petrol,bmw,no,20.5
18119,2700,small car,manual,64,polo,90000,petrol,volkswagen,no,15.25
18120,14800,bus,manual,99,c4,20000,diesel,citroen,no,3.25
18122,8900,bus,manual,102,transporter,150000,diesel,volkswagen,no,22.42
18124,1650,limousine,manual,125,vectra,150000,diesel,opel,no,16.75
18126,2200,limousine,manual,112,megane,125000,petrol,renault,no,12.5
18128,14500,bus,automatic,105,touran,80000,diesel,volkswagen,no,7.25
18129,30000,limousine,automatic,300,golf,10000,petrol,volkswagen,no,4.0
18130,9999,small car,automatic,179,polo,100000,petrol,volkswagen,no,7.5
18131,4500,small car,manual,94,ka,150000,petrol,ford,no,9.5
18132,4650,cabrio,manual,116,3er,150000,petrol,bmw,no,21.25
18135,750,small car,manual,50,fiesta,90000,petrol,ford,no,19.42
18136,1150,bus,automatic,163,voyager,150000,lpg,chrysler,yes,23.42
18138,1250,small car,manual,75,fiesta,90000,petrol,ford,no,21.0
18141,5500,small car,manual,90,corsa,125000,petrol,opel,no,10.92
18142,16000,station wagon,automatic,143,a4,150000,diesel,audi,no,7.83
18143,10950,station wagon,automatic,163,5er,150000,diesel,bmw,no,11.75
18144,4898,bus,manual,111,scenic,90000,petrol,renault,no,12.83
18145,5200,small car,automatic,75,polo,70000,petrol,volkswagen,no,16.42
18146,999,small car,manual,65,corsa,150000,petrol,opel,no,18.17
18147,33860,others,automatic,330,others,150000,petrol,toyota,no,23.58
18149,2890,limousine,automatic,193,5er,150000,petrol,bmw,no,22.33
18150,3900,station wagon,automatic,147,6_reihe,150000,petrol,mazda,no,10.58
18151,570,small car,manual,50,polo,150000,petrol,volkswagen,yes,21.75
18152,1399,small car,manual,60,2_reihe,150000,petrol,peugeot,no,19.83
18154,200,station wagon,manual,90,focus,150000,diesel,ford,no,17.67
18155,2500,coupe,manual,147,astra,150000,petrol,opel,no,14.5
18156,5999,station wagon,manual,140,passat,150000,diesel,volkswagen,no,13.67
18157,2350,small car,automatic,75,lupo,150000,petrol,volkswagen,no,16.17
18158,7100,bus,automatic,131,transporter,150000,diesel,volkswagen,no,9.5
18159,3670,small car,manual,69,ka,50000,petrol,ford,no,10.0
18160,3490,bus,manual,70,combo,125000,diesel,opel,no,13.58
18161,21500,small car,manual,105,polo,30000,diesel,volkswagen,no,3.5
18162,3999,small car,manual,69,fiesta,70000,petrol,ford,no,10.67
18163,13800,small car,manual,102,one,20000,petrol,mini,no,4.5
18164,7998,small car,manual,92,2_reihe,80000,diesel,peugeot,no,7.25
18165,1000,limousine,automatic,150,e_klasse,150000,petrol,mercedes_benz,no,21.08
18167,13299,coupe,manual,102,1er,80000,petrol,bmw,no,2.25
18169,8499,station wagon,automatic,192,5er,150000,petrol,bmw,no,14.42
18170,19900,limousine,manual,150,golf,40000,diesel,volkswagen,no,4.42
18172,5990,station wagon,manual,101,combo,150000,diesel,opel,no,7.25
18174,4150,station wagon,manual,109,ceed,150000,lpg,kia,no,10.5
18175,6299,limousine,automatic,116,c_klasse,150000,diesel,mercedes_benz,no,17.42
18176,2450,station wagon,manual,135,laguna,150000,petrol,renault,no,13.92
18177,4500,small car,manual,60,fiesta,90000,petrol,ford,no,8.25
18178,6500,station wagon,manual,150,octavia,150000,petrol,skoda,no,13.33
18180,16000,limousine,manual,211,golf,60000,petrol,volkswagen,no,8.33
18182,14950,suv,automatic,184,captiva,90000,diesel,chevrolet,no,7.75
18184,180,limousine,manual,116,vectra,150000,petrol,opel,yes,21.67
18185,5100,bus,manual,105,altea,150000,diesel,seat,no,10.5
18186,350,coupe,manual,105,3er,150000,petrol,bmw,yes,23.33
18188,9500,coupe,manual,241,astra,100000,petrol,opel,yes,12.08
18189,2200,limousine,manual,150,3er,150000,petrol,bmw,no,19.83
18192,799,small car,manual,60,polo,150000,petrol,volkswagen,no,19.75
18193,8500,bus,manual,95,500,50000,petrol,fiat,no,6.5
18195,9800,bus,manual,101,meriva,50000,petrol,opel,no,6.67
18196,11200,small car,manual,90,corsa,10000,petrol,opel,no,3.33
18198,10650,suv,automatic,224,touareg,150000,diesel,volkswagen,no,14.0
18199,1800,station wagon,manual,204,3er,150000,diesel,bmw,yes,15.33
18200,1599,small car,automatic,41,fortwo,150000,diesel,smart,no,17.25
18202,19900,coupe,automatic,264,others,70000,petrol,jaguar,no,31.08
18203,1000,small car,manual,58,twingo,150000,petrol,renault,no,14.17
18204,16500,limousine,manual,204,3er,150000,diesel,bmw,no,7.42
18205,11400,cabrio,automatic,231,3er,150000,petrol,bmw,no,14.58
18206,7350,limousine,manual,122,golf,125000,petrol,volkswagen,no,11.83
18207,1100,coupe,manual,110,4_reihe,150000,petrol,peugeot,no,21.92
18208,3900,station wagon,manual,116,v40,150000,diesel,volvo,no,18.0
18209,5699,cabrio,automatic,343,3er,90000,petrol,bmw,no,15.83
18212,14500,station wagon,automatic,122,octavia,50000,petrol,skoda,no,6.17
18218,2200,small car,manual,75,forfour,125000,petrol,smart,yes,12.75
18219,4950,suv,manual,140,tucson,125000,diesel,hyundai,no,13.0
18220,3333,limousine,manual,75,golf,125000,petrol,volkswagen,no,16.42
18221,400,small car,manual,60,1_reihe,150000,petrol,peugeot,yes,25.58
18223,8000,limousine,automatic,170,octavia,150000,diesel,skoda,no,10.25
18224,35400,station wagon,automatic,184,3er,30000,diesel,bmw,no,5.17
18225,10690,small car,manual,75,polo,30000,petrol,volkswagen,no,4.83
18226,7100,cabrio,automatic,170,others,125000,petrol,audi,no,16.58
18228,1200,small car,manual,101,golf,150000,petrol,volkswagen,no,20.25
18229,500,station wagon,manual,170,e_klasse,150000,petrol,mercedes_benz,yes,20.25
18232,7990,limousine,manual,105,golf,30000,petrol,volkswagen,yes,6.17
18236,900,small car,manual,101,golf,5000,petrol,volkswagen,no,20.08
18237,1049,small car,manual,45,others,70000,petrol,fiat,no,25.33
18238,11900,limousine,manual,156,c_klasse,50000,petrol,mercedes_benz,no,11.83
18239,850,limousine,manual,116,3er,125000,petrol,bmw,no,21.08
18241,800,limousine,manual,136,others,150000,petrol,mercedes_benz,no,23.08
18243,949,station wagon,manual,101,focus,150000,petrol,ford,no,17.58
18247,43000,coupe,automatic,230,tt,5000,petrol,audi,no,2.25
18248,4750,limousine,manual,75,golf,100000,petrol,volkswagen,no,14.17
18249,7500,bus,manual,120,c4,60000,petrol,citroen,no,9.83
18250,4525,limousine,manual,193,5er,150000,diesel,bmw,no,15.25
18251,1690,station wagon,manual,101,focus,150000,petrol,ford,no,14.25
18252,27000,coupe,manual,265,megane,30000,petrol,renault,no,4.75
18254,666,limousine,manual,72,others,150000,petrol,suzuki,no,22.83
18255,19500,small car,automatic,122,cooper,10000,petrol,mini,no,5.5
18257,1300,cabrio,manual,136,2_reihe,150000,petrol,peugeot,no,17.58
18258,8500,bus,manual,50,transporter,100000,petrol,volkswagen,no,42.33
18261,7300,bus,manual,131,transporter,150000,diesel,volkswagen,no,13.17
18262,5300,small car,manual,163,cooper,150000,petrol,mini,no,14.25
18264,1800,limousine,manual,90,80,150000,petrol,audi,no,26.25
18265,31990,limousine,manual,310,civic,5000,petrol,honda,no,3.67
18266,8900,bus,manual,120,meriva,90000,petrol,opel,no,8.58
18267,2850,station wagon,manual,109,3_reihe,125000,petrol,peugeot,no,15.75
18268,13250,station wagon,automatic,306,e_klasse,100000,petrol,mercedes_benz,no,14.83
18271,7350,limousine,manual,115,a_klasse,70000,petrol,mercedes_benz,no,10.67
18272,359,coupe,manual,125,others,150000,petrol,ford,yes,21.83
18275,6900,bus,manual,88,vito,150000,diesel,mercedes_benz,no,12.33
18280,16800,suv,manual,140,kuga,50000,diesel,ford,no,6.5
18281,8999,bus,manual,105,golf,150000,diesel,volkswagen,no,8.17
18284,2999,limousine,manual,75,golf,5000,petrol,volkswagen,no,16.5
18285,5490,limousine,manual,116,c_klasse,150000,diesel,mercedes_benz,no,15.25
18287,14444,cabrio,manual,194,others,90000,petrol,saab,no,11.67
18288,3799,cabrio,manual,133,others,150000,petrol,audi,no,25.08
18290,500,bus,manual,80,others,150000,diesel,fiat,yes,22.75
18292,1790,station wagon,manual,90,golf,150000,petrol,volkswagen,no,17.08
18293,5500,limousine,automatic,150,e_klasse,150000,diesel,mercedes_benz,no,16.5
18294,599,bus,manual,107,scenic,150000,petrol,renault,yes,17.42
18296,1450,limousine,manual,125,a4,150000,petrol,audi,no,22.5
18297,4599,limousine,manual,193,3er,150000,petrol,bmw,no,20.42
18299,1490,limousine,manual,101,a4,150000,petrol,audi,no,20.25
18300,1200,station wagon,manual,101,vectra,150000,petrol,opel,yes,21.0
18301,699,station wagon,automatic,170,mondeo,150000,lpg,ford,no,20.75
18303,1990,station wagon,automatic,125,passat,125000,petrol,volkswagen,no,19.08
18304,2589,bus,manual,145,galaxy,150000,petrol,ford,no,17.75
18305,12750,limousine,automatic,170,e_klasse,150000,diesel,mercedes_benz,no,12.75
18306,3700,small car,manual,68,c1,40000,petrol,citroen,no,9.42
18307,1100,limousine,manual,101,golf,150000,petrol,volkswagen,no,19.17
18309,4400,station wagon,manual,101,fabia,150000,diesel,skoda,no,13.08
18311,11499,bus,manual,174,transporter,150000,diesel,volkswagen,no,14.33
18314,13790,limousine,manual,143,1er,100000,diesel,bmw,no,7.0
18315,2590,small car,manual,75,golf,150000,petrol,volkswagen,no,20.5
18316,5390,limousine,manual,116,1er,150000,petrol,bmw,no,14.0
18317,1050,small car,manual,60,golf,150000,petrol,volkswagen,no,21.25
18319,6500,station wagon,manual,163,a4,150000,diesel,audi,no,14.92
18320,6850,suv,manual,150,x_reihe,150000,diesel,bmw,no,12.75
18322,42000,suv,automatic,284,wrangler,40000,petrol,jeep,no,4.08
18323,5199,small car,manual,69,ibiza,100000,petrol,seat,no,8.17
18324,10499,station wagon,automatic,105,octavia,100000,diesel,skoda,no,8.17
18329,1300,station wagon,manual,115,focus,150000,petrol,ford,no,19.25
18330,13000,limousine,automatic,326,7er,70000,petrol,bmw,yes,23.5
18331,12300,cabrio,manual,118,z_reihe,40000,petrol,bmw,no,19.42
18332,1450,limousine,manual,125,passat,150000,petrol,volkswagen,no,19.33
18333,2799,station wagon,manual,150,passat,150000,petrol,volkswagen,no,17.92
18334,17900,suv,manual,140,others,60000,petrol,opel,no,5.17
18335,880,small car,manual,75,lupo,150000,petrol,volkswagen,no,19.08
18336,8900,bus,manual,109,touran,50000,cng,volkswagen,no,12.5
18337,2100,small car,manual,68,fiesta,150000,diesel,ford,yes,16.58
18338,2800,limousine,manual,193,5er,150000,lpg,bmw,no,22.58
18341,11950,limousine,manual,122,golf,50000,petrol,volkswagen,no,7.75
18344,7900,limousine,automatic,230,vectra,150000,petrol,opel,no,12.75
18345,650,small car,manual,75,polo,150000,petrol,volkswagen,no,22.58
18346,1400,limousine,automatic,75,golf,80000,petrol,volkswagen,no,22.33
18347,1950,small car,manual,64,polo,150000,petrol,volkswagen,no,15.83
18348,22000,limousine,automatic,204,a4,90000,diesel,audi,no,6.92
18350,900,coupe,automatic,150,3er,150000,petrol,bmw,no,26.75
18354,999,station wagon,manual,90,laguna,150000,petrol,renault,no,21.08
18355,650,small car,manual,75,polo,150000,petrol,volkswagen,no,19.58
18356,3333,small car,manual,60,c2,60000,petrol,citroen,no,9.33
18358,35800,coupe,automatic,245,others,40000,petrol,bmw,no,4.75
18360,1950,small car,manual,60,lupo,150000,diesel,volkswagen,no,17.42
18361,890,small car,manual,60,1_reihe,150000,petrol,peugeot,no,15.5
18362,2650,bus,manual,140,altea,150000,diesel,seat,no,14.67
18365,199,small car,manual,60,corsa,80000,petrol,opel,no,23.33
18366,9500,limousine,automatic,112,c4,70000,diesel,citroen,no,7.75
18367,2990,limousine,manual,105,golf,150000,petrol,volkswagen,no,16.83
18368,2600,bus,manual,68,transporter,150000,diesel,volkswagen,no,22.92
18371,950,cabrio,automatic,207,slk,150000,petrol,mercedes_benz,yes,21.25
18374,2450,coupe,manual,150,3er,150000,petrol,bmw,no,18.0
18375,2649,limousine,manual,122,others,150000,lpg,chevrolet,no,13.67
18376,999,limousine,automatic,128,100,150000,petrol,audi,yes,27.25
18378,6990,limousine,manual,109,i_reihe,90000,petrol,hyundai,no,9.17
18379,400,limousine,manual,90,megane,150000,petrol,renault,no,20.42
18380,1350,suv,manual,105,others,150000,petrol,honda,no,19.58
18383,1500,bus,manual,116,alhambra,150000,petrol,seat,no,16.92
18386,1600,coupe,manual,147,astra,150000,petrol,opel,no,18.67
18387,600,limousine,manual,140,others,150000,petrol,volvo,yes,19.0
18389,1599,small car,manual,75,2_reihe,150000,petrol,peugeot,no,13.92
18390,6300,cabrio,automatic,71,fortwo,70000,petrol,smart,no,9.5
18392,5000,limousine,manual,209,others,150000,petrol,saab,no,15.25
18394,450,bus,manual,147,others,150000,petrol,lancia,yes,20.0
18396,2299,limousine,manual,101,golf,150000,petrol,volkswagen,no,19.25
18398,16000,limousine,automatic,150,a3,20000,diesel,audi,no,4.25
18399,900,limousine,manual,136,e_klasse,150000,petrol,mercedes_benz,yes,23.75
18400,2700,small car,manual,75,a2,150000,petrol,audi,no,18.0
18401,6400,small car,manual,116,a_klasse,90000,petrol,mercedes_benz,no,13.0
18402,16200,limousine,automatic,143,3er,60000,diesel,bmw,no,7.67
18404,11990,suv,automatic,218,x_reihe,150000,diesel,bmw,no,11.5
18405,1800,small car,manual,69,fox,150000,diesel,volkswagen,no,9.83
18406,5000,limousine,automatic,260,e_klasse,150000,diesel,mercedes_benz,yes,16.0
18407,550,station wagon,automatic,90,golf,150000,diesel,volkswagen,no,22.33
18408,2850,station wagon,manual,109,focus,150000,diesel,ford,no,12.58
18409,2049,bus,manual,116,galaxy,150000,diesel,ford,no,18.83
18410,422,station wagon,manual,165,a4,150000,petrol,audi,no,20.58
18411,699,small car,manual,55,punto,150000,petrol,fiat,yes,20.25
18412,8600,coupe,automatic,163,clk,150000,petrol,mercedes_benz,no,13.75
18415,888,limousine,manual,75,astra,150000,petrol,opel,no,22.75
18416,1350,cabrio,manual,160,kadett,150000,petrol,opel,no,27.42
18418,63900,bus,automatic,179,transporter,10000,diesel,volkswagen,no,3.33
18419,850,limousine,manual,75,golf,150000,petrol,volkswagen,no,21.08
18420,300,limousine,manual,75,golf,150000,petrol,volkswagen,no,23.25
18421,17000,station wagon,manual,114,v70,150000,diesel,volvo,no,6.83
18424,16300,station wagon,manual,170,octavia,100000,diesel,skoda,no,7.42
18426,500,limousine,manual,90,megane,150000,petrol,renault,yes,20.25
18427,1850,limousine,manual,75,astra,125000,petrol,opel,no,19.33
18428,450,small car,manual,70,clio,150000,petrol,renault,no,23.58
18429,999,small car,manual,125,2_reihe,150000,petrol,peugeot,yes,15.25
18430,16999,suv,automatic,450,cayenne,125000,petrol,porsche,no,13.75
18432,5500,station wagon,manual,150,3er,150000,diesel,bmw,no,16.42
18434,13500,small car,manual,109,rio,50000,petrol,kia,no,5.42
18436,1600,small car,manual,75,lupo,125000,petrol,volkswagen,no,20.83
18437,16900,bus,automatic,258,viano,150000,petrol,mercedes_benz,no,10.25
18438,10800,limousine,automatic,177,3er,150000,diesel,bmw,no,8.25
18439,14450,limousine,manual,135,ceed,20000,petrol,kia,no,4.75
18440,450,limousine,automatic,90,passat,125000,petrol,volkswagen,no,25.83
18441,7000,suv,manual,150,x_reihe,150000,diesel,bmw,no,12.33
18442,2899,limousine,manual,105,leon,150000,petrol,seat,no,15.25
18444,1550,limousine,manual,170,e_klasse,150000,petrol,mercedes_benz,no,20.58
18445,1100,limousine,manual,125,golf,150000,petrol,volkswagen,yes,20.5
18446,3750,station wagon,manual,140,passat,150000,diesel,volkswagen,no,12.75
18448,150,small car,manual,60,ka,150000,petrol,ford,no,17.17
18450,8900,station wagon,manual,105,octavia,150000,diesel,skoda,no,9.83
18453,8200,limousine,manual,143,1er,150000,diesel,bmw,no,10.75
18454,6000,coupe,automatic,163,clk,150000,petrol,mercedes_benz,no,13.42
18455,1200,limousine,manual,105,3er,150000,petrol,bmw,no,19.58
18456,13490,small car,manual,86,a1,50000,petrol,audi,no,6.5
18457,1450,limousine,manual,90,lancer,90000,petrol,mitsubishi,no,26.33
18459,8800,limousine,manual,170,golf,125000,diesel,volkswagen,no,10.67
18461,1800,station wagon,manual,75,golf,150000,petrol,volkswagen,no,19.75
18463,8900,cabrio,manual,163,slk,60000,petrol,mercedes_benz,no,15.58
18464,4500,station wagon,manual,101,octavia,150000,diesel,skoda,no,10.5
18465,7000,small car,manual,69,corsa,50000,petrol,opel,no,6.92
18468,27100,station wagon,automatic,150,octavia,30000,diesel,skoda,no,3.5
18469,1550,station wagon,manual,170,5er,150000,petrol,bmw,no,20.67
18470,4400,limousine,manual,140,golf,150000,diesel,volkswagen,no,13.67
18471,1800,small car,manual,75,twingo,150000,petrol,renault,no,16.33
18472,11300,limousine,manual,143,3er,125000,diesel,bmw,no,11.0
18473,3850,station wagon,manual,131,mondeo,150000,diesel,ford,no,15.0
18474,3200,limousine,manual,179,leon,150000,petrol,seat,no,18.42
18475,2799,station wagon,manual,109,2_reihe,150000,diesel,peugeot,yes,12.25
18479,5550,limousine,manual,75,golf,80000,petrol,volkswagen,no,13.25
18482,6500,limousine,automatic,163,e_klasse,150000,petrol,mercedes_benz,no,14.75
18484,73000,suv,automatic,258,g_klasse,20000,diesel,mercedes_benz,no,3.83
18486,7799,small car,manual,90,corsa,50000,petrol,opel,no,9.33
18487,1870,small car,manual,60,lupo,150000,petrol,volkswagen,no,16.67
18489,2150,limousine,manual,75,golf,125000,petrol,volkswagen,no,18.42
18490,3600,limousine,manual,101,passat,70000,petrol,volkswagen,no,17.75
18491,500,bus,manual,125,voyager,150000,diesel,chrysler,yes,18.17
18492,1500,small car,manual,75,corsa,150000,petrol,opel,no,18.0
18494,9200,suv,manual,117,juke,70000,petrol,nissan,no,7.33
18495,2200,limousine,manual,230,golf,150000,petrol,volkswagen,no,20.75
18497,19399,suv,manual,160,tiguan,60000,petrol,volkswagen,no,6.5
18498,1600,limousine,manual,101,passat,80000,petrol,volkswagen,no,20.5
18500,13500,coupe,automatic,292,others,150000,petrol,mercedes_benz,no,10.17
18501,2000,limousine,manual,77,leon,150000,petrol,seat,no,14.0
18502,9950,limousine,manual,105,golf,70000,petrol,volkswagen,no,7.33
18506,2890,small car,manual,75,polo,150000,petrol,volkswagen,no,14.25
18507,3333,coupe,manual,192,3er,150000,petrol,bmw,no,18.5
18508,15700,station wagon,automatic,143,a4,80000,diesel,audi,no,7.25
18509,3650,limousine,manual,116,1er,150000,petrol,bmw,yes,12.33
18510,200,small car,manual,50,fiesta,150000,petrol,ford,no,23.25
18512,3400,station wagon,manual,145,focus,150000,lpg,ford,no,13.58
18513,5700,coupe,manual,129,cl,125000,petrol,mercedes_benz,no,17.58
18516,350,limousine,automatic,71,astra,90000,petrol,opel,yes,24.17
18517,2999,small car,manual,87,others,80000,petrol,daihatsu,no,13.83
18518,1500,limousine,automatic,117,c_klasse,150000,petrol,mercedes_benz,no,24.92
18519,6390,bus,manual,140,golf,150000,petrol,volkswagen,no,12.92
18521,1990,small car,automatic,54,fortwo,125000,petrol,smart,no,16.42
18522,10990,station wagon,manual,140,superb,150000,diesel,skoda,no,8.58
18523,1200,limousine,manual,90,others,150000,petrol,volkswagen,no,21.33
18525,32000,station wagon,automatic,170,c_klasse,30000,diesel,mercedes_benz,no,5.0
18526,1700,station wagon,manual,102,astra,150000,diesel,opel,yes,12.0
18528,3650,bus,manual,88,note,50000,petrol,nissan,no,7.67
18529,550,small car,manual,60,polo,150000,petrol,volkswagen,no,21.42
18530,4480,bus,manual,115,alhambra,150000,diesel,seat,no,17.58
18534,2190,limousine,automatic,116,3er,125000,petrol,bmw,no,23.5
18535,3600,small car,manual,50,polo,80000,petrol,volkswagen,no,39.5
18536,2200,small car,manual,80,corsa,150000,petrol,opel,no,13.17
18537,1190,small car,automatic,75,golf,150000,petrol,volkswagen,no,23.67
18539,27800,bus,manual,125,golf,10000,petrol,volkswagen,no,3.58
18541,6550,limousine,manual,116,1er,100000,petrol,bmw,yes,11.33
18542,1300,limousine,manual,75,astra,150000,petrol,opel,yes,19.75
18545,9500,coupe,manual,160,passat,150000,petrol,volkswagen,no,11.0
18546,1950,limousine,manual,122,6_reihe,150000,diesel,mazda,no,13.0
18547,15400,limousine,manual,125,astra,10000,petrol,opel,no,4.25
18548,3950,cabrio,manual,113,megane,100000,petrol,renault,no,14.0
18549,19121,limousine,automatic,143,a4,70000,diesel,audi,no,5.42
18551,9900,station wagon,manual,136,c_klasse,150000,diesel,mercedes_benz,no,10.5
18552,5000,suv,automatic,218,m_klasse,150000,petrol,mercedes_benz,no,19.0
18553,1900,small car,manual,58,corsa,100000,petrol,opel,no,16.92
18554,200,limousine,manual,71,astra,150000,petrol,opel,no,23.17
18557,20590,limousine,automatic,184,e_klasse,80000,petrol,mercedes_benz,no,6.58
18559,650,limousine,manual,101,vectra,150000,petrol,opel,no,22.58
18560,23950,suv,automatic,190,navara,40000,diesel,nissan,no,5.67
18562,4300,small car,manual,69,polo,150000,diesel,volkswagen,no,11.42
18563,790,station wagon,manual,90,passat,150000,diesel,volkswagen,no,23.92
18565,21990,cabrio,manual,184,cooper,60000,petrol,mini,no,5.58
18566,2650,station wagon,manual,75,astra,100000,petrol,opel,no,18.17
18567,999,small car,manual,60,ka,150000,petrol,ford,no,20.92
18568,150,small car,manual,43,twingo,150000,petrol,renault,yes,19.17
18570,1550,limousine,automatic,286,5er,150000,petrol,bmw,no,20.75
18572,1100,station wagon,manual,107,scenic,150000,petrol,renault,no,18.83
18573,3450,small car,automatic,61,lupo,150000,diesel,volkswagen,no,15.17
18574,8900,bus,manual,150,others,150000,diesel,renault,no,8.5
18576,2500,limousine,automatic,101,golf,125000,petrol,volkswagen,no,20.83
18578,7900,bus,manual,140,zafira,80000,petrol,opel,no,10.5
18579,4500,cabrio,automatic,203,others,150000,petrol,chrysler,no,16.42
18580,2499,station wagon,manual,160,galant,150000,lpg,mitsubishi,no,16.17
18581,12500,cabrio,automatic,320,sl,150000,petrol,mercedes_benz,no,23.08
18582,12000,coupe,manual,192,3er,150000,petrol,bmw,no,14.42
18583,7700,limousine,manual,179,a6,150000,diesel,audi,no,13.33
18585,2000,limousine,manual,75,golf,125000,petrol,volkswagen,no,20.5
18587,1150,station wagon,manual,60,caddy,150000,petrol,volkswagen,no,17.25
18589,2200,limousine,manual,100,astra,150000,petrol,opel,no,15.33
18591,18999,cabrio,manual,260,boxster,60000,petrol,porsche,no,16.83
18592,11900,cabrio,manual,116,astra,40000,petrol,opel,no,9.5
18594,3845,limousine,manual,194,others,150000,petrol,mercedes_benz,no,26.58
18595,19900,station wagon,manual,143,a4,60000,diesel,audi,no,6.25
18597,17499,limousine,automatic,239,a4,150000,diesel,audi,no,9.42
18598,2800,bus,manual,131,sharan,30000,diesel,volkswagen,no,15.25
18600,18500,coupe,automatic,306,3er,100000,petrol,bmw,no,12.5
18601,28955,suv,automatic,239,cayenne,150000,diesel,porsche,no,9.42
18602,17900,cabrio,manual,122,golf,60000,petrol,volkswagen,no,6.17
18603,6450,station wagon,manual,70,fabia,100000,diesel,skoda,no,10.42
18605,3750,station wagon,manual,101,fabia,150000,diesel,skoda,no,14.83
18606,8000,limousine,automatic,129,3er,150000,petrol,bmw,no,12.33
18611,11790,limousine,manual,110,megane,50000,petrol,renault,no,5.67
18614,5900,bus,manual,101,c_max,125000,petrol,ford,no,11.42
18617,12500,coupe,manual,306,3er,150000,petrol,bmw,no,10.17
18618,6600,limousine,manual,80,golf,90000,petrol,volkswagen,no,10.33
18620,3199,bus,manual,57,transporter,150000,diesel,volkswagen,no,26.5
18621,3750,small car,manual,77,others,70000,petrol,fiat,no,12.25
18622,3300,bus,automatic,150,vito,150000,diesel,mercedes_benz,yes,14.83
18623,4950,limousine,manual,110,others,150000,diesel,ford,no,11.58
18626,1500,bus,manual,116,sharan,150000,petrol,volkswagen,no,21.5
18628,13750,bus,manual,128,others,70000,diesel,citroen,no,5.33
18630,1200,small car,manual,98,rio,125000,petrol,kia,no,18.83
18631,5000,limousine,manual,150,golf,150000,petrol,volkswagen,no,19.92
18632,25600,station wagon,manual,150,a4,20000,diesel,audi,no,4.83
18634,2250,limousine,automatic,180,others,150000,petrol,volvo,no,18.0
18635,7500,limousine,manual,122,golf,125000,petrol,volkswagen,no,9.25
18636,1500,small car,manual,68,fiesta,150000,diesel,ford,no,15.83
18639,16300,suv,manual,199,wrangler,125000,petrol,jeep,no,10.67
18640,6000,station wagon,manual,86,fabia,60000,petrol,skoda,no,9.58
18641,18900,coupe,manual,170,a5,90000,diesel,audi,no,8.58
18645,4900,limousine,manual,143,c_klasse,150000,diesel,mercedes_benz,no,17.75
18646,8250,small car,manual,75,citigo,30000,petrol,skoda,no,5.83
18647,14500,limousine,manual,140,beetle,40000,diesel,volkswagen,no,6.92
18648,2500,small car,manual,75,corsa,100000,petrol,opel,no,15.5
18649,9800,station wagon,manual,140,a4,150000,diesel,audi,no,9.0
18650,6400,station wagon,automatic,150,laguna,150000,diesel,renault,no,10.33
18652,9299,limousine,manual,140,golf,150000,diesel,volkswagen,no,10.08
18653,10999,station wagon,manual,143,a4,150000,diesel,audi,no,7.17
18654,12000,station wagon,automatic,177,5er,150000,diesel,bmw,no,12.5
18655,19999,others,manual,120,ducato,60000,diesel,fiat,no,7.92
18658,2200,station wagon,manual,136,3er,150000,diesel,bmw,no,18.08
18659,400,small car,manual,53,twingo,150000,petrol,renault,no,22.5
18660,1800,station wagon,manual,101,passat,150000,diesel,volkswagen,yes,17.67
18661,9200,cabrio,manual,140,eos,125000,diesel,volkswagen,no,12.75
18662,6250,small car,manual,86,rio,60000,petrol,kia,no,8.0
18663,3450,limousine,manual,95,a_klasse,150000,petrol,mercedes_benz,no,14.67
18664,15900,station wagon,automatic,239,a6,100000,diesel,audi,no,8.25
18667,999,small car,manual,60,punto,125000,petrol,fiat,no,16.25
18668,2250,small car,manual,101,fiesta,125000,petrol,ford,no,15.25
18671,500,limousine,manual,90,golf,150000,petrol,volkswagen,no,25.25
18672,17250,cabrio,manual,211,golf,90000,petrol,volkswagen,no,6.58
18673,1790,limousine,automatic,125,carisma,150000,petrol,mitsubishi,no,19.83
18674,32900,bus,automatic,170,others,5000,petrol,opel,no,4.0
18678,27500,cabrio,manual,211,a5,30000,petrol,audi,no,7.33
18679,2300,limousine,manual,75,golf,100000,petrol,volkswagen,no,16.67
18681,449,small car,manual,58,agila,150000,petrol,opel,yes,18.25
18682,2850,cabrio,manual,109,2_reihe,150000,petrol,peugeot,no,14.83
18683,4290,bus,manual,125,zafira,150000,lpg,opel,no,16.08
18684,1850,small car,manual,75,corsa,150000,petrol,opel,no,15.17
18686,3330,cabrio,manual,109,2_reihe,100000,petrol,peugeot,no,14.33
18687,1900,limousine,manual,69,golf,40000,petrol,volkswagen,no,29.75
18689,19500,station wagon,automatic,239,a6,150000,diesel,audi,no,7.08
18690,2500,small car,manual,101,golf,150000,diesel,volkswagen,no,16.25
18692,1050,small car,manual,90,golf,150000,petrol,volkswagen,no,20.92
18693,800,small car,automatic,60,ypsilon,90000,petrol,lancia,no,20.0
18694,3700,station wagon,automatic,163,a4,150000,diesel,audi,no,13.17
18695,4750,small car,manual,80,polo,125000,petrol,volkswagen,no,11.83
18698,6950,suv,manual,129,grand,150000,diesel,suzuki,no,12.58
18703,3290,station wagon,manual,226,850,150000,petrol,volvo,no,22.17
18704,5200,small car,manual,95,2_reihe,50000,petrol,peugeot,no,10.42
18705,12000,limousine,automatic,122,golf,20000,petrol,volkswagen,no,8.58
18706,12700,limousine,manual,125,superb,40000,petrol,skoda,no,8.33
18707,2600,limousine,manual,125,a3,150000,petrol,audi,no,19.42
18708,3850,small car,automatic,75,clio,125000,petrol,renault,no,14.5
18710,3250,station wagon,manual,140,passat,150000,diesel,volkswagen,yes,12.0
18711,1500,station wagon,manual,163,a4,150000,diesel,audi,yes,19.58
18713,5300,small car,manual,122,c2,90000,petrol,citroen,no,12.58
18716,32900,limousine,automatic,184,x_reihe,5000,petrol,bmw,no,3.5
18717,26500,coupe,automatic,190,a5,125000,diesel,audi,no,8.83
18718,7200,small car,manual,105,polo,150000,diesel,volkswagen,no,6.25
18719,850,small car,automatic,54,fortwo,125000,petrol,smart,no,17.83
18720,8900,small car,manual,90,jazz,40000,petrol,honda,no,5.83
18721,3499,limousine,manual,116,3er,125000,petrol,bmw,no,16.33
18722,14500,limousine,automatic,245,5er,90000,diesel,bmw,no,7.58
18724,1500,station wagon,automatic,136,e_klasse,150000,lpg,mercedes_benz,yes,21.0
18725,2150,small car,manual,60,lupo,150000,petrol,volkswagen,no,16.42
18726,999,station wagon,manual,101,passat,150000,petrol,volkswagen,no,20.58
18727,3700,small car,manual,68,c1,80000,petrol,citroen,no,10.58
18729,5499,limousine,manual,122,passat,125000,petrol,volkswagen,no,10.75
18730,12400,station wagon,manual,160,a3,100000,petrol,audi,no,11.83
18731,4999,limousine,automatic,193,7er,150000,diesel,bmw,no,18.33
18732,3299,limousine,manual,163,c_klasse,150000,petrol,mercedes_benz,no,18.83
18733,7499,limousine,automatic,177,e_klasse,150000,petrol,mercedes_benz,no,16.0
18734,1800,station wagon,manual,118,3er,150000,petrol,bmw,no,18.17
18739,1190,small car,manual,75,micra,150000,petrol,nissan,no,21.0
18740,4200,limousine,manual,150,passat,150000,diesel,volkswagen,no,15.25
18742,19000,cabrio,manual,160,tt,50000,petrol,audi,no,7.92
18743,500,small car,manual,58,clio,150000,petrol,renault,no,20.67
18745,1350,small car,manual,60,2_reihe,150000,petrol,peugeot,no,20.0
18747,3200,cabrio,manual,75,golf,150000,petrol,volkswagen,no,22.58
18748,3300,cabrio,manual,210,3er,150000,petrol,bmw,no,25.42
18750,19900,coupe,manual,204,1er,100000,diesel,bmw,no,7.33
18752,6300,small car,manual,97,rio,90000,petrol,kia,no,7.83
18753,6999,suv,automatic,234,others,150000,lpg,nissan,no,13.42
18755,1850,small car,manual,75,2_reihe,150000,petrol,peugeot,no,16.75
18756,999,small car,manual,60,ka,80000,petrol,ford,no,18.42
18757,6750,station wagon,manual,170,a4,150000,diesel,audi,no,11.25
18758,2000,small car,manual,60,polo,125000,petrol,volkswagen,no,18.75
18761,3800,station wagon,manual,84,transporter,150000,petrol,volkswagen,no,17.67
18762,13400,limousine,manual,125,focus,20000,petrol,ford,no,3.08
18764,6650,bus,automatic,150,sprinter,150000,diesel,mercedes_benz,no,11.58
18768,1150,small car,manual,102,a_klasse,150000,petrol,mercedes_benz,no,18.5
18769,10800,suv,manual,150,x_reihe,150000,diesel,bmw,no,11.83
18770,4200,station wagon,manual,140,v70,150000,petrol,volvo,no,16.67
18771,8850,suv,automatic,218,x_reihe,150000,diesel,bmw,no,14.17
18773,550,coupe,automatic,380,others,40000,petrol,bmw,no,3.17
18774,999,limousine,manual,90,golf,150000,petrol,volkswagen,no,24.25
18775,11599,cabrio,manual,204,boxster,125000,petrol,porsche,no,20.58
18776,5400,station wagon,manual,105,astra,125000,petrol,opel,no,12.08
18777,1200,limousine,manual,101,vectra,150000,petrol,opel,no,19.67
18779,800,coupe,manual,105,3er,150000,petrol,bmw,yes,19.83
18780,1990,limousine,manual,72,others,125000,diesel,mercedes_benz,no,37.08
18781,890,station wagon,manual,90,golf,150000,petrol,volkswagen,no,20.33
18783,2999,limousine,automatic,231,5er,150000,petrol,bmw,no,17.83
18785,900,bus,automatic,122,others,60000,petrol,mitsubishi,no,22.83
18786,62500,suv,automatic,258,others,40000,diesel,porsche,yes,3.08
18790,12900,cabrio,manual,145,focus,80000,petrol,ford,no,9.25
18791,4999,small car,manual,64,others,100000,petrol,mini,no,45.75
18792,15500,suv,manual,141,qashqai,80000,petrol,nissan,no,5.92
18793,2290,station wagon,manual,103,stilo,100000,petrol,fiat,no,15.67
18794,9000,small car,manual,120,fiesta,50000,petrol,ford,no,8.83
18795,15800,coupe,automatic,184,clk,125000,petrol,mercedes_benz,no,10.75
18796,9500,suv,manual,136,captiva,60000,petrol,chevrolet,no,9.67
18797,10500,limousine,manual,125,a3,150000,petrol,audi,no,8.08
18798,4450,station wagon,automatic,140,octavia,150000,diesel,skoda,no,13.92
18800,17499,coupe,manual,184,3er,100000,diesel,bmw,no,8.5
18801,19000,limousine,automatic,235,x_reihe,150000,diesel,bmw,no,11.83
18802,4750,limousine,automatic,143,c_klasse,125000,diesel,mercedes_benz,no,18.67
18803,2000,small car,manual,80,a_klasse,150000,petrol,mercedes_benz,no,19.67
18804,15400,bus,manual,105,touran,60000,diesel,volkswagen,no,6.83
18805,3500,station wagon,automatic,204,3er,150000,diesel,bmw,yes,15.92
18806,12300,small car,manual,99,others,20000,petrol,hyundai,no,4.75
18808,8500,small car,manual,86,polo,50000,petrol,volkswagen,no,8.17
18809,400,small car,manual,75,polo,150000,petrol,volkswagen,yes,19.83
18810,2550,coupe,manual,95,scirocco,150000,petrol,volkswagen,no,26.67
18811,3200,small car,manual,80,fusion,125000,petrol,ford,no,13.58
18812,14000,suv,automatic,174,navara,150000,diesel,nissan,no,12.58
18814,4750,station wagon,automatic,179,a6,150000,diesel,audi,no,14.17
18815,1200,small car,manual,58,corsa,125000,petrol,opel,yes,15.83
18816,5000,station wagon,automatic,275,passat,150000,petrol,volkswagen,no,17.75
18819,21999,suv,manual,160,tiguan,40000,petrol,volkswagen,no,6.83
18820,1750,small car,automatic,54,micra,125000,petrol,nissan,no,19.25
18823,1250,station wagon,manual,150,80,150000,petrol,audi,no,25.0
18825,1700,small car,manual,80,2_reihe,150000,diesel,peugeot,no,13.92
18826,1200,station wagon,manual,131,mondeo,150000,diesel,ford,yes,13.33
18827,850,station wagon,manual,99,others,150000,petrol,toyota,yes,21.08
18828,16500,limousine,automatic,295,others,150000,petrol,jaguar,no,30.5
18829,2499,limousine,manual,75,3_reihe,150000,petrol,peugeot,no,15.5
18830,5555,limousine,manual,145,focus,125000,cng,ford,no,10.75
18831,2700,limousine,manual,132,others,150000,petrol,mercedes_benz,no,28.17
18832,750,station wagon,manual,116,focus,150000,diesel,ford,yes,11.75
18834,10472,others,manual,129,sprinter,100000,diesel,mercedes_benz,no,10.75
18835,11999,coupe,manual,200,tt,150000,petrol,audi,no,12.5
18836,2899,limousine,automatic,160,e_klasse,150000,diesel,mercedes_benz,yes,18.92
18840,1890,small car,manual,58,corsa,150000,petrol,opel,no,17.0
18842,100,small car,manual,60,others,150000,petrol,citroen,yes,20.75
18843,19999,station wagon,automatic,184,leon,60000,diesel,seat,no,4.25
18845,180,small car,manual,110,colt,150000,petrol,mitsubishi,yes,27.0
18846,25000,bus,manual,174,transporter,125000,diesel,volkswagen,no,11.08
18847,1800,limousine,manual,73,3_reihe,100000,petrol,mazda,no,18.67
18848,4350,small car,manual,95,one,150000,petrol,mini,no,11.83
18849,250,small car,manual,50,polo,150000,petrol,volkswagen,no,20.33
18852,5500,cabrio,manual,90,one,150000,petrol,mini,no,13.17
18853,25500,coupe,manual,218,1er,80000,petrol,bmw,no,5.75
18854,2100,bus,manual,136,others,150000,diesel,mazda,no,16.75
18856,5800,bus,automatic,113,scenic,125000,petrol,renault,no,13.08
18857,39900,suv,automatic,239,cayenne,100000,diesel,porsche,no,8.5
18858,6900,cabrio,manual,140,astra,80000,petrol,opel,no,10.5
18859,24500,station wagon,automatic,204,e_klasse,80000,petrol,mercedes_benz,no,7.17
18861,2150,limousine,manual,109,others,150000,petrol,mercedes_benz,no,27.92
18863,6300,limousine,manual,224,others,150000,petrol,audi,no,16.83
18864,3890,station wagon,manual,109,2_reihe,150000,diesel,peugeot,yes,10.08
18865,200,small car,manual,60,fiesta,150000,petrol,ford,no,16.5
18866,750,small car,automatic,75,fiesta,125000,petrol,ford,no,21.67
18867,800,limousine,automatic,122,c_klasse,150000,petrol,mercedes_benz,no,24.67
18868,500,small car,manual,45,polo,150000,petrol,volkswagen,no,23.67
18872,4250,limousine,automatic,193,7er,150000,petrol,bmw,no,20.83
18875,3499,bus,manual,170,espace,150000,petrol,renault,no,13.83
18876,23000,station wagon,manual,125,transit,30000,diesel,ford,yes,3.08
18877,1400,limousine,manual,116,focus,150000,diesel,ford,no,15.67
18878,2999,station wagon,manual,131,passat,150000,diesel,volkswagen,no,13.25
18879,3500,limousine,manual,150,3er,150000,petrol,bmw,no,20.83
18880,500,station wagon,manual,105,escort,125000,petrol,ford,no,23.25
18882,26000,bus,manual,140,touran,60000,petrol,volkswagen,no,7.75
18884,1200,small car,automatic,75,clio,100000,petrol,renault,no,18.58
18886,21000,bus,automatic,125,golf,20000,petrol,volkswagen,no,4.92
18887,2200,station wagon,manual,76,astra,150000,petrol,opel,no,14.25
18890,12500,station wagon,manual,232,a6,150000,diesel,audi,no,10.42
18892,8100,cabrio,manual,126,mx_reihe,60000,petrol,mazda,no,11.08
18895,2600,small car,manual,64,ibiza,150000,petrol,seat,no,16.75
18896,2000,cabrio,manual,150,astra,80000,petrol,opel,no,22.92
18897,12499,limousine,manual,140,astra,80000,petrol,opel,no,8.75
18899,7300,station wagon,manual,136,focus,150000,diesel,ford,no,11.5
18900,4645,limousine,manual,136,3_reihe,150000,diesel,peugeot,no,13.58
18901,5900,suv,automatic,262,others,150000,petrol,ford,no,20.58
18902,1450,station wagon,manual,116,mondeo,150000,petrol,ford,no,19.08
18903,13800,limousine,manual,122,1er,30000,petrol,bmw,no,7.42
18905,6990,limousine,automatic,224,e_klasse,150000,diesel,mercedes_benz,no,13.5
18906,3750,station wagon,automatic,150,3er,150000,diesel,bmw,no,14.67
18907,4500,small car,manual,80,fusion,60000,petrol,ford,no,9.83
18908,700,limousine,manual,75,golf,150000,petrol,volkswagen,yes,18.92
18909,1799,cabrio,manual,136,2_reihe,150000,petrol,peugeot,no,15.25
18910,699,limousine,manual,75,golf,150000,petrol,volkswagen,no,22.92
18913,550,bus,automatic,178,voyager,150000,petrol,chrysler,yes,20.17
18914,990,coupe,manual,420,others,5000,petrol,audi,no,10.08
18915,3000,bus,manual,116,touran,150000,petrol,volkswagen,no,15.5
18916,17900,cabrio,automatic,160,golf,50000,petrol,volkswagen,no,7.67
18917,14999,station wagon,automatic,231,5er,150000,diesel,bmw,no,11.25
18918,8650,small car,manual,174,cooper,125000,petrol,mini,no,11.58
18920,1250,limousine,manual,90,80,150000,petrol,audi,no,27.58
18922,10999,coupe,manual,200,scirocco,125000,petrol,volkswagen,no,10.92
18924,3199,station wagon,manual,166,6_reihe,150000,petrol,mazda,no,15.75
18927,7500,limousine,manual,105,golf,150000,diesel,volkswagen,no,14.83
18928,4400,small car,manual,73,c2,30000,petrol,citroen,no,11.5
18930,4550,station wagon,manual,140,a4,150000,diesel,audi,no,14.75
18931,6750,suv,manual,104,sportage,150000,lpg,kia,no,10.0
18932,14990,station wagon,automatic,218,3er,125000,petrol,bmw,no,11.5
18933,2400,small car,manual,73,fox,125000,petrol,volkswagen,no,8.67
18936,2800,coupe,manual,116,3er,150000,petrol,bmw,no,16.0
18939,12000,bus,automatic,140,touran,150000,diesel,volkswagen,no,8.75
18940,10800,limousine,automatic,258,5er,150000,lpg,bmw,no,12.33
18941,100,small car,manual,54,corsa,150000,petrol,opel,yes,18.5
18942,2590,bus,automatic,165,carnival,100000,petrol,kia,no,17.5
18943,5500,station wagon,manual,105,golf,150000,petrol,volkswagen,no,12.17
18944,15550,small car,manual,90,polo,10000,petrol,volkswagen,no,4.75
18945,22000,station wagon,automatic,170,superb,70000,diesel,skoda,no,5.58
18946,9900,limousine,manual,256,a4,150000,petrol,audi,no,12.33
18947,1000,small car,manual,50,lupo,150000,petrol,volkswagen,no,18.25
18949,1280,small car,manual,75,clio,150000,petrol,renault,no,20.92
18950,12255,suv,manual,170,yeti,150000,diesel,skoda,no,10.0
18952,6500,small car,manual,80,corsa,80000,petrol,opel,no,10.5
18953,2475,bus,manual,107,scenic,125000,petrol,renault,no,17.42
18954,900,small car,manual,54,twingo,150000,petrol,renault,no,21.25
18955,1800,bus,manual,120,scenic,150000,diesel,renault,no,13.33
18957,2500,small car,manual,65,picanto,60000,petrol,kia,no,15.0
18960,8000,suv,manual,125,rav,60000,petrol,toyota,no,13.5
18961,9900,limousine,automatic,122,1er,60000,petrol,bmw,no,9.42
18964,100,small car,manual,65,corsa,150000,petrol,opel,yes,18.17
18967,17500,cabrio,manual,111,cooper,40000,diesel,mini,no,8.83
18968,3200,cabrio,manual,150,3er,150000,petrol,bmw,no,21.58
18969,4450,limousine,manual,120,3_reihe,150000,petrol,peugeot,no,10.67
18971,1390,bus,manual,102,scenic,150000,diesel,renault,no,17.0
18973,12500,suv,manual,167,captiva,50000,petrol,chevrolet,no,6.33
18974,2500,coupe,manual,141,others,150000,petrol,mitsubishi,yes,19.25
18975,2650,small car,manual,75,fabia,150000,petrol,skoda,no,16.42
18976,2290,cabrio,manual,101,golf,150000,petrol,volkswagen,no,22.5
18978,14700,suv,manual,150,tiguan,40000,petrol,volkswagen,no,9.08
18979,4800,limousine,manual,80,golf,150000,petrol,volkswagen,no,11.25
18980,7199,small car,manual,125,swift,90000,petrol,suzuki,no,9.25
18981,5000,limousine,manual,116,i_reihe,90000,diesel,hyundai,no,10.58
18982,8000,station wagon,automatic,136,c_klasse,150000,diesel,mercedes_benz,no,10.42
18983,32900,bus,automatic,163,viano,80000,diesel,mercedes_benz,no,6.25
18984,4950,bus,manual,105,golf,150000,diesel,volkswagen,no,11.75
18987,1890,station wagon,manual,125,vectra,150000,petrol,opel,no,18.92
18989,3850,small car,manual,60,punto,100000,petrol,fiat,no,9.08
18990,27499,limousine,automatic,184,x_reihe,80000,diesel,bmw,no,7.92
18991,1850,station wagon,manual,101,astra,125000,petrol,opel,no,18.5
18992,400,limousine,manual,101,golf,150000,petrol,volkswagen,no,21.67
18993,8500,limousine,manual,122,3er,150000,diesel,bmw,no,12.42
18994,3400,small car,manual,95,punto,125000,petrol,fiat,no,11.08
18995,2600,small car,manual,75,corsa,60000,petrol,opel,no,14.08
18999,12500,bus,manual,90,sprinter,125000,diesel,mercedes_benz,no,13.0
19000,750,limousine,manual,101,astra,150000,petrol,opel,no,19.33
19002,8450,cabrio,automatic,84,fortwo,60000,petrol,smart,no,8.75
19003,2650,bus,manual,75,modus,125000,petrol,renault,no,12.75
19006,17900,cabrio,manual,265,z_reihe,125000,petrol,bmw,no,11.25
19009,7890,small car,manual,73,fiesta,80000,diesel,ford,no,7.83
19010,17900,station wagon,manual,140,caddy,100000,diesel,volkswagen,no,6.33
19015,950,small car,manual,75,2_reihe,150000,petrol,peugeot,no,18.67
19016,2799,limousine,manual,118,3er,150000,petrol,bmw,no,18.08
19018,9500,limousine,manual,143,1er,150000,diesel,bmw,no,11.58
19019,7999,station wagon,manual,147,6_reihe,150000,petrol,mazda,no,9.17
19022,19999,limousine,manual,140,q3,90000,diesel,audi,no,6.25
19023,19000,limousine,automatic,120,c_klasse,70000,diesel,mercedes_benz,no,6.92
19025,12799,coupe,automatic,177,sl,150000,petrol,mercedes_benz,no,41.92
19029,1200,small car,manual,55,punto,100000,petrol,fiat,no,21.67
19032,1600,coupe,automatic,218,clk,150000,petrol,mercedes_benz,no,20.42
19035,3999,station wagon,manual,231,3er,150000,lpg,bmw,no,17.92
19037,7390,station wagon,automatic,231,3er,150000,petrol,bmw,no,17.0
19039,6990,limousine,manual,69,others,70000,petrol,ford,no,38.33
19040,5800,limousine,manual,170,verso,150000,diesel,toyota,no,11.25
19043,3500,station wagon,manual,69,caddy,150000,diesel,volkswagen,no,9.25
19044,9850,station wagon,automatic,204,c_klasse,150000,petrol,mercedes_benz,no,10.83
19045,25000,limousine,automatic,115,a_klasse,20000,petrol,mercedes_benz,no,5.58
19046,4700,station wagon,automatic,192,5er,150000,petrol,bmw,no,17.08
19047,1950,limousine,automatic,85,fusion,150000,petrol,ford,no,15.92
19048,3200,others,manual,115,3er,125000,petrol,bmw,no,14.58
19049,4500,cabrio,automatic,98,golf,150000,petrol,volkswagen,no,26.33
19050,6799,cabrio,manual,140,z_reihe,100000,petrol,bmw,no,22.0
19052,3690,bus,manual,150,zafira,150000,diesel,opel,no,12.75
19053,18800,coupe,automatic,292,e_klasse,150000,petrol,mercedes_benz,no,9.42
19054,21900,station wagon,automatic,265,others,100000,petrol,audi,no,9.5
19055,6500,limousine,manual,101,bora,125000,petrol,volkswagen,no,19.92
19056,8999,cabrio,automatic,231,z_reihe,150000,petrol,bmw,no,15.83
19058,350,cabrio,manual,104,escort,60000,petrol,ford,yes,27.58
19059,2000,station wagon,manual,115,v40,150000,diesel,volvo,no,15.08
19060,21490,limousine,automatic,204,3er,125000,diesel,bmw,no,7.83
19063,5550,station wagon,manual,120,3_reihe,150000,petrol,peugeot,no,9.33
19064,16500,limousine,automatic,487,s_klasse,150000,petrol,mercedes_benz,no,13.0
19065,2999,limousine,manual,101,golf,5000,diesel,volkswagen,no,18.58
19067,500,limousine,manual,75,corolla,150000,petrol,toyota,yes,21.08
19069,3000,coupe,manual,220,others,150000,petrol,fiat,no,20.17
19070,2850,coupe,manual,129,c_klasse,150000,petrol,mercedes_benz,no,17.25
19072,3700,coupe,manual,170,3er,150000,petrol,bmw,no,17.5
19075,4000,small car,manual,90,corsa,80000,petrol,opel,yes,9.75
19078,23999,limousine,automatic,235,x_reihe,125000,diesel,bmw,no,8.33
19079,1900,suv,manual,98,others,125000,diesel,daewoo,yes,19.42
19081,12300,bus,automatic,163,galaxy,150000,diesel,ford,no,8.5
19082,19550,coupe,manual,265,megane,50000,petrol,renault,no,6.33
19083,200,limousine,manual,90,100,150000,petrol,audi,no,30.42
19084,3600,station wagon,manual,150,astra,150000,diesel,opel,no,11.83
19086,5650,limousine,manual,177,5er,150000,diesel,bmw,no,12.25
19087,4450,small car,manual,73,2_reihe,60000,petrol,peugeot,no,10.92
19089,2800,small car,manual,75,golf,150000,petrol,volkswagen,no,15.42
19090,1000,limousine,manual,136,omega,150000,petrol,opel,no,20.25
19091,1300,small car,automatic,58,cuore,125000,petrol,daihatsu,no,15.42
19093,1999,coupe,manual,115,others,150000,petrol,ford,no,22.67
19095,1690,limousine,manual,146,vectra,150000,petrol,opel,no,14.08
19096,3500,limousine,manual,105,golf,100000,petrol,volkswagen,no,15.75
19098,2550,limousine,manual,90,civic,125000,petrol,honda,no,19.25
19100,1000,limousine,manual,58,corsa,150000,petrol,opel,yes,17.67
19102,2800,limousine,manual,140,primera,80000,petrol,nissan,no,16.67
19105,4999,station wagon,manual,179,a6,150000,petrol,audi,no,12.33
19106,5600,bus,manual,143,5_reihe,150000,diesel,mazda,no,12.67
19107,1250,limousine,manual,101,golf,150000,petrol,volkswagen,no,21.08
19108,8750,bus,manual,116,b_klasse,80000,petrol,mercedes_benz,no,9.17
19109,800,limousine,manual,90,golf,150000,petrol,volkswagen,no,23.42
19111,24750,bus,automatic,102,caddy,10000,diesel,volkswagen,no,4.33
19112,6750,bus,manual,120,zafira,150000,diesel,opel,no,9.42
19114,5700,bus,manual,170,others,150000,diesel,citroen,no,10.5
19116,700,small car,manual,45,corsa,125000,petrol,opel,no,22.08
19117,5900,cabrio,manual,163,slk,150000,petrol,mercedes_benz,no,15.83
19118,5490,cabrio,manual,75,beetle,80000,petrol,volkswagen,no,15.5
19120,3900,limousine,manual,90,golf,125000,petrol,volkswagen,no,22.0
19121,2200,bus,manual,69,berlingo,150000,diesel,citroen,no,13.75
19122,1790,small car,manual,82,clio,150000,diesel,renault,no,15.5
19124,600,bus,manual,85,galaxy,150000,petrol,ford,no,21.67
19125,2690,cabrio,automatic,41,roadster,150000,diesel,smart,no,17.5
19126,500,bus,manual,91,others,150000,diesel,mercedes_benz,yes,16.67
19127,16900,limousine,automatic,235,s_klasse,150000,diesel,mercedes_benz,no,11.17
19128,7399,limousine,manual,105,golf,150000,petrol,volkswagen,no,9.17
19130,800,coupe,manual,84,astra,150000,petrol,opel,no,17.67
19133,5000,bus,manual,110,ducato,150000,diesel,fiat,no,12.0
19134,1900,station wagon,manual,101,astra,150000,petrol,opel,no,18.33
19136,9500,station wagon,manual,179,a6,150000,diesel,audi,no,11.42
19137,5000,limousine,automatic,170,s60,125000,petrol,volvo,no,14.92
19138,15990,cabrio,automatic,170,1er,100000,petrol,bmw,no,10.58
19139,696,small car,manual,60,fiesta,150000,petrol,ford,no,17.5
19140,76000,cabrio,manual,171,others,90000,petrol,jaguar,no,48.5
19142,4800,suv,manual,150,others,150000,petrol,ford,no,14.5
19143,21500,bus,automatic,140,touran,40000,petrol,volkswagen,no,6.42
19144,3650,station wagon,manual,116,golf,150000,diesel,volkswagen,no,18.67
19145,3990,station wagon,manual,177,avensis,150000,diesel,toyota,no,13.92
19146,350,small car,manual,59,polo,150000,petrol,volkswagen,no,20.33
19147,2800,small car,manual,75,2_reihe,125000,petrol,peugeot,no,13.33
19153,600,limousine,manual,98,3_reihe,150000,petrol,mazda,no,17.33
19154,1500,bus,manual,122,v_klasse,150000,diesel,mercedes_benz,yes,19.5
19155,5800,station wagon,automatic,170,passat,150000,diesel,volkswagen,yes,12.67
19156,6000,bus,automatic,170,touran,150000,diesel,volkswagen,yes,12.5
19157,550,small car,manual,60,punto,150000,petrol,fiat,yes,16.17
19158,6900,suv,manual,90,sandero,50000,petrol,dacia,no,5.42
19159,1800,bus,manual,97,zafira,150000,cng,opel,no,13.08
19160,950,small car,automatic,75,fiesta,70000,petrol,ford,no,21.5
19163,7800,limousine,automatic,163,3er,150000,diesel,bmw,no,13.67
19165,550,limousine,manual,120,laguna,150000,petrol,renault,no,19.83
19166,4400,limousine,manual,231,3er,150000,petrol,bmw,no,17.25
19168,650,small car,manual,50,arosa,150000,petrol,seat,yes,19.67
19171,4150,limousine,manual,115,100,100000,petrol,audi,no,27.58
19172,3750,cabrio,automatic,163,others,125000,petrol,chrysler,no,19.58
19174,750,small car,manual,77,civic,150000,petrol,honda,yes,21.58
19179,1000,small car,manual,54,corsa,125000,petrol,opel,no,19.42
19180,1450,limousine,manual,101,vectra,150000,petrol,opel,no,18.67
19182,2200,bus,manual,144,carnival,150000,diesel,kia,no,14.75
19183,1549,station wagon,manual,140,laguna,150000,petrol,renault,yes,17.83
19184,500,limousine,manual,75,golf,150000,petrol,volkswagen,yes,21.42
19187,23500,limousine,automatic,271,golf,70000,petrol,volkswagen,no,7.42
19188,4430,station wagon,automatic,204,e_klasse,150000,diesel,mercedes_benz,no,14.5
19189,2700,limousine,manual,163,passat,150000,diesel,volkswagen,no,15.67
19190,3500,station wagon,manual,129,c_klasse,150000,petrol,mercedes_benz,no,17.92
19192,3400,bus,automatic,95,musa,100000,petrol,lancia,no,13.58
19193,2200,limousine,manual,147,astra,150000,petrol,opel,no,17.5
19194,22900,station wagon,manual,140,octavia,60000,petrol,skoda,no,5.83
19196,11500,bus,manual,150,viano,150000,diesel,mercedes_benz,no,12.0
19197,11500,limousine,manual,140,passat,100000,diesel,volkswagen,no,12.5
19198,6899,limousine,automatic,129,1er,150000,petrol,bmw,no,12.5
19199,7000,cabrio,manual,118,z_reihe,150000,petrol,bmw,no,17.75
19200,20900,coupe,automatic,286,3er,150000,diesel,bmw,no,9.92
19201,9950,cabrio,manual,224,tt,125000,petrol,audi,no,15.83
19203,9500,limousine,manual,150,e_klasse,150000,diesel,mercedes_benz,no,15.92
19204,1500,station wagon,manual,100,golf,150000,diesel,volkswagen,no,17.42
19205,1480,limousine,manual,133,80,150000,petrol,audi,yes,25.33
19206,3750,station wagon,manual,109,focus,150000,diesel,ford,no,9.08
19207,550,limousine,manual,122,c_klasse,150000,petrol,mercedes_benz,no,22.67
19208,850,station wagon,manual,150,5er,150000,petrol,bmw,no,21.83
19209,8499,bus,manual,140,touran,70000,petrol,volkswagen,no,11.83
19210,10900,small car,manual,101,corsa,30000,petrol,opel,no,4.5
19211,4000,cabrio,manual,109,colt,90000,petrol,mitsubishi,no,12.42
19213,4500,station wagon,manual,90,others,150000,diesel,ford,no,11.5
19214,10000,limousine,manual,105,golf,80000,petrol,volkswagen,no,7.17
19216,7990,limousine,manual,170,1er,150000,petrol,bmw,no,11.67
19217,10499,station wagon,manual,105,octavia,90000,diesel,skoda,no,7.75
19218,450,small car,manual,50,arosa,150000,petrol,seat,no,21.42
19220,7499,station wagon,automatic,177,5er,150000,diesel,bmw,no,13.42
19221,2990,cabrio,manual,90,tigra,150000,petrol,opel,no,15.0
19222,6900,station wagon,manual,170,passat,150000,diesel,volkswagen,no,12.25
19223,6950,small car,automatic,90,corsa,50000,petrol,opel,no,9.33
19225,5200,bus,manual,75,doblo,150000,diesel,fiat,no,10.83
19227,6250,cabrio,manual,150,3er,100000,petrol,bmw,no,20.08
19228,4700,cabrio,manual,90,tigra,60000,petrol,opel,no,12.42
19229,950,small car,manual,75,polo,150000,petrol,volkswagen,no,23.75
19230,103990,suv,automatic,500,cayenne,50000,petrol,porsche,no,5.33
19235,21899,coupe,manual,211,scirocco,60000,petrol,volkswagen,no,5.17
19236,1350,station wagon,manual,116,vectra,125000,petrol,opel,no,21.08
19237,8000,limousine,manual,110,golf,150000,diesel,volkswagen,no,9.42
19241,120,small car,automatic,60,polo,150000,petrol,volkswagen,no,21.0
19242,1500,station wagon,manual,96,astra,150000,diesel,opel,no,17.58
19244,8200,limousine,manual,174,3_reihe,80000,petrol,peugeot,no,10.33
19245,28490,limousine,automatic,204,a6,70000,diesel,audi,no,7.92
19248,920,small car,manual,54,twingo,150000,petrol,renault,no,21.42
19249,2950,bus,manual,116,galaxy,150000,diesel,ford,no,16.67
19250,8900,limousine,manual,143,1er,150000,diesel,bmw,no,10.58
19252,990,coupe,automatic,143,c_klasse,150000,diesel,mercedes_benz,yes,16.42
19253,4200,station wagon,automatic,177,signum,150000,diesel,opel,no,14.67
19254,3500,station wagon,manual,109,focus,150000,diesel,ford,no,11.67
19258,14699,cabrio,automatic,140,eos,90000,diesel,volkswagen,no,8.5
19259,5000,small car,manual,73,c3,70000,petrol,citroen,no,9.33
19260,11200,limousine,manual,170,3er,150000,petrol,bmw,no,10.08
19263,13900,suv,manual,135,sportage,40000,petrol,kia,no,7.58
19264,9200,coupe,manual,160,scirocco,125000,petrol,volkswagen,no,10.83
19265,700,small car,manual,54,seicento,125000,petrol,fiat,no,17.5
19266,2750,small car,manual,54,polo,125000,petrol,volkswagen,no,30.92
19267,400,small car,manual,60,ka,150000,petrol,ford,yes,17.0
19268,16599,station wagon,manual,120,a4,70000,petrol,audi,no,7.5
19273,650,small car,manual,55,corsa,150000,petrol,opel,no,20.5
19275,1000,small car,manual,60,ka,125000,petrol,ford,no,17.08
19277,5900,limousine,manual,75,golf,80000,petrol,volkswagen,no,13.75
19279,1000,limousine,manual,136,e_klasse,150000,petrol,mercedes_benz,no,24.67
19281,18999,small car,manual,150,golf,60000,diesel,volkswagen,no,5.83
19283,1990,station wagon,manual,105,golf,150000,petrol,volkswagen,no,18.5
19285,650,station wagon,manual,90,focus,150000,diesel,ford,no,19.58
19286,3500,small car,manual,106,clio,125000,diesel,renault,no,12.83
19288,1100,small car,manual,60,fiesta,100000,petrol,ford,no,19.25
19289,5500,station wagon,manual,140,passat,150000,diesel,volkswagen,no,13.67
19290,1650,small car,manual,60,agila,150000,petrol,opel,yes,14.08
19292,7490,cabrio,manual,120,2_reihe,50000,petrol,peugeot,no,9.5
19293,1150,small car,manual,58,twingo,150000,petrol,renault,no,15.0
19294,1750,bus,automatic,126,carnival,150000,diesel,kia,no,17.58
19296,5995,small car,manual,69,500,80000,petrol,fiat,no,8.42
19297,7480,coupe,automatic,150,c_klasse,125000,petrol,mercedes_benz,no,12.58
19298,19000,station wagon,manual,150,focus,50000,petrol,ford,no,7.67
19299,2250,limousine,manual,116,3er,150000,petrol,bmw,no,16.67
19300,1490,small car,manual,60,clio,150000,petrol,renault,no,19.33
19302,5980,limousine,manual,105,golf,125000,diesel,volkswagen,no,15.0
19303,2500,limousine,manual,170,5er,150000,petrol,bmw,no,20.83
19304,12499,cabrio,automatic,220,a4,150000,petrol,audi,no,13.42
19305,11000,bus,manual,131,transporter,150000,diesel,volkswagen,no,14.42
19306,8800,station wagon,manual,170,a3,150000,diesel,audi,no,12.5
19307,11900,bus,automatic,140,sharan,150000,diesel,volkswagen,no,5.08
19310,900,limousine,manual,120,6_reihe,150000,petrol,mazda,yes,21.0
19312,4100,bus,manual,75,caddy,80000,cng,volkswagen,no,12.5
19314,8500,limousine,manual,102,a3,125000,petrol,audi,no,11.17
19315,4650,station wagon,manual,140,octavia,150000,diesel,skoda,no,12.83
19316,650,small car,manual,58,twingo,150000,petrol,renault,no,21.0
19317,12600,small car,manual,174,clubman,70000,petrol,mini,no,10.08
19318,5150,limousine,manual,192,corsa,125000,petrol,opel,yes,10.17
19320,4900,limousine,manual,150,golf,150000,petrol,volkswagen,no,13.25
19321,5600,station wagon,automatic,177,5er,150000,diesel,bmw,no,14.58
19324,370,small car,manual,54,clio,150000,petrol,renault,yes,22.5
19325,2750,station wagon,manual,75,2_reihe,150000,petrol,peugeot,no,16.83
19326,6199,limousine,manual,122,golf,150000,petrol,volkswagen,no,10.33
19329,1190,station wagon,manual,100,mondeo,150000,petrol,ford,no,20.83
19331,8999,coupe,automatic,170,passat,150000,diesel,volkswagen,no,10.75
19337,10900,limousine,manual,156,outlander,150000,diesel,mitsubishi,no,9.5
19339,10999,suv,automatic,190,m_klasse,150000,diesel,mercedes_benz,no,12.67
19340,1700,station wagon,manual,150,bora,30000,petrol,volkswagen,yes,19.0
19343,3999,coupe,manual,120,civic,80000,petrol,honda,no,14.33
19344,999,small car,manual,75,logan,125000,petrol,dacia,no,12.42
19346,2500,small car,manual,54,polo,150000,petrol,volkswagen,no,14.58
19348,5500,small car,automatic,71,fortwo,60000,petrol,smart,no,7.17
19349,5850,coupe,manual,110,others,150000,petrol,opel,no,30.92
19351,450,limousine,manual,118,3er,150000,petrol,bmw,no,21.67
19353,699,small car,manual,80,fiesta,150000,petrol,ford,no,16.92
19354,850,small car,automatic,75,golf,150000,petrol,volkswagen,no,30.83
19356,14000,bus,manual,155,transit,90000,diesel,ford,no,7.0
19357,1499,station wagon,manual,170,c_klasse,150000,petrol,mercedes_benz,no,20.75
19359,2650,bus,automatic,147,zafira,150000,lpg,opel,no,16.08
19360,5950,limousine,manual,122,3er,150000,diesel,bmw,no,14.0
19361,1000,bus,manual,90,ducato,70000,diesel,fiat,no,19.42
19363,7500,station wagon,automatic,163,e_klasse,150000,petrol,mercedes_benz,no,15.67
19364,3250,cabrio,manual,116,golf,150000,petrol,volkswagen,no,18.5
19367,2151,limousine,manual,101,vectra,150000,petrol,opel,no,18.25
19368,200,small car,manual,75,golf,150000,petrol,volkswagen,no,21.25
19369,1250,small car,manual,75,fiesta,150000,petrol,ford,no,17.08
19370,1350,small car,automatic,54,fortwo,150000,petrol,smart,no,17.92
19372,10499,small car,manual,105,polo,70000,petrol,volkswagen,no,6.08
19374,2700,station wagon,manual,101,passat,150000,diesel,volkswagen,no,17.08
19375,750,limousine,manual,75,golf,150000,petrol,volkswagen,no,25.67
19376,5500,cabrio,manual,200,c_reihe,150000,petrol,volvo,no,19.75
19377,4950,small car,manual,105,astra,150000,petrol,opel,no,13.25
19378,16000,limousine,automatic,150,a3,20000,diesel,audi,no,4.25
19380,1800,limousine,manual,105,bora,150000,petrol,volkswagen,no,17.25
19383,2450,limousine,automatic,207,laguna,70000,petrol,renault,no,15.08
19384,1300,coupe,automatic,125,cr_reihe,150000,petrol,honda,no,23.33
19385,9000,small car,manual,90,rio,80000,diesel,kia,no,6.33
19386,3999,limousine,automatic,129,c_klasse,125000,petrol,mercedes_benz,no,17.25
19390,2750,small car,manual,60,ka,80000,petrol,ford,no,10.42
19392,4600,limousine,automatic,170,3er,150000,petrol,bmw,no,16.33
19394,9300,limousine,automatic,143,c_klasse,40000,petrol,mercedes_benz,no,12.75
19396,320,small car,manual,60,micra,150000,petrol,nissan,no,22.42
19397,7500,suv,manual,136,captiva,150000,lpg,chevrolet,no,11.17
19399,12499,limousine,manual,122,golf,80000,petrol,volkswagen,no,6.83
19400,5799,small car,manual,75,polo,150000,diesel,volkswagen,no,9.75
19402,13299,small car,manual,98,one,20000,petrol,mini,no,7.75
19403,9890,limousine,automatic,124,auris,60000,petrol,toyota,no,11.75
19404,3400,small car,manual,64,polo,125000,petrol,volkswagen,no,11.67
19405,4500,suv,manual,60,transporter,150000,petrol,volkswagen,no,31.58
19406,10900,coupe,manual,150,laguna,125000,diesel,renault,no,7.58
19407,7980,cabrio,automatic,179,tt,100000,petrol,audi,no,15.25
19408,3500,small car,manual,101,golf,150000,petrol,volkswagen,no,19.92
19410,26900,limousine,manual,306,3er,100000,petrol,bmw,no,6.58
19411,4500,bus,manual,140,touran,150000,diesel,volkswagen,no,12.17
19412,1100,station wagon,manual,120,vectra,150000,petrol,opel,yes,16.17
19413,1950,limousine,manual,137,80,150000,petrol,audi,yes,27.92
19414,1890,station wagon,manual,75,focus,150000,diesel,ford,no,14.92
19415,6500,coupe,manual,213,golf,150000,petrol,volkswagen,no,17.25
19416,3699,small car,manual,73,1_reihe,20000,petrol,peugeot,no,12.08
19417,5950,station wagon,automatic,143,c_klasse,150000,petrol,mercedes_benz,no,15.33
19419,7850,station wagon,automatic,140,a4,150000,diesel,audi,no,11.42
19420,2300,small car,manual,90,fiesta,150000,diesel,ford,no,12.5
19421,3990,limousine,manual,116,c_klasse,150000,diesel,mercedes_benz,no,17.25
19423,1500,coupe,manual,115,3er,150000,petrol,bmw,yes,15.75
19424,15999,limousine,manual,105,golf,40000,petrol,volkswagen,no,5.08
19426,3400,small car,manual,92,swift,150000,petrol,suzuki,no,12.25
19428,8650,station wagon,manual,150,159,150000,diesel,alfa_romeo,no,10.42
19429,13999,station wagon,manual,105,passat,60000,diesel,volkswagen,no,6.33
19431,7500,limousine,manual,209,a3,150000,petrol,audi,no,16.08
19432,7600,limousine,manual,105,golf,150000,diesel,volkswagen,no,10.25
19433,800,small car,manual,60,polo,150000,petrol,volkswagen,no,18.33
19435,15200,suv,manual,150,rav,80000,diesel,toyota,no,9.75
19438,8900,limousine,automatic,334,a8,150000,lpg,audi,no,15.17
19441,999,limousine,manual,75,astra,150000,petrol,opel,no,17.75
19442,5900,limousine,manual,109,i_reihe,125000,petrol,hyundai,no,9.17
19445,1450,limousine,automatic,125,vectra,150000,diesel,opel,yes,15.25
19446,3500,small car,manual,60,corsa,60000,petrol,opel,no,14.25
19447,25890,suv,manual,160,tiguan,20000,petrol,volkswagen,no,3.17
19448,2700,small car,manual,75,a2,150000,petrol,audi,no,18.5
19450,1990,limousine,automatic,95,c_klasse,150000,diesel,mercedes_benz,no,20.42
19451,690,limousine,automatic,122,c_klasse,150000,petrol,mercedes_benz,no,24.0
19453,1300,limousine,manual,75,golf,150000,petrol,volkswagen,no,20.75
19454,1899,station wagon,manual,136,6_reihe,150000,diesel,mazda,no,15.5
19456,4200,suv,manual,116,cherokee,150000,diesel,jeep,no,17.25
19458,5999,limousine,automatic,150,e_klasse,150000,diesel,mercedes_benz,yes,14.08
19459,790,station wagon,manual,101,others,150000,petrol,fiat,no,21.0
19460,6350,station wagon,manual,140,a6,150000,diesel,audi,no,12.17
19461,2400,small car,manual,95,forfour,150000,petrol,smart,no,14.92
19462,2400,limousine,manual,150,5er,150000,petrol,bmw,no,21.33
19463,1150,small car,automatic,54,fortwo,80000,petrol,smart,no,18.75
19465,10800,coupe,manual,136,c_reihe,80000,diesel,volvo,no,10.58
19466,44800,coupe,automatic,310,tt,20000,petrol,audi,no,3.08
19467,3450,limousine,automatic,136,e_klasse,100000,petrol,mercedes_benz,no,20.83
19468,15800,station wagon,manual,143,clubman,100000,diesel,mini,no,7.67
19469,14990,cabrio,manual,160,eos,60000,petrol,volkswagen,no,8.42
19471,2500,small car,manual,90,golf,125000,petrol,volkswagen,no,26.67
19472,300,limousine,manual,75,focus,150000,petrol,ford,no,20.92
19473,2750,limousine,manual,204,a4,150000,petrol,audi,no,21.83
19474,1699,station wagon,manual,116,vectra,90000,petrol,opel,no,20.42
19475,9690,limousine,manual,80,golf,80000,petrol,volkswagen,no,7.75
19476,19999,station wagon,manual,177,a6,150000,diesel,audi,no,5.5
19477,990,small car,manual,58,twingo,150000,petrol,renault,no,17.42
19479,2500,station wagon,manual,155,a6,150000,diesel,audi,no,17.67
19480,1490,limousine,manual,125,passat,150000,petrol,volkswagen,no,19.83
19485,1999,small car,manual,60,ypsilon,80000,petrol,lancia,no,14.92
19487,5600,limousine,automatic,95,a_klasse,150000,diesel,mercedes_benz,no,14.33
19488,13900,cabrio,manual,231,3er,150000,petrol,bmw,no,16.0
19489,17600,limousine,manual,204,c_klasse,150000,diesel,mercedes_benz,no,7.08
19490,1000,limousine,manual,101,vectra,80000,petrol,opel,no,18.42
19491,6990,bus,manual,140,alhambra,150000,diesel,seat,no,12.5
19492,12500,station wagon,manual,102,1er,125000,petrol,bmw,no,6.83
19493,6490,limousine,manual,116,1er,150000,petrol,bmw,no,11.5
19494,399,bus,manual,54,others,80000,petrol,subaru,no,24.17
19496,1100,limousine,manual,101,passat,150000,petrol,volkswagen,no,21.67
19497,3100,small car,manual,60,fiesta,70000,petrol,ford,no,13.5
19498,3500,station wagon,manual,125,signum,150000,diesel,opel,no,15.92
19499,999,limousine,manual,85,others,150000,petrol,suzuki,no,17.33
19500,2550,limousine,manual,101,golf,150000,diesel,volkswagen,no,16.67
19502,600,small car,automatic,60,corsa,150000,petrol,opel,no,25.83
19503,21800,limousine,manual,143,a4,10000,diesel,audi,no,5.33
19504,3900,station wagon,automatic,207,c5,150000,lpg,citroen,no,14.33
19505,650,station wagon,manual,136,omega,150000,petrol,opel,no,19.0
19506,2499,coupe,manual,140,3er,150000,petrol,bmw,yes,24.67
19507,1200,limousine,manual,101,passat,150000,lpg,volkswagen,no,20.0
19508,39900,cabrio,automatic,340,tt,50000,petrol,audi,no,7.33
19509,7300,bus,manual,120,zafira,150000,diesel,opel,no,9.42
19510,2250,station wagon,automatic,136,3er,150000,diesel,bmw,no,17.5
19511,3500,limousine,manual,190,beetle,150000,petrol,volkswagen,no,16.25
19512,4500,station wagon,manual,105,golf,150000,petrol,volkswagen,no,12.33
19515,5800,small car,manual,90,yaris,125000,diesel,toyota,yes,8.25
19516,3900,cabrio,manual,110,mx_reihe,125000,petrol,mazda,no,14.42
19517,3000,station wagon,manual,190,e_klasse,5000,petrol,mercedes_benz,no,20.08
19518,5900,limousine,automatic,300,s_klasse,150000,petrol,mercedes_benz,no,19.92
19519,2999,limousine,manual,116,3er,125000,petrol,bmw,no,16.33
19520,599,limousine,automatic,102,others,150000,petrol,volvo,no,26.08
19521,9200,station wagon,manual,150,3er,150000,petrol,bmw,no,12.08
19522,1400,small car,manual,69,corsa,150000,diesel,opel,no,14.75
19523,24950,suv,automatic,239,touareg,125000,diesel,volkswagen,no,8.42
19525,999,limousine,manual,136,c_klasse,150000,petrol,mercedes_benz,no,23.17
19527,12290,limousine,manual,102,1er,50000,petrol,bmw,no,6.75
19528,450,station wagon,manual,140,laguna,150000,lpg,renault,yes,20.83
19531,7999,limousine,automatic,177,e_klasse,50000,petrol,mercedes_benz,no,16.67
19533,1795,small car,manual,75,corsa,125000,petrol,opel,no,17.92
19534,14300,station wagon,automatic,286,3er,150000,diesel,bmw,no,12.75
19536,5900,station wagon,automatic,140,passat,150000,diesel,volkswagen,no,11.83
19538,30100,suv,automatic,185,tucson,10000,diesel,hyundai,no,3.83
19539,8000,station wagon,automatic,310,a4,80000,diesel,audi,no,7.33
19541,800,station wagon,manual,147,vectra,150000,petrol,opel,yes,17.42
19542,17999,coupe,automatic,367,clk,100000,petrol,mercedes_benz,no,13.83
19543,7500,limousine,automatic,218,5er,150000,diesel,bmw,yes,13.17
19544,9500,limousine,automatic,231,5er,150000,petrol,bmw,no,16.0
19545,2450,small car,manual,58,clio,150000,petrol,renault,yes,11.58
19546,2150,limousine,manual,118,3er,150000,petrol,bmw,no,19.17
19547,2300,small car,automatic,68,aygo,150000,petrol,toyota,no,13.0
19548,5400,bus,manual,140,touran,150000,diesel,volkswagen,no,13.92
19553,9450,small car,manual,116,cooper,50000,petrol,mini,no,12.67
19554,2000,bus,manual,103,others,150000,lpg,hyundai,no,10.33
19556,2750,small car,manual,105,golf,150000,diesel,volkswagen,yes,13.75
19558,18300,suv,manual,177,outlander,60000,diesel,mitsubishi,no,5.25
19559,4200,suv,manual,75,others,150000,diesel,opel,no,22.92
19560,21500,station wagon,automatic,218,5er,150000,diesel,bmw,no,7.75
19561,1399,small car,manual,82,a_klasse,150000,petrol,mercedes_benz,no,18.92
19562,799,limousine,manual,150,5er,150000,petrol,bmw,yes,26.67
19563,530,limousine,manual,75,focus,150000,petrol,ford,yes,19.17
19564,7690,limousine,manual,80,golf,70000,petrol,volkswagen,no,11.33
19565,3999,limousine,automatic,105,astra,125000,petrol,opel,no,13.92
19566,1200,small car,manual,80,stilo,125000,petrol,fiat,yes,16.58
19569,900,bus,manual,140,espace,150000,petrol,renault,no,18.75
19571,850,cabrio,automatic,125,others,150000,petrol,honda,no,24.17
19572,2899,limousine,manual,105,golf,150000,petrol,volkswagen,no,16.92
19574,19500,suv,manual,175,cx_reihe,100000,diesel,mazda,no,6.5
19575,7924,coupe,manual,125,others,150000,petrol,porsche,no,37.0
19576,4099,station wagon,manual,77,transporter,125000,diesel,volkswagen,no,26.0
19577,3800,limousine,automatic,170,5er,150000,petrol,bmw,no,15.25
19578,825,small car,manual,50,polo,150000,petrol,volkswagen,no,20.33
19581,300,small car,manual,50,lupo,150000,petrol,volkswagen,yes,19.42
19582,3700,small car,manual,54,panda,30000,petrol,fiat,yes,9.42
19583,12990,limousine,automatic,122,golf,60000,petrol,volkswagen,no,8.92
19584,2300,cabrio,manual,109,2_reihe,150000,petrol,peugeot,no,14.25
19588,3399,small car,manual,60,fiesta,100000,petrol,ford,no,12.83
19592,450,limousine,manual,90,3_reihe,5000,petrol,mazda,yes,23.83
19593,35900,station wagon,automatic,170,c_klasse,30000,diesel,mercedes_benz,no,5.0
19594,4900,small car,manual,90,corsa,100000,petrol,opel,no,9.83
19595,750,station wagon,automatic,150,a4,150000,petrol,audi,no,22.5
19596,4999,small car,manual,68,1_reihe,10000,petrol,peugeot,no,11.33
19597,800,small car,manual,54,seicento,150000,petrol,fiat,no,20.0
19599,6350,small car,manual,82,fiesta,70000,petrol,ford,no,10.58
19600,5500,coupe,manual,170,3er,150000,petrol,bmw,no,19.33
19607,1555,small car,manual,86,fiesta,150000,diesel,ford,no,16.92
19610,6990,limousine,manual,105,golf,100000,diesel,volkswagen,no,11.92
19612,999,small car,automatic,75,corsa,80000,petrol,opel,yes,17.25
19615,1900,station wagon,manual,110,avensis,150000,diesel,toyota,no,17.5
19616,8850,limousine,automatic,140,golf,150000,diesel,volkswagen,no,12.92
19618,600,small car,manual,60,polo,150000,petrol,volkswagen,yes,18.25
19619,2500,coupe,manual,197,c_klasse,150000,petrol,mercedes_benz,no,16.33
19620,2000,small car,manual,94,others,125000,petrol,chevrolet,no,13.75
19621,460,limousine,manual,75,golf,150000,petrol,volkswagen,no,21.42
19623,7299,station wagon,manual,105,golf,150000,diesel,volkswagen,no,8.0
19624,47500,cabrio,manual,400,z_reihe,60000,petrol,bmw,no,15.42
19625,250,station wagon,manual,114,focus,150000,petrol,ford,no,18.42
19626,1100,small car,manual,60,polo,150000,petrol,volkswagen,no,18.67
19629,2590,bus,manual,69,caddy,150000,diesel,volkswagen,no,13.83
19630,999,small car,manual,50,lupo,150000,petrol,volkswagen,no,18.42
19632,4500,limousine,automatic,207,laguna,70000,petrol,renault,no,16.83
19633,200,small car,automatic,26,fortwo,30000,petrol,smart,no,18.17
19634,1800,station wagon,manual,125,a4,150000,petrol,audi,no,22.5
19635,1799,coupe,manual,129,c_klasse,150000,petrol,mercedes_benz,no,18.92
19639,9999,limousine,automatic,275,a8,150000,diesel,audi,no,15.0
19640,4500,station wagon,manual,140,passat,150000,diesel,volkswagen,no,12.25
19642,5100,coupe,automatic,224,clk,150000,diesel,mercedes_benz,no,14.0
19644,4400,bus,automatic,170,touran,150000,diesel,volkswagen,yes,11.92
19645,6390,small car,manual,68,aygo,40000,petrol,toyota,no,4.17
19647,2500,station wagon,manual,116,3er,150000,petrol,bmw,no,20.33
19648,2500,limousine,manual,148,vectra,150000,petrol,opel,no,16.42
19650,1500,limousine,manual,110,6_reihe,150000,petrol,mazda,no,20.33
19651,3650,small car,manual,75,fabia,150000,petrol,skoda,no,11.08
19654,2200,small car,manual,60,ka,125000,petrol,ford,no,10.67
19655,4900,limousine,automatic,250,a3,150000,lpg,audi,yes,14.5
19657,1450,limousine,manual,95,c_klasse,150000,diesel,mercedes_benz,no,20.08
19658,3130,limousine,automatic,143,others,150000,diesel,mercedes_benz,no,18.58
19659,1599,limousine,manual,75,golf,20000,petrol,volkswagen,no,19.5
19660,2350,cabrio,manual,110,mx_reihe,150000,petrol,mazda,no,19.33
19663,250,small car,manual,60,corsa,150000,petrol,opel,no,21.75
19664,26999,coupe,manual,295,others,125000,petrol,porsche,no,10.75
19665,900,limousine,manual,116,vectra,90000,petrol,opel,no,22.33
19666,4200,limousine,automatic,163,c_klasse,150000,lpg,mercedes_benz,no,18.92
19667,8600,limousine,automatic,150,qashqai,150000,diesel,nissan,no,11.5
19668,19200,coupe,automatic,306,3er,125000,petrol,bmw,no,11.42
19669,8500,suv,automatic,224,touareg,150000,diesel,volkswagen,no,12.17
19671,4500,cabrio,manual,88,micra,100000,petrol,nissan,no,12.33
19673,7690,cabrio,manual,170,3er,150000,petrol,bmw,no,18.5
19674,1100,coupe,manual,116,astra,5000,petrol,opel,no,18.58
19675,2800,limousine,manual,97,others,5000,petrol,citroen,no,19.17
19677,19850,limousine,manual,184,c_klasse,80000,petrol,mercedes_benz,no,8.75
19678,22900,limousine,automatic,220,golf,60000,petrol,volkswagen,no,5.42
19681,1800,limousine,manual,105,golf,80000,petrol,volkswagen,no,28.17
19682,1750,bus,automatic,144,carnival,150000,diesel,kia,no,15.42
19684,2849,cabrio,manual,140,mx_reihe,150000,petrol,mazda,no,20.33
19685,3750,station wagon,automatic,140,passat,150000,diesel,volkswagen,no,12.92
19688,3480,limousine,manual,75,golf,80000,petrol,volkswagen,no,19.58
19689,7400,station wagon,automatic,163,3er,150000,diesel,bmw,no,14.0
19690,11999,small car,manual,101,fiesta,30000,petrol,ford,no,3.25
19693,3550,small car,manual,80,corsa,125000,petrol,opel,no,10.33
19699,1350,station wagon,manual,75,combo,150000,diesel,opel,no,15.5
19700,3900,small car,manual,116,golf,100000,petrol,volkswagen,no,15.5
19706,4800,limousine,manual,95,a_klasse,150000,petrol,mercedes_benz,no,13.25
19707,300,limousine,manual,112,others,100000,petrol,rover,yes,22.33
19711,1590,small car,manual,60,punto,150000,petrol,fiat,no,15.25
19712,10800,cabrio,manual,192,z_reihe,90000,petrol,bmw,no,15.25
19714,6900,small car,manual,75,500,125000,diesel,fiat,no,10.42
19716,550,small car,manual,50,lupo,150000,petrol,volkswagen,yes,17.5
19717,2600,limousine,manual,65,punto,150000,petrol,fiat,no,12.08
19718,999,small car,manual,58,clio,150000,petrol,renault,no,20.75
19719,1900,small car,manual,100,polo,150000,petrol,volkswagen,no,14.33
19721,2290,limousine,manual,150,3er,150000,petrol,bmw,no,18.0
19723,4799,station wagon,manual,125,focus,125000,petrol,ford,no,12.75
19724,8250,station wagon,manual,163,3er,150000,diesel,bmw,no,12.33
19726,6900,station wagon,manual,102,caddy,125000,lpg,volkswagen,no,10.58
19728,11950,station wagon,automatic,140,passat,150000,diesel,volkswagen,no,5.08
19731,2150,limousine,manual,109,others,150000,petrol,mercedes_benz,no,27.5
19732,9990,cabrio,manual,192,3er,100000,petrol,bmw,no,17.33
19733,5990,station wagon,manual,105,golf,150000,diesel,volkswagen,no,8.92
19734,700,small car,manual,45,corsa,150000,petrol,opel,no,21.58
19737,4150,small car,manual,65,micra,100000,petrol,nissan,no,12.17
19738,27650,limousine,automatic,245,7er,125000,diesel,bmw,no,9.42
19739,280,station wagon,manual,136,vectra,150000,petrol,opel,yes,19.0
19742,14950,cabrio,manual,160,a3,50000,petrol,audi,no,9.25
19743,1600,limousine,manual,75,others,80000,petrol,citroen,no,27.58
19744,1150,bus,manual,102,scenic,150000,diesel,renault,no,18.33
19745,3990,limousine,automatic,150,e_klasse,150000,diesel,mercedes_benz,no,15.83
19746,1050,bus,automatic,107,scenic,150000,petrol,renault,no,18.0
19747,1300,small car,manual,50,polo,150000,petrol,volkswagen,no,18.5
19748,3270,small car,manual,109,3_reihe,150000,petrol,peugeot,no,14.5
19749,2700,station wagon,manual,102,octavia,150000,petrol,skoda,no,17.67
19750,2200,limousine,manual,116,3er,150000,petrol,bmw,no,16.42
19753,4800,small car,manual,80,corsa,90000,petrol,opel,no,9.75
19754,11500,cabrio,manual,272,slk,90000,petrol,mercedes_benz,yes,12.25
19755,5199,small car,manual,60,up,40000,petrol,volkswagen,no,6.83
19756,799,small car,manual,60,micra,150000,petrol,nissan,no,17.67
19758,2799,limousine,manual,150,3er,150000,diesel,bmw,no,16.33
19761,26990,cabrio,manual,156,z_reihe,30000,petrol,bmw,no,5.83
19763,3500,bus,manual,150,touran,150000,diesel,volkswagen,no,14.25
19764,850,limousine,manual,75,vectra,60000,petrol,opel,no,27.5
19766,4400,limousine,manual,125,impreza,150000,petrol,subaru,no,17.08
19767,285,small car,manual,60,ka,125000,petrol,ford,no,16.92
19769,23500,coupe,manual,272,tt,100000,petrol,audi,no,10.58
19770,1500,coupe,manual,140,3er,150000,petrol,bmw,no,23.75
19771,15900,suv,automatic,150,others,100000,petrol,jeep,no,37.08
19772,6990,station wagon,automatic,156,sprinter,150000,diesel,mercedes_benz,no,14.33
19774,3999,small car,manual,75,clio,70000,petrol,renault,no,12.42
19775,14500,station wagon,automatic,143,a4,125000,diesel,audi,no,10.92
19776,3000,limousine,manual,179,others,100000,petrol,opel,no,40.83
19777,1499,limousine,manual,122,c_klasse,150000,lpg,mercedes_benz,no,20.5
19778,4299,station wagon,automatic,177,e_klasse,150000,diesel,mercedes_benz,no,14.08
19779,1200,limousine,manual,75,logan,50000,petrol,dacia,yes,12.42
19780,16250,cabrio,automatic,200,a4,80000,petrol,audi,no,11.5
19781,9690,limousine,automatic,177,a6,150000,petrol,audi,no,12.25
19784,41500,cabrio,automatic,360,slk,20000,petrol,mercedes_benz,no,8.92
19786,27900,bus,manual,50,transporter,10000,petrol,volkswagen,no,40.58
19787,5200,station wagon,automatic,177,e_klasse,150000,diesel,mercedes_benz,no,13.33
19788,1500,station wagon,manual,95,megane,150000,petrol,renault,no,15.25
19789,700,small car,manual,53,corsa,150000,petrol,opel,yes,20.0
19790,9100,bus,manual,145,5_reihe,125000,petrol,mazda,no,8.58
19791,3999,station wagon,manual,156,others,150000,diesel,mercedes_benz,no,15.75
19792,3950,bus,manual,116,alhambra,150000,diesel,seat,no,16.92
19795,5250,limousine,manual,136,3_reihe,150000,diesel,peugeot,no,10.58
19798,4400,station wagon,manual,105,logan,150000,lpg,dacia,no,10.25
19799,12450,suv,automatic,218,x_reihe,150000,diesel,bmw,no,14.17
19800,7950,cabrio,manual,69,500,70000,petrol,fiat,no,7.83
19801,870,bus,manual,82,others,150000,diesel,opel,no,17.92
19802,1450,small car,manual,100,focus,150000,petrol,ford,no,18.92
19803,4000,limousine,manual,136,focus,150000,diesel,ford,no,11.17
19804,7600,bus,manual,75,caddy,125000,diesel,volkswagen,no,7.42
19805,6000,small car,manual,68,aygo,40000,petrol,toyota,no,6.5
19807,1250,small car,manual,65,corsa,150000,petrol,opel,no,20.92
19808,9999,limousine,manual,122,1er,100000,petrol,bmw,no,8.0
19809,10000,station wagon,manual,105,passat,150000,diesel,volkswagen,no,7.33
19811,13150,limousine,automatic,197,5er,150000,diesel,bmw,no,8.08
19813,24900,coupe,manual,500,mustang,40000,petrol,ford,no,5.5
19815,5700,small car,manual,101,yaris,80000,petrol,toyota,no,9.17
19818,1650,small car,manual,75,fiesta,150000,petrol,ford,no,19.0
19819,170,cabrio,manual,60,punto,125000,petrol,fiat,no,24.0
19820,6500,limousine,manual,163,3er,150000,diesel,bmw,no,7.17
19821,1950,limousine,automatic,272,others,150000,petrol,volvo,no,19.17
19824,25500,suv,automatic,245,range_rover_sport,150000,diesel,land_rover,no,7.42
19825,5300,limousine,manual,116,golf,100000,petrol,volkswagen,no,14.33
19828,650,bus,manual,64,others,150000,diesel,seat,yes,19.42
19830,900,small car,manual,60,corsa,150000,petrol,opel,no,23.0
19831,6999,cabrio,manual,120,2_reihe,70000,petrol,peugeot,no,10.58
19832,5000,suv,manual,45,others,5000,petrol,suzuki,no,35.67
19834,750,bus,automatic,179,sharan,150000,petrol,volkswagen,no,21.42
19835,14500,station wagon,automatic,218,300c,150000,diesel,chrysler,no,10.75
19836,2500,station wagon,automatic,150,e_klasse,150000,petrol,mercedes_benz,no,24.33
19837,2799,limousine,automatic,204,e_klasse,150000,lpg,mercedes_benz,no,18.17
19838,2900,limousine,manual,120,6_reihe,150000,petrol,mazda,no,16.58
19839,7400,suv,automatic,163,grand,150000,diesel,jeep,no,15.5
19840,7800,bus,automatic,131,others,150000,diesel,volkswagen,no,12.33
19841,4000,limousine,automatic,170,others,150000,petrol,volvo,no,16.0
19842,5600,limousine,manual,145,others,125000,petrol,peugeot,no,11.42
19844,1650,small car,manual,65,picanto,150000,petrol,kia,no,13.67
19845,21500,limousine,manual,204,5er,90000,diesel,bmw,no,8.42
19847,9600,station wagon,automatic,170,a6,150000,diesel,audi,no,9.33
19849,16299,suv,manual,110,yeti,50000,diesel,skoda,no,4.25
19850,2000,small car,manual,86,yaris,90000,petrol,toyota,no,17.83
19851,8950,limousine,manual,226,focus,150000,petrol,ford,no,12.25
19853,12500,station wagon,automatic,231,c_klasse,150000,petrol,mercedes_benz,no,12.0
19854,1750,limousine,automatic,101,vectra,150000,petrol,opel,no,19.42
19856,2299,limousine,manual,116,focus,125000,petrol,ford,no,18.25
19858,800,station wagon,manual,136,astra,150000,petrol,opel,yes,19.5
19861,1999,small car,manual,101,fabia,150000,diesel,skoda,no,16.42
19862,10099,limousine,manual,177,1er,150000,diesel,bmw,no,10.92
19864,20950,suv,automatic,156,g_klasse,150000,diesel,mercedes_benz,no,15.42
19865,1499,small car,manual,60,1_reihe,150000,petrol,peugeot,no,19.25
19867,7900,station wagon,manual,220,a4,150000,petrol,audi,no,12.75
19868,6500,limousine,manual,200,passat,100000,petrol,volkswagen,no,12.75
19870,2350,limousine,manual,110,others,150000,diesel,mercedes_benz,no,25.67
19871,1290,limousine,manual,39,others,60000,petrol,skoda,no,43.58
19872,1199,limousine,automatic,125,a4,150000,petrol,audi,no,21.08
19873,15750,station wagon,manual,140,passat,90000,diesel,volkswagen,no,5.17
19875,5900,limousine,manual,192,5er,150000,petrol,bmw,no,14.83
19876,7990,suv,manual,147,tucson,125000,diesel,hyundai,no,11.75
19877,16900,station wagon,automatic,170,octavia,90000,diesel,skoda,no,7.75
19878,6190,coupe,automatic,179,c_klasse,150000,petrol,mercedes_benz,no,29.25
19879,2000,limousine,manual,180,3er,150000,petrol,bmw,yes,17.17
19880,9900,bus,manual,109,viano,150000,diesel,mercedes_benz,no,14.58
19881,1500,small car,automatic,68,yaris,150000,petrol,toyota,no,19.5
19882,4850,limousine,manual,163,c_klasse,60000,petrol,mercedes_benz,no,16.17
19883,5950,bus,manual,88,sprinter,150000,diesel,mercedes_benz,no,10.25
19884,5700,bus,automatic,140,touran,150000,diesel,volkswagen,no,13.5
19886,18490,cabrio,manual,250,tt,90000,petrol,audi,no,11.5
19887,5950,bus,manual,105,touran,150000,diesel,volkswagen,no,10.25
19888,1999,coupe,manual,129,scirocco,150000,petrol,volkswagen,no,30.17
19890,8490,limousine,automatic,334,a8,150000,lpg,audi,no,15.42
19891,7990,limousine,manual,150,qashqai,150000,diesel,nissan,no,10.17
19892,8200,limousine,manual,160,sprinter,150000,petrol,mercedes_benz,no,28.33
19893,1950,bus,manual,72,vito,150000,diesel,mercedes_benz,no,20.58
19894,2990,coupe,manual,55,3_reihe,150000,petrol,peugeot,no,15.5
19896,1001,limousine,manual,193,5er,150000,petrol,bmw,no,21.42
19897,7800,station wagon,manual,160,passat,100000,petrol,volkswagen,no,10.17
19898,13000,limousine,manual,105,golf,80000,diesel,volkswagen,no,6.33
19899,1000,limousine,manual,122,c_klasse,150000,petrol,mercedes_benz,no,22.17
19900,4200,small car,manual,77,i_reihe,70000,petrol,hyundai,no,7.92
19902,17800,station wagon,manual,105,octavia,20000,diesel,skoda,no,3.5
19903,2000,limousine,automatic,150,3er,150000,petrol,bmw,no,26.0
19904,3350,station wagon,manual,110,octavia,150000,diesel,skoda,no,13.5
19905,7450,station wagon,automatic,105,golf,150000,diesel,volkswagen,no,7.58
19906,13850,limousine,manual,143,1er,125000,diesel,bmw,no,7.75
19908,10500,coupe,manual,179,golf,100000,petrol,volkswagen,no,17.67
19909,5300,small car,manual,75,swift,125000,diesel,suzuki,no,10.92
19910,5900,station wagon,automatic,224,e_klasse,150000,diesel,mercedes_benz,no,13.92
19911,2250,bus,manual,116,others,100000,petrol,citroen,no,18.17
19912,850,limousine,manual,95,megane,150000,petrol,renault,no,18.42
19913,3000,station wagon,manual,121,6_reihe,150000,diesel,mazda,no,14.92
19914,4499,limousine,manual,192,3er,90000,petrol,bmw,no,16.33
19918,2700,small car,manual,75,a2,150000,petrol,audi,no,17.75
19919,1000,small car,manual,60,fiesta,150000,petrol,ford,no,19.5
19920,9900,limousine,manual,163,3er,125000,diesel,bmw,no,12.42
19922,16950,suv,automatic,156,outlander,80000,diesel,mitsubishi,no,8.75
19924,5700,cabrio,manual,90,tigra,70000,petrol,opel,no,15.0
19925,2250,limousine,manual,98,megane,125000,petrol,renault,no,14.83
19926,12300,station wagon,automatic,224,c_klasse,150000,diesel,mercedes_benz,no,10.0
19927,9700,limousine,manual,110,golf,125000,diesel,volkswagen,yes,9.5
19928,690,small car,manual,45,1_reihe,150000,petrol,peugeot,no,22.67
19929,7000,bus,manual,95,b_klasse,90000,petrol,mercedes_benz,yes,9.5
19930,12800,cabrio,automatic,163,slk,90000,petrol,mercedes_benz,no,11.25
19931,3190,cabrio,manual,109,2_reihe,125000,petrol,peugeot,no,14.67
19932,14650,limousine,manual,265,1er,125000,petrol,bmw,no,12.58
19933,1600,limousine,manual,90,golf,150000,petrol,volkswagen,no,28.42
19934,13500,limousine,automatic,192,x_reihe,80000,petrol,bmw,no,12.67
19935,6700,bus,automatic,170,touran,150000,diesel,volkswagen,no,12.33
19936,850,limousine,manual,86,corolla,125000,petrol,toyota,yes,19.75
19937,3650,station wagon,automatic,200,v70,150000,petrol,volvo,no,18.08
19938,1100,small car,manual,58,corsa,150000,petrol,opel,no,18.83
19940,3990,limousine,automatic,143,3er,125000,petrol,bmw,no,16.42
19941,3000,small car,manual,80,polo,125000,diesel,volkswagen,no,12.42
19942,13800,bus,automatic,174,transporter,150000,diesel,volkswagen,yes,11.58
19944,21700,station wagon,manual,140,golf,30000,petrol,volkswagen,no,4.42
19945,5000,bus,manual,140,touran,150000,diesel,volkswagen,no,8.5
19947,22790,limousine,manual,235,golf,60000,petrol,volkswagen,no,6.5
19948,4500,coupe,manual,200,astra,150000,petrol,opel,no,15.25
19949,6500,limousine,automatic,218,5er,150000,diesel,bmw,no,13.17
19950,1850,station wagon,manual,116,zafira,150000,petrol,opel,no,18.5
19952,2600,small car,automatic,52,matiz,125000,petrol,chevrolet,no,12.75
19953,5200,station wagon,automatic,126,c_klasse,150000,diesel,mercedes_benz,no,14.75
19955,500,limousine,manual,82,clio,150000,diesel,renault,no,19.0
19957,5100,small car,manual,120,bravo,125000,petrol,fiat,no,10.83
19958,2799,limousine,manual,118,3er,125000,petrol,bmw,no,17.42
19959,10300,coupe,automatic,224,clk,150000,diesel,mercedes_benz,no,11.25
19960,1600,limousine,manual,101,golf,150000,petrol,volkswagen,no,21.42
19962,2550,small car,manual,163,cooper,150000,petrol,mini,yes,15.17
19963,4484,bus,manual,115,5_reihe,150000,petrol,mazda,no,13.58
19964,1900,cabrio,manual,75,astra,150000,petrol,opel,no,20.25
19965,10990,limousine,automatic,180,astra,30000,petrol,opel,no,8.83
19966,6900,cabrio,manual,110,mx_reihe,60000,petrol,mazda,no,15.42
19967,2000,station wagon,manual,131,passat,150000,diesel,volkswagen,no,16.0
19970,2190,limousine,manual,115,focus,150000,petrol,ford,no,19.75
19971,12490,limousine,automatic,109,a_klasse,50000,diesel,mercedes_benz,no,8.5
19973,1200,station wagon,manual,102,3er,150000,petrol,bmw,yes,21.92
19974,4800,limousine,manual,118,3er,125000,petrol,bmw,no,18.25
19975,1100,limousine,manual,125,a3,150000,petrol,audi,no,21.42
19978,17850,suv,manual,177,x_reihe,70000,diesel,bmw,no,7.75
19979,3900,suv,automatic,190,grand,150000,petrol,jeep,no,19.92
19980,3333,bus,manual,147,zafira,150000,petrol,opel,yes,13.08
19982,2950,limousine,manual,101,golf,150000,diesel,volkswagen,no,15.92
19983,2600,small car,manual,64,polo,150000,petrol,volkswagen,no,14.08
19984,13200,limousine,automatic,204,c_klasse,150000,diesel,mercedes_benz,yes,7.5
19986,21000,limousine,automatic,136,e_klasse,125000,diesel,mercedes_benz,no,6.25
19990,590,bus,manual,139,others,150000,lpg,hyundai,yes,17.25
19991,2800,station wagon,manual,136,focus,150000,diesel,ford,no,14.0
19992,1299,limousine,manual,75,clio,150000,petrol,renault,no,19.75
19993,350,small car,manual,63,others,125000,petrol,hyundai,yes,12.0
19994,2750,bus,manual,103,doblo,125000,petrol,fiat,no,15.33
19995,5599,station wagon,manual,140,a4,150000,diesel,audi,no,13.75
19998,27490,limousine,manual,250,focus,20000,petrol,ford,no,3.25
19999,2980,limousine,manual,125,vectra,150000,diesel,opel,no,15.83
20000,25000,bus,automatic,190,sprinter,100000,diesel,mercedes_benz,no,8.33
20001,2980,station wagon,manual,113,megane,80000,petrol,renault,no,13.25
20002,1650,bus,automatic,177,espace,150000,diesel,renault,no,15.5
20004,9500,limousine,manual,116,e_klasse,150000,diesel,mercedes_benz,yes,18.5
20005,19950,station wagon,manual,265,others,125000,petrol,audi,no,9.08
20006,9577,bus,automatic,140,touran,150000,diesel,volkswagen,no,11.75
20007,7600,station wagon,automatic,170,passat,150000,diesel,volkswagen,no,10.67
20008,2550,cabrio,manual,109,2_reihe,150000,petrol,peugeot,no,17.92
20009,4000,small car,manual,75,a2,150000,petrol,audi,no,13.67
20010,11350,limousine,automatic,136,e_klasse,125000,diesel,mercedes_benz,no,11.67
20011,1999,limousine,manual,118,3er,150000,petrol,bmw,no,19.08
20013,6200,suv,manual,163,others,150000,diesel,toyota,no,14.67
20015,4490,limousine,manual,131,a4,150000,diesel,audi,no,16.92
20017,12450,bus,manual,140,touran,70000,petrol,volkswagen,no,8.33
20020,4600,small car,manual,80,corsa,100000,petrol,opel,no,13.0
20022,12900,station wagon,manual,344,others,125000,petrol,audi,no,15.5
20023,11999,limousine,automatic,218,x_reihe,150000,diesel,bmw,no,13.0
20025,5749,limousine,manual,110,3_reihe,125000,diesel,peugeot,no,10.08
20026,1500,limousine,manual,103,stilo,150000,petrol,fiat,no,15.92
20028,19500,limousine,manual,204,ceed,30000,petrol,kia,no,4.75
20029,8250,small car,manual,60,polo,50000,petrol,volkswagen,no,8.33
20030,2700,small car,manual,41,fortwo,125000,diesel,smart,no,16.83
20031,4500,suv,manual,103,navara,150000,diesel,nissan,no,20.33
20033,3150,limousine,manual,143,c_klasse,150000,diesel,mercedes_benz,no,17.67
20034,999,small car,manual,50,polo,125000,petrol,volkswagen,no,21.42
20035,5000,limousine,automatic,77,others,150000,hybrid,toyota,no,10.67
20036,4330,small car,manual,54,polo,50000,petrol,volkswagen,no,12.25
20038,4900,limousine,automatic,286,x_reihe,150000,lpg,bmw,yes,17.83
20041,900,small car,manual,54,corsa,150000,petrol,opel,no,18.5
20044,40999,suv,automatic,239,cayenne,150000,diesel,porsche,no,7.42
20045,800,small car,manual,60,fiesta,150000,petrol,ford,yes,13.42
20046,1900,cabrio,manual,110,mx_reihe,150000,petrol,mazda,no,20.42
20047,8900,bus,manual,220,s_max,100000,petrol,ford,no,12.75
20048,5400,bus,manual,131,sharan,150000,diesel,volkswagen,no,14.83
20049,1750,station wagon,manual,101,astra,150000,petrol,opel,no,19.5
20050,3999,limousine,automatic,450,others,150000,petrol,audi,no,10.5
20052,4000,limousine,automatic,193,5er,150000,petrol,bmw,no,19.58
20054,9850,station wagon,manual,170,5er,150000,petrol,bmw,no,10.67
20057,290,station wagon,manual,107,megane,150000,petrol,renault,yes,16.67
20058,18980,station wagon,manual,150,golf,30000,diesel,volkswagen,no,4.75
20063,7500,small car,manual,77,punto,80000,petrol,fiat,no,8.92
20064,12480,station wagon,manual,125,a3,80000,petrol,audi,no,8.25
20065,550,limousine,manual,88,corolla,150000,petrol,toyota,no,23.33
20066,12999,limousine,manual,143,3er,125000,petrol,bmw,no,8.17
20067,58500,limousine,automatic,258,s_klasse,150000,diesel,mercedes_benz,no,4.25
20068,7499,bus,manual,83,others,150000,diesel,volkswagen,no,12.5
20069,1200,small car,manual,54,micra,150000,petrol,nissan,no,20.33
20071,800,small car,manual,60,ka,125000,petrol,ford,no,18.67
20073,7799,limousine,manual,122,1er,125000,petrol,bmw,no,9.75
20075,2500,limousine,manual,170,5er,150000,petrol,bmw,no,21.67
20076,500,station wagon,manual,136,e_klasse,150000,petrol,mercedes_benz,yes,20.17
20077,950,small car,manual,60,lupo,150000,diesel,volkswagen,no,21.0
20079,1850,small car,automatic,41,fortwo,150000,diesel,smart,no,18.83
20080,2300,small car,manual,60,2_reihe,150000,petrol,peugeot,no,16.33
20081,5200,cabrio,manual,109,2_reihe,125000,petrol,peugeot,no,15.25
20082,1400,small car,manual,58,corsa,125000,petrol,opel,no,18.92
20083,13950,suv,automatic,224,m_klasse,150000,diesel,mercedes_benz,yes,12.75
20084,12500,suv,manual,163,i_reihe,50000,petrol,hyundai,no,7.25
20085,1899,small car,manual,80,fiesta,150000,petrol,ford,no,14.17
20086,650,limousine,manual,103,others,150000,petrol,fiat,no,19.67
20088,4950,station wagon,manual,150,5er,150000,petrol,bmw,no,21.58
20090,950,small car,manual,109,3_reihe,150000,petrol,peugeot,yes,16.5
20091,11500,coupe,manual,160,scirocco,125000,petrol,volkswagen,no,8.58
20092,9200,station wagon,manual,105,golf,90000,diesel,volkswagen,no,10.83
20093,1200,limousine,manual,26,others,50000,petrol,renault,no,59.33
20094,10500,limousine,manual,262,5er,150000,petrol,bmw,no,27.5
20096,2200,limousine,manual,170,e_klasse,150000,petrol,mercedes_benz,no,22.0
20097,4999,small car,manual,90,one,90000,petrol,mini,no,12.75
20098,4500,coupe,automatic,179,others,125000,petrol,mercedes_benz,no,28.33
20099,550,bus,manual,64,others,150000,diesel,seat,no,19.08
20100,450,limousine,manual,101,3er,150000,petrol,bmw,no,25.42
20101,550,small car,manual,60,ka,100000,petrol,ford,no,19.25
20102,550,limousine,automatic,102,a_klasse,125000,petrol,mercedes_benz,yes,18.5
20103,11499,limousine,manual,143,1er,150000,diesel,bmw,no,9.83
20104,500,small car,automatic,81,a_klasse,150000,petrol,mercedes_benz,no,21.92
20107,1250,small car,manual,75,golf,150000,petrol,volkswagen,no,20.75
20108,899,limousine,manual,116,focus,150000,petrol,ford,no,18.33
20109,7399,bus,manual,102,transporter,150000,diesel,volkswagen,no,11.92
20110,1650,small car,manual,131,ibiza,150000,diesel,seat,no,15.25
20111,2222,station wagon,manual,75,golf,150000,petrol,volkswagen,no,19.33
20112,1990,bus,manual,109,c_max,150000,diesel,ford,no,15.25
20114,16990,limousine,automatic,204,c_klasse,150000,diesel,mercedes_benz,no,8.25
20115,8450,station wagon,manual,136,v50,150000,diesel,volvo,no,9.17
20116,14990,cabrio,manual,256,a4,150000,petrol,audi,no,12.58
20117,845,station wagon,manual,155,others,150000,lpg,volvo,no,27.33
20118,950,small car,manual,75,clio,150000,petrol,renault,yes,19.58
20121,4900,suv,manual,136,x_trail,150000,diesel,nissan,no,14.92
20123,13500,station wagon,automatic,122,clubman,30000,petrol,mini,no,7.17
20126,4500,small car,manual,65,micra,40000,petrol,nissan,no,9.75
20127,5200,limousine,manual,102,jetta,125000,petrol,volkswagen,no,12.67
20128,750,station wagon,automatic,178,5er,150000,petrol,bmw,no,19.83
20129,900,limousine,manual,90,golf,150000,petrol,volkswagen,yes,25.58
20130,4499,bus,manual,101,meriva,80000,petrol,opel,no,13.25
20131,250,bus,automatic,201,others,150000,petrol,opel,yes,21.58
20134,3000,cabrio,automatic,163,others,150000,petrol,chrysler,no,18.17
20135,3100,station wagon,manual,140,a4,150000,diesel,audi,yes,13.67
20136,450,station wagon,manual,116,vectra,150000,lpg,opel,yes,21.0
20137,3850,limousine,manual,131,a4,150000,petrol,audi,no,15.67
20138,20825,bus,automatic,224,vito,150000,diesel,mercedes_benz,no,5.25
20139,1699,small car,manual,50,polo,150000,petrol,volkswagen,no,18.25
20141,4290,cabrio,manual,109,2_reihe,90000,petrol,peugeot,no,12.33
20142,3700,station wagon,automatic,150,vectra,150000,diesel,opel,no,14.92
20143,1699,cabrio,manual,116,3er,150000,petrol,bmw,no,22.42
20145,800,small car,manual,71,astra,150000,petrol,opel,no,23.58
20146,3990,small car,manual,80,corsa,100000,petrol,opel,no,12.75
20147,3150,limousine,manual,143,c_klasse,150000,diesel,mercedes_benz,yes,18.58
20151,6999,cabrio,automatic,170,a4,125000,petrol,audi,no,15.42
20154,850,suv,manual,105,others,150000,petrol,honda,no,19.17
20155,600,small car,manual,60,others,150000,petrol,citroen,no,18.92
20156,16500,cabrio,manual,122,eos,50000,petrol,volkswagen,no,7.83
20157,3200,small car,manual,80,corsa,100000,petrol,opel,no,12.33
20160,1800,station wagon,manual,101,passat,150000,petrol,volkswagen,no,18.92
20162,1450,limousine,manual,131,punto,150000,petrol,fiat,no,17.42
20163,500,station wagon,manual,115,3er,150000,petrol,bmw,no,20.08
20164,3400,bus,manual,116,sharan,150000,diesel,volkswagen,no,18.83
20165,350,station wagon,manual,75,astra,150000,petrol,opel,yes,20.0
20168,3000,station wagon,manual,109,focus,150000,diesel,ford,no,12.0
20169,4050,small car,manual,80,fusion,90000,petrol,ford,no,15.0
20172,3500,suv,automatic,147,cr_reihe,150000,petrol,honda,yes,19.08
20173,14400,station wagon,automatic,224,e_klasse,125000,diesel,mercedes_benz,no,12.08
20174,1500,station wagon,manual,116,vectra,150000,petrol,opel,no,20.42
20175,19999,coupe,automatic,239,a5,150000,diesel,audi,no,7.42
20176,54899,suv,automatic,256,discovery,20000,diesel,land_rover,no,3.67
20178,1200,others,manual,40,caddy,150000,diesel,volkswagen,yes,28.58
20180,16900,station wagon,manual,82,others,90000,petrol,volvo,no,54.08
20181,1320,station wagon,manual,102,vito,150000,diesel,mercedes_benz,no,17.83
20182,26900,suv,automatic,239,touareg,150000,diesel,volkswagen,no,8.5
20184,10500,bus,manual,140,galaxy,125000,diesel,ford,no,12.58
20186,7999,station wagon,automatic,209,a6,150000,petrol,audi,no,11.25
20188,3899,limousine,automatic,150,3er,150000,diesel,bmw,no,17.0
20189,2150,small car,manual,82,getz,125000,petrol,hyundai,no,15.33
20190,11000,station wagon,manual,140,a6,125000,diesel,audi,no,11.83
20191,3700,coupe,manual,199,3er,150000,petrol,bmw,no,20.5
20192,2790,station wagon,manual,101,focus,125000,petrol,ford,no,16.67
20194,2999,small car,manual,75,twingo,40000,petrol,renault,no,14.75
20196,7799,limousine,manual,150,e_klasse,150000,diesel,mercedes_benz,no,14.92
20197,15750,station wagon,manual,125,focus,10000,petrol,ford,no,4.58
20198,13650,bus,manual,140,touran,150000,diesel,volkswagen,no,7.25
20199,1450,limousine,manual,125,a3,150000,petrol,audi,no,21.58
20200,1250,limousine,manual,75,golf,150000,petrol,volkswagen,no,22.17
20205,998,limousine,manual,90,vectra,150000,petrol,opel,no,26.33
20208,11900,cabrio,manual,98,golf,150000,petrol,volkswagen,no,27.75
20209,550,limousine,manual,102,3er,150000,petrol,bmw,no,24.33
20210,16000,cabrio,automatic,163,slk,125000,petrol,mercedes_benz,no,14.42
20211,4390,limousine,manual,150,others,150000,petrol,saab,no,14.58
20213,1150,station wagon,manual,105,lybra,150000,diesel,lancia,no,18.25
20214,2200,limousine,manual,90,civic,150000,petrol,honda,no,16.42
20215,999,small car,manual,60,ka,90000,petrol,ford,no,15.17
20217,2480,limousine,manual,125,a3,60000,petrol,audi,no,23.0
20218,900,small car,manual,60,micra,150000,petrol,nissan,no,16.33
20219,3995,station wagon,automatic,200,v70,150000,lpg,volvo,no,18.08
20221,3850,cabrio,manual,125,tigra,125000,petrol,opel,no,12.5
20222,2200,bus,manual,86,transit,150000,diesel,ford,no,12.42
20223,13900,bus,manual,150,ducato,125000,diesel,fiat,no,6.83
20225,5999,small car,manual,69,polo,60000,petrol,volkswagen,no,10.5
20229,10299,cabrio,manual,150,eos,40000,petrol,volkswagen,no,11.25
20230,550,station wagon,manual,116,focus,150000,petrol,ford,yes,19.25
20231,1600,bus,manual,69,berlingo,150000,diesel,citroen,no,19.83
20232,4850,limousine,manual,200,passat,5000,petrol,volkswagen,no,11.25
20233,74899,coupe,automatic,252,others,20000,diesel,mercedes_benz,no,4.42
20234,2600,cabrio,manual,116,z_reihe,150000,petrol,bmw,no,22.0
20235,950,limousine,manual,122,c_klasse,150000,petrol,mercedes_benz,no,21.92
20236,1500,limousine,manual,150,3er,150000,lpg,bmw,no,26.58
20238,6950,small car,manual,34,others,150000,petrol,renault,no,30.08
20240,5000,limousine,manual,140,a4,150000,diesel,audi,no,13.25
20242,9000,bus,automatic,116,transporter,150000,cng,volkswagen,no,22.83
20243,15800,limousine,manual,86,a1,10000,petrol,audi,no,3.08
20246,11300,station wagon,manual,140,exeo,90000,diesel,seat,no,8.0
20248,8150,limousine,automatic,231,e_klasse,150000,petrol,mercedes_benz,no,13.92
20253,14800,coupe,automatic,211,scirocco,125000,petrol,volkswagen,no,8.33
20255,27900,limousine,automatic,181,others,5000,diesel,citroen,no,2.08
20257,2700,limousine,manual,116,corolla,150000,diesel,toyota,no,14.08
20258,1500,limousine,manual,75,astra,60000,petrol,opel,no,21.42
20261,5850,cabrio,manual,136,3_reihe,70000,petrol,peugeot,no,14.92
20262,22500,bus,automatic,170,sharan,100000,diesel,volkswagen,no,7.58
20264,4500,limousine,manual,54,golf,125000,diesel,volkswagen,no,33.92
20265,24350,suv,manual,190,navara,20000,diesel,nissan,no,4.92
20267,1550,limousine,manual,193,a4,150000,petrol,audi,yes,22.0
20269,1400,station wagon,manual,101,golf,150000,petrol,volkswagen,no,18.25
20270,6800,station wagon,automatic,110,focus,150000,diesel,ford,no,10.83
20271,1200,small car,manual,77,polo,90000,petrol,volkswagen,yes,16.0
20272,7900,station wagon,manual,110,astra,150000,diesel,opel,no,7.83
20273,8900,suv,manual,45,others,50000,diesel,jeep,no,41.75
20276,14950,cabrio,manual,184,others,40000,petrol,toyota,no,14.67
20278,1700,station wagon,manual,150,a6,150000,petrol,audi,no,23.42
20279,950,limousine,manual,75,astra,150000,petrol,opel,no,19.42
20280,20500,limousine,automatic,211,cc,90000,petrol,volkswagen,no,7.0
20281,17450,bus,manual,131,transporter,100000,diesel,volkswagen,no,12.75
20283,8200,bus,automatic,109,b_klasse,125000,diesel,mercedes_benz,no,12.08
20284,1500,small car,manual,50,polo,125000,petrol,volkswagen,no,21.58
20285,3999,limousine,automatic,174,golf,125000,petrol,volkswagen,no,27.0
20286,14000,limousine,manual,235,5er,150000,diesel,bmw,no,12.0
20287,11800,limousine,manual,265,impreza,150000,petrol,subaru,no,14.92
20288,5999,limousine,automatic,390,x_type,150000,petrol,jaguar,yes,18.08
20289,1800,station wagon,manual,131,mondeo,150000,diesel,ford,no,14.92
20291,450,small car,manual,50,polo,150000,petrol,volkswagen,yes,20.75
20292,24950,cabrio,manual,177,1er,60000,diesel,bmw,no,5.08
20294,2850,bus,manual,87,meriva,125000,petrol,opel,no,15.83
20299,2600,small car,manual,71,fortwo,125000,petrol,smart,no,9.42
20300,5800,station wagon,manual,105,octavia,150000,diesel,skoda,no,8.25
20301,12500,bus,manual,140,touran,150000,diesel,volkswagen,no,7.08
20302,9990,limousine,manual,140,a6,150000,diesel,audi,no,10.25
20304,2999,small car,manual,101,a3,150000,petrol,audi,no,18.17
20305,1000,limousine,manual,90,golf,150000,diesel,volkswagen,no,22.33
20306,180,small car,manual,75,golf,150000,petrol,volkswagen,yes,25.42
20307,500,small car,manual,60,polo,125000,petrol,volkswagen,yes,19.58
20308,13500,station wagon,automatic,204,a4,150000,diesel,audi,no,6.58
20311,4850,small car,manual,80,polo,125000,petrol,volkswagen,no,12.67
20313,800,small car,manual,45,polo,150000,petrol,volkswagen,no,24.83
20314,15900,station wagon,automatic,177,5er,125000,diesel,bmw,no,9.42
20315,1899,small car,manual,75,corsa,125000,petrol,opel,no,16.83
20316,3450,small car,manual,54,fox,90000,petrol,volkswagen,no,10.0
20317,1000,small car,manual,50,fiesta,100000,petrol,ford,no,23.08
20319,21900,limousine,automatic,235,x_reihe,125000,diesel,bmw,no,9.83
20320,11800,limousine,automatic,260,a8,150000,petrol,audi,no,17.75
20322,12500,bus,automatic,150,viano,125000,diesel,mercedes_benz,no,13.5
20324,5499,station wagon,manual,109,3_reihe,125000,diesel,peugeot,no,10.33
20325,1750,station wagon,manual,166,156,150000,petrol,alfa_romeo,no,15.08
20326,8900,bus,automatic,140,touran,150000,diesel,volkswagen,no,10.5
20328,6000,bus,manual,150,zafira,100000,diesel,opel,yes,9.5
20329,12400,station wagon,manual,122,octavia,50000,petrol,skoda,no,8.92
20331,42500,coupe,automatic,306,others,150000,petrol,mercedes_benz,no,7.25
20333,700,limousine,manual,136,vectra,150000,petrol,opel,no,19.83
20334,5900,coupe,automatic,164,c_klasse,100000,lpg,mercedes_benz,no,14.17
20335,999,limousine,manual,95,a_klasse,150000,diesel,mercedes_benz,no,15.33
20336,600,small car,manual,58,agila,150000,petrol,opel,yes,17.42
20337,1800,small car,automatic,50,fortwo,125000,petrol,smart,no,15.58
20340,9499,limousine,manual,102,a3,80000,petrol,audi,no,9.33
20342,7400,station wagon,manual,177,avensis,150000,diesel,toyota,no,11.17
20344,7980,small car,manual,98,fiesta,60000,petrol,ford,no,6.33
20345,999,limousine,manual,102,a_klasse,150000,petrol,mercedes_benz,no,19.25
20346,1500,station wagon,manual,116,mondeo,150000,diesel,ford,no,13.5
20347,420,small car,manual,75,ibiza,90000,petrol,seat,yes,18.17
20349,4999,limousine,manual,226,mondeo,150000,petrol,ford,no,15.0
20351,13950,coupe,manual,177,3er,125000,petrol,bmw,no,37.75
20353,7300,suv,automatic,140,sorento,125000,diesel,kia,no,12.17
20354,6900,limousine,automatic,129,3er,150000,petrol,bmw,no,12.92
20355,14400,limousine,manual,115,astra,10000,petrol,opel,no,3.17
20356,900,small car,manual,58,corsa,150000,petrol,opel,no,16.08
20360,4500,suv,automatic,140,others,60000,petrol,ford,no,27.5
20362,5900,station wagon,manual,143,exeo,150000,diesel,seat,yes,9.92
20363,3500,small car,manual,75,corsa,150000,diesel,opel,no,10.08
20365,16900,station wagon,automatic,136,i_reihe,80000,diesel,hyundai,no,5.08
20366,18900,limousine,automatic,170,e_klasse,100000,diesel,mercedes_benz,no,8.83
20367,900,limousine,manual,110,vectra,150000,petrol,opel,no,19.5
20369,5499,station wagon,manual,170,passat,150000,diesel,volkswagen,no,12.75
20370,5500,bus,manual,105,golf,150000,diesel,volkswagen,no,13.42
20372,1875,small car,automatic,86,corolla,100000,petrol,toyota,no,19.42
20373,37500,limousine,automatic,300,golf,20000,petrol,volkswagen,no,3.25
20375,3400,limousine,automatic,125,a4,150000,petrol,audi,no,19.83
20377,3998,small car,manual,131,corsa,150000,petrol,opel,no,21.83
20378,5300,limousine,manual,102,leon,80000,petrol,seat,no,12.67
20379,15900,limousine,automatic,232,q7,150000,diesel,audi,no,12.83
20380,4500,bus,manual,101,touran,150000,diesel,volkswagen,no,14.25
20381,1150,small car,manual,60,corsa,150000,petrol,opel,no,22.33
20383,600,station wagon,manual,116,3er,150000,petrol,bmw,no,19.83
20384,2500,limousine,manual,116,bora,150000,petrol,volkswagen,no,19.42
20386,7900,bus,manual,140,s_max,150000,diesel,ford,no,10.25
20388,9500,limousine,manual,125,leon,80000,petrol,seat,no,8.33
20389,5199,cabrio,manual,163,slk,150000,petrol,mercedes_benz,no,18.58
20390,6990,station wagon,automatic,272,c_klasse,150000,petrol,mercedes_benz,no,12.42
20391,44900,cabrio,automatic,325,911,125000,petrol,porsche,no,13.67
20395,5200,station wagon,automatic,204,e_klasse,150000,diesel,mercedes_benz,no,15.92
20396,999,limousine,manual,75,golf,150000,petrol,volkswagen,no,20.5
20398,18000,bus,manual,140,touran,50000,petrol,volkswagen,no,5.08
20399,5800,bus,manual,140,touran,150000,diesel,volkswagen,no,13.42
20400,18500,limousine,manual,110,golf,10000,petrol,volkswagen,no,3.25
20401,2250,cabrio,manual,75,golf,150000,petrol,volkswagen,no,22.0
20403,1111,station wagon,manual,107,laguna,150000,petrol,renault,no,17.67
20404,1300,limousine,manual,75,astra,150000,petrol,opel,no,19.33
20408,1599,small car,manual,58,twingo,150000,petrol,renault,no,16.25
20413,7115,suv,manual,125,g_klasse,125000,petrol,mercedes_benz,no,33.33
20414,4490,cabrio,manual,101,golf,150000,petrol,volkswagen,no,20.5
20415,1500,limousine,manual,170,3er,150000,petrol,bmw,no,16.25
20416,18690,suv,manual,184,cooper,60000,petrol,mini,no,6.67
20417,18888,station wagon,automatic,177,a4,70000,diesel,audi,no,6.08
20418,5900,limousine,automatic,207,s_type,150000,diesel,jaguar,no,14.92
20419,12800,station wagon,automatic,160,astra,125000,diesel,opel,no,7.67
20420,1999,station wagon,automatic,150,3er,150000,petrol,bmw,no,19.75
20421,6900,small car,manual,80,polo,90000,petrol,volkswagen,no,10.08
20425,15899,small car,manual,105,ibiza,10000,diesel,seat,no,3.92
20427,14900,bus,manual,122,b_klasse,60000,petrol,mercedes_benz,no,7.0
20429,3200,bus,manual,109,berlingo,150000,petrol,citroen,no,13.0
20433,2000,small car,manual,75,fox,150000,petrol,volkswagen,no,13.75
20437,18500,station wagon,manual,170,a3,50000,diesel,audi,no,6.25
20439,13900,small car,manual,86,a1,10000,petrol,audi,no,6.5
20440,3555,station wagon,manual,150,3er,150000,diesel,bmw,no,15.75
20442,2500,bus,manual,90,sharan,150000,diesel,volkswagen,no,17.92
20443,11800,cabrio,manual,120,cooper,50000,petrol,mini,no,8.5
20446,2099,station wagon,manual,101,golf,150000,petrol,volkswagen,no,19.58
20447,2600,station wagon,manual,94,combo,150000,cng,opel,no,11.5
20448,12000,bus,automatic,170,others,100000,petrol,renault,no,9.17
20450,250,station wagon,manual,71,astra,150000,petrol,opel,no,23.42
20452,7950,station wagon,manual,105,fabia,100000,petrol,skoda,no,7.67
20453,400,small car,manual,75,golf,125000,petrol,volkswagen,yes,25.25
20454,3100,bus,manual,109,berlingo,150000,lpg,citroen,yes,13.25
20455,6200,limousine,manual,120,golf,150000,petrol,volkswagen,yes,10.83
20457,16500,limousine,manual,136,c_klasse,125000,diesel,mercedes_benz,no,7.42
20458,4000,limousine,manual,170,5er,150000,petrol,bmw,no,20.58
20459,4444,bus,manual,68,others,100000,diesel,peugeot,no,9.17
20460,300,small car,manual,45,others,150000,petrol,citroen,no,24.0
20462,15900,cabrio,manual,228,boxster,90000,petrol,porsche,no,14.5
20463,3999,station wagon,manual,140,156,150000,diesel,alfa_romeo,no,14.75
20464,9900,bus,manual,102,transporter,80000,diesel,volkswagen,no,10.33
20466,3700,small car,manual,60,corsa,150000,petrol,opel,no,10.08
20467,20499,station wagon,manual,184,3er,150000,diesel,bmw,no,6.83
20469,1200,limousine,manual,150,others,150000,petrol,saab,no,19.92
20470,3700,coupe,manual,109,c4,100000,petrol,citroen,no,13.08
20472,9600,bus,manual,116,5_reihe,150000,petrol,mazda,no,7.25
20473,3800,bus,manual,125,zafira,150000,petrol,opel,no,16.58
20474,12920,cabrio,manual,163,cooper,90000,petrol,mini,no,14.33
20478,200,small car,manual,90,fiesta,150000,petrol,ford,no,24.0
20479,3450,small car,automatic,75,corsa,40000,petrol,opel,no,15.33
20480,1790,station wagon,manual,101,passat,150000,petrol,volkswagen,no,20.17
20484,1190,limousine,manual,87,logan,150000,petrol,dacia,no,12.75
20485,10499,limousine,manual,105,leon,125000,diesel,seat,no,5.25
20486,5850,coupe,manual,204,calibra,125000,petrol,opel,no,22.08
20487,2100,small car,manual,67,matiz,125000,petrol,chevrolet,no,11.5
20490,1550,small car,manual,68,2_reihe,150000,diesel,peugeot,no,18.0
20491,6450,bus,manual,140,transporter,150000,diesel,volkswagen,no,7.25
20495,9800,limousine,manual,122,3er,150000,diesel,bmw,no,11.75
20497,8200,limousine,manual,170,3er,50000,petrol,bmw,no,14.25
20498,9590,station wagon,manual,170,octavia,150000,diesel,skoda,no,11.08
20499,4990,station wagon,manual,75,caddy,80000,petrol,volkswagen,yes,12.5
20500,900,station wagon,manual,75,golf,150000,petrol,volkswagen,no,20.92
20501,8900,cabrio,automatic,163,slk,80000,petrol,mercedes_benz,no,14.17
20502,3200,small car,manual,80,fusion,100000,petrol,ford,no,14.83
20503,2950,limousine,manual,105,3er,150000,petrol,bmw,no,17.42
20506,6400,limousine,manual,105,golf,70000,diesel,volkswagen,no,8.33
20508,12500,station wagon,manual,136,v70,125000,diesel,volvo,no,8.42
20509,249,small car,manual,56,cuore,150000,petrol,daihatsu,yes,18.75
20511,10500,station wagon,manual,140,a3,100000,diesel,audi,no,9.25
20513,3000,others,manual,150,3er,150000,petrol,bmw,no,23.42
20514,3800,station wagon,manual,80,fabia,150000,petrol,skoda,no,11.83
20516,2300,limousine,manual,122,vectra,150000,petrol,opel,yes,14.58
20517,900,limousine,manual,90,golf,150000,petrol,volkswagen,no,23.17
20518,2400,limousine,manual,122,carisma,150000,petrol,mitsubishi,no,14.92
20520,19900,bus,manual,140,caddy,60000,diesel,volkswagen,no,5.33
20523,3199,suv,manual,97,others,100000,petrol,suzuki,no,22.33
20526,2900,station wagon,manual,150,a6,150000,diesel,audi,no,18.58
20527,5850,small car,manual,92,swift,60000,petrol,suzuki,no,10.75
20528,1300,station wagon,manual,110,bora,150000,petrol,volkswagen,yes,15.58
20529,9800,bus,manual,110,scenic,40000,petrol,renault,no,7.83
20530,16500,station wagon,manual,120,mondeo,20000,petrol,ford,no,4.25
20531,1790,limousine,manual,105,others,150000,petrol,mercedes_benz,no,29.08
20532,2350,small car,manual,64,fabia,150000,petrol,skoda,no,15.92
20534,2850,small car,automatic,41,fortwo,125000,diesel,smart,no,12.33
20536,1200,station wagon,manual,110,4_reihe,150000,petrol,peugeot,no,19.17
20537,3997,station wagon,automatic,140,a4,150000,diesel,audi,no,13.42
20538,2499,bus,automatic,174,v_klasse,150000,petrol,mercedes_benz,yes,19.25
20539,1990,station wagon,manual,150,a4,150000,diesel,audi,yes,19.33
20541,999,small car,manual,65,corsa,150000,petrol,opel,no,18.25
20543,1100,small car,manual,80,punto,150000,petrol,fiat,no,17.92
20546,5800,limousine,manual,136,others,90000,petrol,mercedes_benz,no,25.5
20547,23990,coupe,manual,170,a5,125000,diesel,audi,no,7.75
20548,2998,limousine,manual,132,others,150000,petrol,mercedes_benz,no,28.92
20549,19999,limousine,manual,150,leon,10000,diesel,seat,no,5.5
20550,9880,small car,manual,105,polo,70000,petrol,volkswagen,no,8.5
20552,1800,limousine,manual,75,golf,150000,petrol,volkswagen,no,17.25
20556,36990,suv,automatic,256,range_rover_sport,125000,diesel,land_rover,no,6.42
20559,11900,station wagon,manual,116,mondeo,80000,diesel,ford,no,7.58
20561,899,bus,manual,77,transporter,150000,diesel,volkswagen,no,26.0
20563,9100,station wagon,automatic,224,a6,150000,diesel,audi,no,13.75
20567,950,station wagon,manual,165,a4,150000,petrol,audi,yes,21.92
20569,2999,limousine,automatic,99,3er,150000,petrol,bmw,no,29.42
20570,29499,coupe,automatic,231,e_klasse,60000,diesel,mercedes_benz,no,7.33
20572,3300,station wagon,manual,120,signum,150000,diesel,opel,no,13.58
20573,750,small car,manual,58,twingo,150000,petrol,renault,no,15.08
20574,4450,limousine,manual,190,golf,150000,petrol,volkswagen,no,20.83
20575,7400,small car,manual,109,cooper,150000,diesel,mini,no,10.17
20576,56900,cabrio,manual,355,911,80000,petrol,porsche,no,10.17
20577,2900,coupe,manual,118,3er,150000,petrol,bmw,no,18.33
20578,3900,limousine,manual,125,astra,125000,petrol,opel,no,14.58
20579,800,limousine,manual,120,others,150000,petrol,volvo,no,28.33
20580,4000,limousine,manual,163,a4,150000,petrol,audi,no,14.17
20581,1200,station wagon,automatic,122,v40,150000,petrol,volvo,no,19.0
20584,3550,small car,manual,68,others,20000,petrol,nissan,yes,6.67
20585,1350,limousine,manual,75,leon,150000,petrol,seat,no,18.17
20587,899,small car,manual,60,punto,100000,petrol,fiat,no,23.17
20588,3500,bus,manual,101,meriva,150000,petrol,opel,no,15.58
20589,17450,limousine,manual,184,5er,150000,diesel,bmw,no,7.08
20590,17300,cabrio,manual,105,golf,30000,petrol,volkswagen,no,6.5
20591,5490,small car,manual,95,2_reihe,40000,petrol,peugeot,no,10.5
20592,8490,small car,manual,95,corsa,80000,diesel,opel,no,5.08
20594,12999,limousine,automatic,170,passat,125000,diesel,volkswagen,no,11.33
20596,21850,suv,automatic,313,touareg,150000,diesel,volkswagen,no,11.67
20599,29700,bus,automatic,179,transporter,150000,diesel,volkswagen,no,8.92
20600,10900,cabrio,manual,69,500,20000,petrol,fiat,no,5.33
20601,400,cabrio,manual,95,ka,70000,petrol,ford,yes,14.33
20602,5290,limousine,automatic,140,golf,150000,diesel,volkswagen,no,15.0
20604,550,limousine,automatic,279,e_klasse,150000,petrol,mercedes_benz,yes,21.08
20606,3000,limousine,manual,120,147,125000,petrol,alfa_romeo,no,12.67
20607,1750,limousine,automatic,155,156,150000,petrol,alfa_romeo,no,19.08
20609,2500,small car,manual,90,golf,125000,diesel,volkswagen,yes,14.25
20610,1399,limousine,automatic,52,cuore,50000,petrol,daihatsu,no,18.58
20611,1299,bus,manual,75,others,150000,petrol,mazda,yes,16.58
20612,1800,limousine,automatic,150,c_klasse,125000,petrol,mercedes_benz,no,24.33
20615,600,bus,automatic,102,scenic,150000,diesel,renault,no,17.0
20616,299,limousine,manual,103,stilo,150000,petrol,fiat,yes,15.83
20617,1999,limousine,manual,116,primera,150000,petrol,nissan,no,15.08
20619,8888,small car,manual,69,500,20000,petrol,fiat,no,3.17
20621,3600,station wagon,manual,111,megane,70000,petrol,renault,no,12.25
20622,4999,small car,manual,68,c1,125000,petrol,citroen,no,9.58
20624,1400,station wagon,manual,140,156,150000,diesel,alfa_romeo,no,18.0
20625,1050,cabrio,manual,60,punto,40000,petrol,fiat,no,18.83
20627,8800,suv,manual,136,x_trail,125000,diesel,nissan,no,11.67
20629,1750,cabrio,manual,71,astra,150000,petrol,opel,no,24.0
20631,9250,limousine,automatic,125,a3,125000,petrol,audi,no,8.08
20636,6150,limousine,manual,90,fiesta,100000,diesel,ford,no,9.42
20638,600,limousine,manual,103,others,150000,petrol,fiat,no,18.58
20640,3600,cabrio,manual,136,3_reihe,150000,petrol,peugeot,yes,13.25
20641,650,limousine,manual,99,3er,150000,petrol,bmw,no,28.67
20642,7400,coupe,manual,160,others,150000,petrol,volkswagen,no,28.42
20646,1700,limousine,manual,101,focus,125000,petrol,ford,no,14.42
20647,11500,small car,automatic,122,a1,90000,petrol,audi,no,7.08
20648,1600,small car,manual,88,2_reihe,150000,petrol,peugeot,no,17.92
20649,3500,small car,manual,90,one,150000,petrol,mini,yes,15.08
20650,2100,limousine,automatic,193,a6,150000,petrol,audi,no,21.92
20651,999,limousine,manual,80,stilo,150000,petrol,fiat,no,16.83
20652,9900,suv,automatic,150,captiva,150000,diesel,chevrolet,no,10.83
20656,1650,limousine,manual,174,100,150000,petrol,audi,no,26.0
20657,6799,station wagon,automatic,140,passat,150000,diesel,volkswagen,no,12.5
20658,5900,bus,manual,116,galaxy,150000,diesel,ford,no,17.0
20659,4999,station wagon,manual,105,golf,150000,diesel,volkswagen,no,10.83
20661,9999,limousine,manual,174,clubman,100000,petrol,mini,no,11.58
20662,1200,station wagon,manual,107,laguna,150000,petrol,renault,no,18.75
20664,2990,limousine,manual,125,corsa,125000,petrol,opel,no,12.5
20665,9800,cabrio,automatic,197,slk,90000,petrol,mercedes_benz,no,18.0
20666,8500,station wagon,manual,163,others,150000,petrol,mercedes_benz,no,14.83
20667,250,small car,manual,60,fiesta,150000,petrol,ford,no,21.83
20669,3500,bus,manual,131,sharan,150000,diesel,volkswagen,no,15.5
20671,2900,limousine,manual,220,a4,150000,petrol,audi,yes,15.25
20672,9500,limousine,automatic,280,a6,150000,diesel,audi,no,13.58
20673,4999,others,manual,265,a3,150000,petrol,audi,no,17.08
20675,5500,small car,manual,90,swift,70000,petrol,suzuki,no,10.83
20676,3200,limousine,manual,101,golf,70000,petrol,volkswagen,no,20.5
20677,6950,station wagon,automatic,163,3er,150000,diesel,bmw,no,11.58
20680,1200,cabrio,manual,95,ka,125000,petrol,ford,yes,14.5
20681,2150,small car,manual,80,polo,150000,diesel,volkswagen,no,13.42
20682,2500,limousine,manual,110,civic,150000,petrol,honda,no,17.58
20683,20950,suv,manual,140,tiguan,60000,diesel,volkswagen,no,5.83
20684,990,limousine,manual,170,e_klasse,150000,petrol,mercedes_benz,no,20.58
20686,6300,limousine,manual,122,1er,150000,petrol,bmw,yes,10.58
20688,14399,cabrio,manual,252,boxster,125000,petrol,porsche,no,17.33
20692,8500,limousine,manual,150,a3,70000,petrol,audi,no,12.42
20694,9300,station wagon,manual,163,3er,150000,diesel,bmw,no,12.75
20695,29500,limousine,automatic,387,e_klasse,100000,petrol,mercedes_benz,no,11.0
20696,38800,suv,automatic,184,x_reihe,30000,petrol,bmw,no,6.0
20698,200,small car,manual,44,others,100000,petrol,fiat,yes,23.58
20699,7900,station wagon,manual,163,3er,150000,diesel,bmw,no,13.75
20700,1475,limousine,manual,150,5er,150000,petrol,bmw,no,21.08
20701,11900,limousine,automatic,116,a_klasse,40000,petrol,mercedes_benz,no,9.5
20704,9990,station wagon,manual,140,astra,125000,lpg,opel,no,6.83
20707,1200,limousine,manual,101,passat,150000,petrol,volkswagen,no,21.17
20708,16200,limousine,manual,116,1er,60000,diesel,bmw,no,7.0
20709,12500,limousine,manual,143,1er,150000,diesel,bmw,no,11.83
20710,2050,limousine,manual,101,a4,150000,petrol,audi,no,19.58
20712,4100,limousine,manual,118,1er,150000,petrol,bmw,no,12.08
20713,7000,suv,automatic,272,m_klasse,150000,lpg,mercedes_benz,no,17.58
20714,6699,station wagon,automatic,105,fabia,150000,petrol,skoda,no,9.58
20715,3850,small car,manual,64,polo,150000,petrol,volkswagen,no,13.67
20717,13999,coupe,manual,252,a5,150000,diesel,audi,no,10.75
20718,1650,station wagon,manual,144,v70,150000,petrol,volvo,no,21.0
20719,2600,limousine,manual,95,colt,125000,diesel,mitsubishi,no,14.92
20721,8600,cabrio,manual,150,beetle,90000,petrol,volkswagen,no,12.42
20722,1350,station wagon,manual,101,astra,150000,petrol,opel,no,18.0
20723,2300,limousine,manual,170,5er,150000,petrol,bmw,no,20.33
20724,12750,coupe,manual,160,scirocco,50000,petrol,volkswagen,no,11.0
20725,3800,small car,automatic,71,fortwo,125000,petrol,smart,no,11.58
20726,8900,limousine,automatic,122,c_klasse,125000,diesel,mercedes_benz,no,11.33
20727,850,small car,manual,67,corsa,150000,diesel,opel,no,19.67
20728,7300,station wagon,automatic,180,a6,150000,diesel,audi,no,14.33
20731,2999,small car,manual,116,beetle,125000,petrol,volkswagen,no,19.33
20732,3000,limousine,manual,150,bora,150000,petrol,volkswagen,yes,20.67
20733,1590,station wagon,manual,116,v40,150000,petrol,volvo,no,19.92
20734,3999,cabrio,manual,116,golf,150000,petrol,volkswagen,no,17.25
20735,5500,bus,manual,105,touran,150000,diesel,volkswagen,no,13.58
20736,1100,bus,manual,125,zafira,150000,petrol,opel,yes,16.08
20739,599,small car,manual,86,yaris,150000,petrol,toyota,yes,17.17
20740,5280,station wagon,manual,150,3er,150000,diesel,bmw,no,14.83
20741,4500,station wagon,manual,140,mondeo,150000,diesel,ford,yes,8.08
20742,1200,limousine,manual,102,a3,125000,petrol,audi,yes,18.5
20743,3150,station wagon,manual,165,a6,150000,petrol,audi,no,18.67
20745,7500,bus,manual,90,transit,80000,diesel,ford,no,6.08
20746,6400,limousine,automatic,150,e_klasse,150000,diesel,mercedes_benz,no,15.75
20747,4900,limousine,manual,140,octavia,150000,diesel,skoda,no,14.67
20748,2500,others,manual,75,berlingo,150000,petrol,citroen,no,18.92
20749,4500,small car,manual,101,ibiza,150000,petrol,seat,no,13.33
20751,600,limousine,manual,75,golf,150000,petrol,volkswagen,no,27.92
20753,2000,limousine,manual,125,others,150000,diesel,mercedes_benz,no,37.17
20754,100,small car,automatic,75,clio,150000,petrol,renault,no,22.67
20756,2950,limousine,manual,98,almera,150000,petrol,nissan,no,13.58
20757,10998,limousine,automatic,141,qashqai,100000,petrol,nissan,no,10.08
20759,4000,small car,manual,75,sandero,20000,petrol,dacia,no,9.83
20761,2900,coupe,automatic,170,3er,150000,petrol,bmw,no,18.17
20762,8100,station wagon,manual,163,a4,150000,petrol,audi,no,12.25
20765,8470,suv,manual,152,freelander,150000,diesel,land_rover,no,10.67
20767,10699,station wagon,manual,131,a4,50000,petrol,audi,no,12.42
20768,11900,cabrio,automatic,284,others,150000,petrol,jaguar,no,21.5
20771,10999,station wagon,manual,140,passat,100000,diesel,volkswagen,no,8.33
20772,59900,cabrio,automatic,179,sl,80000,petrol,mercedes_benz,no,30.5
20774,399,station wagon,manual,101,vectra,150000,petrol,opel,no,20.5
20775,1000,station wagon,manual,110,golf,150000,diesel,volkswagen,no,21.5
20778,8990,cabrio,manual,145,mx_reihe,80000,petrol,mazda,no,16.25
20779,950,limousine,manual,75,golf,150000,petrol,volkswagen,no,26.92
20781,2950,coupe,automatic,193,clk,150000,petrol,mercedes_benz,no,18.33
20785,16900,cabrio,manual,228,boxster,125000,petrol,porsche,no,14.25
20786,100,coupe,manual,75,others,150000,petrol,citroen,yes,18.0
20788,4100,limousine,automatic,163,a4,150000,petrol,audi,no,15.83
20790,4999,cabrio,manual,136,3_reihe,125000,petrol,peugeot,no,15.83
20791,1699,small car,manual,58,corsa,150000,petrol,opel,no,16.33
20792,2650,coupe,manual,118,3er,150000,petrol,bmw,no,17.67
20794,2000,station wagon,manual,82,focus,150000,petrol,ford,no,16.58
20795,5800,suv,manual,141,tucson,125000,petrol,hyundai,no,13.0
20797,7590,coupe,manual,175,cooper,150000,petrol,mini,no,11.42
20798,13999,limousine,manual,156,c_klasse,60000,petrol,mercedes_benz,no,9.83
20799,7777,station wagon,manual,90,ibiza,80000,diesel,seat,no,6.92
20802,799,small car,automatic,54,fortwo,100000,petrol,smart,no,16.08
20803,5750,small car,manual,69,fabia,70000,petrol,skoda,no,10.0
20805,3650,station wagon,manual,143,6_reihe,150000,diesel,mazda,no,12.33
20806,1500,limousine,manual,128,octavia,150000,diesel,skoda,no,18.5
20807,1200,limousine,automatic,150,e_klasse,150000,petrol,mercedes_benz,no,25.92
20808,6999,limousine,manual,105,golf,150000,diesel,volkswagen,no,11.83
20810,2000,station wagon,manual,134,mondeo,150000,diesel,ford,no,13.83
20811,9899,station wagon,manual,131,megane,90000,diesel,renault,no,6.42
20812,5200,limousine,manual,150,e_klasse,150000,diesel,mercedes_benz,no,16.67
20814,19999,small car,manual,330,1er,80000,diesel,bmw,no,13.08
20815,950,coupe,manual,60,2_reihe,150000,petrol,peugeot,no,21.0
20816,6200,limousine,automatic,177,5er,150000,diesel,bmw,no,13.58
20818,1800,limousine,manual,102,a_klasse,125000,petrol,mercedes_benz,no,16.58
20819,6150,bus,manual,110,transporter,150000,petrol,volkswagen,no,23.08
20820,2700,station wagon,automatic,163,a4,150000,diesel,audi,no,15.17
20823,500,small car,manual,40,twingo,150000,petrol,renault,yes,24.67
20824,7000,limousine,manual,116,1er,150000,petrol,bmw,no,12.25
20825,6299,station wagon,manual,163,5er,150000,diesel,bmw,no,16.92
20826,9999,bus,automatic,116,b_klasse,50000,petrol,mercedes_benz,no,10.67
20827,3500,limousine,manual,192,3er,150000,petrol,bmw,no,17.42
20829,2400,limousine,manual,163,a6,150000,diesel,audi,no,16.67
20830,500,limousine,automatic,116,omega,125000,petrol,opel,no,29.33
20832,4450,limousine,manual,90,golf,150000,diesel,volkswagen,no,13.92
20833,999,small car,manual,60,punto,150000,petrol,fiat,yes,15.0
20834,3450,station wagon,manual,110,passat,150000,diesel,volkswagen,no,16.92
20836,7300,limousine,manual,110,astra,150000,diesel,opel,no,8.67
20837,3950,coupe,manual,179,tt,150000,petrol,audi,no,16.0
20838,10000,small car,manual,60,up,5000,petrol,volkswagen,no,3.33
20839,4000,limousine,manual,105,astra,100000,petrol,opel,no,13.42
20840,5800,bus,manual,140,touran,150000,diesel,volkswagen,no,13.0
20841,8800,station wagon,automatic,190,a6,150000,diesel,audi,no,8.67
20842,7000,station wagon,manual,150,vectra,150000,diesel,opel,no,11.5
20843,7950,limousine,manual,70,ibiza,50000,petrol,seat,no,6.25
20844,3800,limousine,manual,102,a3,150000,petrol,audi,no,15.33
20845,1000,limousine,manual,101,astra,150000,petrol,opel,no,20.58
20846,8350,bus,manual,140,b_klasse,100000,diesel,mercedes_benz,no,11.67
20847,29990,limousine,automatic,306,others,70000,hybrid,bmw,no,8.0
20848,1000,small car,manual,88,2_reihe,150000,petrol,peugeot,yes,18.75
20849,8000,limousine,manual,101,astra,90000,petrol,opel,no,8.33
20850,4700,coupe,manual,80,fox,60000,petrol,volkswagen,yes,10.58
20851,2599,small car,manual,75,polo,80000,petrol,volkswagen,no,16.33
20852,4300,limousine,manual,82,a_klasse,70000,petrol,mercedes_benz,no,14.5
20853,1500,small car,automatic,54,micra,150000,petrol,nissan,no,21.42
20855,12490,cabrio,manual,160,eos,50000,petrol,volkswagen,no,10.58
20857,6900,limousine,automatic,197,s_klasse,150000,diesel,mercedes_benz,no,17.5
20858,3550,small car,manual,88,2_reihe,125000,petrol,peugeot,no,12.33
20859,1700,small car,manual,50,polo,150000,petrol,volkswagen,no,17.42
20861,4300,station wagon,manual,170,e_klasse,150000,diesel,mercedes_benz,yes,17.92
20862,2800,small car,manual,76,others,60000,petrol,suzuki,no,15.17
20864,1099,small car,manual,54,corsa,150000,petrol,opel,no,20.83
20866,5800,suv,manual,141,tucson,150000,lpg,hyundai,no,11.17
20867,950,small car,manual,58,corsa,150000,petrol,opel,no,17.08
20868,13800,suv,automatic,166,grand,20000,petrol,suzuki,no,8.33
20869,750,small car,manual,75,polo,150000,petrol,volkswagen,no,20.33
20870,1100,limousine,manual,68,golf,150000,diesel,volkswagen,no,19.25
20871,3990,bus,manual,75,golf,150000,petrol,volkswagen,no,13.5
20872,7700,bus,manual,102,caddy,150000,diesel,volkswagen,yes,6.42
20873,5200,station wagon,manual,74,focus,150000,petrol,ford,no,9.83
20876,7299,station wagon,manual,177,5er,150000,diesel,bmw,no,13.0
20877,3400,station wagon,manual,129,mondeo,150000,diesel,ford,no,12.33
20878,18500,station wagon,manual,140,passat,60000,diesel,volkswagen,no,7.92
20880,1500,small car,manual,45,others,60000,petrol,fiat,yes,40.08
20882,23900,bus,manual,140,sharan,70000,diesel,volkswagen,no,7.75
20883,10000,station wagon,manual,184,golf,60000,diesel,volkswagen,no,5.17
20884,34900,limousine,automatic,449,x_reihe,125000,petrol,bmw,no,8.08
20885,600,limousine,manual,95,mondeo,150000,petrol,ford,no,19.67
20886,2000,suv,manual,105,others,150000,petrol,honda,no,18.67
20887,900,small car,manual,50,arosa,125000,petrol,seat,yes,19.17
20888,1290,small car,manual,75,kalos,125000,petrol,daewoo,no,14.0
20889,9920,coupe,manual,190,others,150000,petrol,volkswagen,no,27.0
20891,999,station wagon,automatic,224,e_klasse,150000,petrol,mercedes_benz,no,19.08
20892,5900,cabrio,manual,143,3er,150000,petrol,bmw,no,16.42
20895,17900,station wagon,manual,170,a4,125000,diesel,audi,no,8.75
20897,800,small car,manual,75,yaris,100000,petrol,toyota,no,16.75
20898,1600,small car,manual,67,getz,150000,petrol,hyundai,no,11.33
20899,7800,station wagon,manual,110,astra,80000,diesel,opel,no,7.08
20900,1650,limousine,manual,114,3er,150000,petrol,bmw,no,19.42
20903,2349,bus,manual,116,galaxy,150000,diesel,ford,no,18.83
20904,10200,bus,manual,140,s_max,150000,diesel,ford,no,9.92
20905,2200,cabrio,manual,136,clk,150000,petrol,mercedes_benz,yes,19.5
20906,499,limousine,manual,144,omega,150000,petrol,opel,no,19.92
20907,17850,limousine,manual,122,a1,20000,petrol,audi,no,3.17
20908,7300,station wagon,manual,140,a4,150000,diesel,audi,no,14.0
20910,2100,others,manual,60,transporter,150000,petrol,volkswagen,yes,36.0
20911,350,limousine,manual,75,golf,150000,petrol,volkswagen,no,21.08
20912,2950,station wagon,automatic,192,5er,150000,petrol,bmw,yes,17.92
20913,2500,limousine,manual,150,a3,150000,petrol,audi,yes,14.5
20914,6500,station wagon,automatic,155,signum,125000,petrol,opel,no,16.0
20915,1750,station wagon,manual,135,4_reihe,150000,diesel,peugeot,no,15.0
20917,5400,bus,manual,88,transporter,150000,diesel,volkswagen,no,18.75
20918,4000,coupe,manual,90,scirocco,150000,petrol,volkswagen,no,32.17
20919,3099,limousine,manual,75,golf,150000,petrol,volkswagen,no,13.33
20920,500,limousine,manual,114,almera,150000,petrol,nissan,yes,19.0
20921,750,small car,manual,60,golf,150000,petrol,volkswagen,no,21.17
20927,14850,station wagon,manual,140,a6,90000,diesel,audi,no,10.67
20928,17680,station wagon,manual,136,i_reihe,20000,diesel,hyundai,no,3.83
20930,3950,small car,automatic,80,fusion,125000,petrol,ford,no,10.58
20931,15000,coupe,automatic,330,cl,125000,petrol,mercedes_benz,no,17.0
20932,22900,cabrio,manual,218,3er,40000,petrol,bmw,no,8.33
20933,850,small car,manual,60,corsa,150000,petrol,opel,no,23.0
20934,4650,small car,manual,95,2_reihe,80000,petrol,peugeot,no,9.33
20936,3300,station wagon,manual,109,others,150000,diesel,peugeot,no,11.58
20938,3850,small car,manual,68,c3,150000,diesel,citroen,no,10.25
20939,8000,station wagon,manual,150,signum,100000,diesel,opel,no,10.58
20940,2290,limousine,manual,105,leon,150000,petrol,seat,no,15.25
20941,400,small car,manual,73,punto,150000,petrol,fiat,yes,20.0
20942,23999,station wagon,automatic,204,5er,100000,diesel,bmw,no,7.17
20943,12250,small car,manual,105,fabia,40000,petrol,skoda,no,5.83
20944,14500,suv,manual,147,forester,80000,diesel,subaru,no,8.33
20946,3100,small car,manual,108,2_reihe,150000,diesel,peugeot,yes,12.5
20948,3750,small car,manual,75,polo,125000,petrol,volkswagen,no,14.33
20949,7500,station wagon,manual,150,c_klasse,150000,diesel,mercedes_benz,no,11.42
20950,7500,small car,manual,86,i_reihe,30000,petrol,hyundai,no,4.25
20953,700,station wagon,manual,132,e_klasse,150000,petrol,mercedes_benz,yes,26.58
20955,2500,station wagon,automatic,130,bora,150000,diesel,volkswagen,no,17.0
20956,900,station wagon,manual,120,omega,5000,diesel,opel,yes,17.42
20957,12995,others,manual,204,1er,150000,diesel,bmw,yes,9.83
20958,790,small car,manual,75,twingo,150000,petrol,renault,no,17.67
20959,10800,limousine,automatic,220,e_klasse,150000,petrol,mercedes_benz,no,25.92
20960,4900,bus,automatic,256,others,150000,petrol,chevrolet,no,18.58
20961,26490,coupe,manual,271,others,20000,petrol,peugeot,no,5.0
20962,450,coupe,manual,75,civic,150000,petrol,honda,no,23.58
20966,2390,limousine,manual,155,a6,150000,diesel,audi,yes,17.83
20968,5000,small car,manual,69,polo,125000,diesel,volkswagen,no,10.17
20969,17900,coupe,manual,218,1er,60000,petrol,bmw,no,9.0
20970,20500,limousine,automatic,286,3er,150000,diesel,bmw,no,9.83
20971,3800,small car,manual,86,ibiza,80000,petrol,seat,no,11.58
20975,9300,small car,manual,69,polo,30000,petrol,volkswagen,no,7.08
20976,15000,bus,manual,116,others,40000,diesel,ford,no,3.75
20977,3200,suv,manual,87,grand,150000,diesel,suzuki,no,19.83
20979,8970,limousine,automatic,232,a6,150000,diesel,audi,no,11.75
20980,5400,bus,manual,69,roomster,150000,petrol,skoda,no,9.42
20981,4790,station wagon,manual,101,clio,125000,petrol,renault,no,9.17
20984,7500,coupe,automatic,180,others,150000,petrol,mercedes_benz,no,26.67
20985,6900,bus,manual,136,verso,150000,diesel,toyota,no,11.25
20986,49000,limousine,automatic,258,5er,50000,diesel,bmw,no,5.0
20989,4000,others,manual,84,others,150000,diesel,volkswagen,no,11.67
20990,6999,coupe,automatic,143,c_klasse,125000,diesel,mercedes_benz,no,18.0
20994,500,small car,manual,55,punto,80000,petrol,fiat,no,22.08
20995,1799,limousine,manual,116,156,125000,diesel,alfa_romeo,no,15.5
20996,39000,station wagon,automatic,184,octavia,5000,diesel,skoda,no,2.33
20997,7999,limousine,automatic,224,e_klasse,150000,diesel,mercedes_benz,no,12.17
20999,4250,small car,manual,86,ibiza,100000,petrol,seat,no,12.67
21000,1500,limousine,manual,174,a4,150000,petrol,audi,no,23.42
21001,1299,limousine,manual,125,carisma,150000,petrol,mitsubishi,no,19.58
21010,900,station wagon,manual,97,others,150000,petrol,suzuki,no,18.75
21012,2200,limousine,automatic,179,a6,150000,diesel,audi,no,18.67
21013,4250,station wagon,manual,129,avensis,150000,petrol,toyota,no,14.5
21014,7900,station wagon,manual,145,mondeo,125000,petrol,ford,no,9.5
21015,4850,station wagon,automatic,163,a6,150000,diesel,audi,no,15.0
21016,6000,station wagon,manual,116,3er,150000,diesel,bmw,no,14.92
21021,12000,station wagon,automatic,354,c_klasse,125000,petrol,mercedes_benz,no,15.67
21023,850,small car,automatic,54,seicento,100000,petrol,fiat,yes,16.0
21024,2950,small car,manual,69,corsa,150000,diesel,opel,no,14.58
21025,3200,station wagon,manual,131,passat,150000,diesel,volkswagen,yes,17.33
21026,3600,limousine,manual,105,golf,150000,diesel,volkswagen,yes,15.83
21027,5750,bus,manual,84,doblo,150000,diesel,fiat,no,11.42
21028,600,small car,manual,60,punto,150000,petrol,fiat,no,18.25
21030,600,small car,manual,102,fiesta,150000,petrol,ford,no,20.92
21032,5950,small car,manual,68,punto,80000,petrol,fiat,no,6.25
21033,2000,station wagon,manual,105,golf,150000,petrol,volkswagen,no,18.17
21035,2850,station wagon,manual,116,c_klasse,150000,diesel,mercedes_benz,no,15.25
21038,8000,limousine,manual,200,golf,150000,petrol,volkswagen,no,13.92
21039,699,small car,manual,50,fiesta,5000,petrol,ford,no,20.92
21040,7750,cabrio,manual,197,slk,125000,petrol,mercedes_benz,no,16.75
21042,1200,station wagon,manual,115,passat,150000,petrol,volkswagen,no,24.25
21043,12300,limousine,manual,140,astra,30000,petrol,opel,no,5.83
21045,3100,coupe,manual,116,others,150000,petrol,volkswagen,no,25.75
21048,5000,small car,automatic,102,golf,125000,petrol,volkswagen,no,14.67
21051,500,limousine,automatic,203,others,150000,petrol,chrysler,yes,17.42
21052,1100,limousine,manual,101,passat,150000,petrol,volkswagen,no,19.17
21053,650,limousine,manual,75,a_klasse,150000,petrol,mercedes_benz,yes,20.67
21054,6750,limousine,manual,125,leon,125000,petrol,seat,no,8.75
21055,4700,bus,manual,101,zafira,100000,petrol,opel,no,15.0
21056,1650,limousine,automatic,125,a4,150000,petrol,audi,no,23.0
21057,3650,station wagon,manual,109,focus,125000,diesel,ford,no,13.92
21058,2100,limousine,manual,150,a6,150000,petrol,audi,no,21.25
21059,1500,small car,manual,73,3_reihe,125000,petrol,mazda,no,21.33
21060,500,small car,manual,60,fiesta,125000,petrol,ford,no,21.83
21061,2300,station wagon,automatic,192,5er,150000,petrol,bmw,yes,15.17
21062,800,cabrio,manual,88,punto,125000,petrol,fiat,no,23.83
21063,2490,station wagon,automatic,163,5er,150000,diesel,bmw,no,18.25
21064,2000,small car,manual,60,fiesta,150000,petrol,ford,no,15.17
21066,900,coupe,manual,106,tigra,5000,petrol,opel,no,19.5
21067,10700,limousine,manual,170,a3,150000,diesel,audi,no,11.33
21068,5300,bus,manual,131,alhambra,150000,diesel,seat,no,13.58
21070,12500,limousine,automatic,231,5er,150000,diesel,bmw,no,12.92
21073,1999,station wagon,manual,102,3er,150000,petrol,bmw,no,21.83
21076,8950,others,manual,114,c_reihe,125000,diesel,volvo,no,8.83
21077,2350,small car,manual,118,3er,150000,petrol,bmw,no,14.5
21078,27750,limousine,automatic,170,c_klasse,40000,diesel,mercedes_benz,no,5.42
21079,450,small car,manual,45,1_reihe,125000,petrol,peugeot,no,21.5
21081,3995,station wagon,manual,136,6_reihe,150000,diesel,mazda,no,14.25
21083,1390,coupe,manual,136,clk,150000,petrol,mercedes_benz,no,19.92
21084,700,small car,automatic,90,a_klasse,150000,petrol,mercedes_benz,yes,20.5
21085,300,limousine,manual,75,astra,150000,petrol,opel,no,18.17
21086,3600,bus,manual,136,touran,150000,diesel,volkswagen,no,14.33
21087,900,station wagon,manual,89,passat,150000,petrol,volkswagen,no,23.58
21088,7500,cabrio,manual,115,cooper,125000,petrol,mini,no,13.17
21089,7000,station wagon,manual,116,a4,125000,diesel,audi,no,14.67
21091,15000,suv,automatic,163,sportage,70000,petrol,kia,no,8.83
21093,37999,limousine,automatic,313,7er,90000,diesel,bmw,no,6.75
21094,9000,cabrio,manual,140,astra,60000,petrol,opel,no,12.83
21095,3500,coupe,manual,140,others,125000,petrol,honda,no,18.67
21096,3600,limousine,manual,275,passat,150000,petrol,volkswagen,no,16.0
21097,5099,small car,manual,95,others,100000,petrol,alfa_romeo,no,11.0
21098,1750,small car,manual,64,ibiza,150000,petrol,seat,no,14.08
21099,1650,station wagon,manual,150,3er,150000,petrol,bmw,no,21.42
21101,1849,small car,manual,75,polo,125000,petrol,volkswagen,no,18.42
21104,7599,limousine,manual,143,1er,125000,petrol,bmw,no,9.75
21105,100,limousine,manual,88,3_reihe,150000,petrol,mazda,yes,20.33
21107,1000,limousine,manual,90,carisma,150000,petrol,mitsubishi,no,20.33
21108,249,limousine,manual,88,3_reihe,150000,petrol,mazda,yes,23.08
21109,12900,station wagon,manual,174,clubman,40000,petrol,mini,no,10.92
21111,6000,bus,automatic,105,touran,150000,petrol,volkswagen,yes,11.0
21112,6250,station wagon,manual,110,astra,150000,diesel,opel,no,8.25
21113,600,limousine,manual,102,3er,150000,petrol,bmw,yes,22.42
21115,27000,limousine,manual,150,passat,30000,diesel,volkswagen,no,3.17
21117,3000,limousine,manual,90,2_reihe,125000,petrol,peugeot,no,12.75
21118,1000,coupe,manual,90,others,150000,petrol,ford,no,19.25
21121,5990,station wagon,manual,116,astra,100000,petrol,opel,no,11.83
21123,1499,limousine,manual,75,golf,150000,petrol,volkswagen,yes,18.92
21124,3500,coupe,manual,170,3er,150000,petrol,bmw,yes,19.83
21125,1199,limousine,manual,70,80,100000,petrol,audi,no,27.17
21126,7100,suv,manual,140,sorento,150000,diesel,kia,no,14.0
21127,2000,limousine,manual,77,3er,150000,petrol,bmw,yes,19.67
21128,1950,suv,manual,129,others,150000,petrol,mitsubishi,no,15.67
21132,13200,suv,automatic,239,q7,125000,diesel,audi,no,12.08
21133,8799,bus,manual,131,transporter,150000,diesel,volkswagen,no,11.75
21137,2099,bus,manual,116,avensis,150000,diesel,toyota,no,16.33
21138,3499,small car,manual,68,1_reihe,90000,petrol,peugeot,no,9.83
21139,6500,bus,manual,140,touran,150000,diesel,volkswagen,no,10.08
21142,800,small car,manual,60,ka,150000,petrol,ford,yes,16.08
21143,2990,limousine,manual,66,golf,150000,petrol,volkswagen,no,27.33
21145,1255,small car,manual,50,corsa,125000,petrol,opel,no,15.08
21146,2499,coupe,manual,143,c_klasse,150000,diesel,mercedes_benz,no,15.58
21147,25500,suv,manual,140,tiguan,30000,diesel,volkswagen,no,4.08
21149,3400,station wagon,manual,109,2_reihe,90000,petrol,peugeot,no,14.83
21150,2100,coupe,manual,143,c_klasse,150000,diesel,mercedes_benz,no,17.42
21151,1500,bus,manual,69,berlingo,150000,diesel,citroen,no,19.75
21153,12500,suv,manual,190,discovery,100000,diesel,land_rover,no,12.92
21155,12500,station wagon,automatic,140,caddy,150000,diesel,volkswagen,no,7.5
21157,9999,suv,automatic,340,cayenne,150000,petrol,porsche,no,15.58
21159,14900,cabrio,automatic,333,6er,80000,petrol,bmw,no,14.25
21161,750,small car,manual,60,polo,150000,petrol,volkswagen,no,22.92
21162,5200,bus,automatic,140,touran,150000,diesel,volkswagen,no,13.75
21163,2199,limousine,manual,150,a3,150000,petrol,audi,no,18.75
21164,4900,coupe,manual,109,c4,125000,petrol,citroen,no,11.92
21168,2899,small car,manual,92,swift,150000,petrol,suzuki,no,13.42
21170,500,station wagon,manual,90,laguna,125000,petrol,renault,no,21.5
21171,4800,cabrio,manual,136,2_reihe,90000,petrol,peugeot,no,16.5
21172,3999,bus,manual,140,golf,150000,diesel,volkswagen,no,14.0
21173,9500,station wagon,automatic,272,5er,150000,diesel,bmw,no,13.92
21174,925,small car,manual,54,seicento,150000,petrol,fiat,no,18.25
21177,5800,limousine,manual,80,golf,80000,petrol,volkswagen,yes,12.83
21178,6100,station wagon,automatic,232,a6,150000,diesel,audi,yes,12.75
21182,2600,station wagon,automatic,220,a6,150000,petrol,audi,yes,16.25
21183,5500,bus,manual,75,berlingo,125000,diesel,citroen,yes,8.33
21184,15000,bus,manual,102,transporter,150000,diesel,volkswagen,yes,8.58
21185,3999,small car,manual,75,clio,70000,petrol,renault,no,12.42
21186,1450,station wagon,manual,116,focus,150000,diesel,ford,no,16.5
21188,7700,cabrio,manual,204,boxster,150000,petrol,porsche,no,21.25
21189,4500,bus,manual,116,avensis,150000,diesel,toyota,no,15.58
21190,1400,limousine,manual,144,omega,150000,petrol,opel,no,18.08
21191,4500,station wagon,manual,135,lancer,125000,petrol,mitsubishi,no,13.42
21192,5499,small car,manual,87,corsa,70000,petrol,opel,no,7.75
21193,250,small car,manual,45,corsa,150000,petrol,opel,yes,24.17
21194,7800,bus,manual,105,transporter,150000,diesel,volkswagen,no,13.0
21195,2200,cabrio,manual,150,80,150000,petrol,audi,no,23.75
21196,850,bus,manual,145,galaxy,150000,petrol,ford,no,18.92
21197,12500,station wagon,automatic,152,a4,150000,diesel,audi,no,10.33
21198,600,limousine,manual,115,focus,150000,petrol,ford,no,19.08
21199,1850,limousine,manual,116,others,150000,petrol,chrysler,no,16.92
21200,11650,limousine,manual,114,c_reihe,80000,diesel,volvo,no,7.25
21202,9200,limousine,manual,110,golf,125000,diesel,volkswagen,yes,9.5
21203,1900,station wagon,manual,64,caddy,150000,diesel,volkswagen,no,21.42
21204,1400,bus,manual,122,zafira,150000,petrol,opel,no,17.25
21207,4750,cabrio,automatic,71,fortwo,60000,petrol,smart,no,10.33
21208,4900,small car,manual,116,cooper,150000,petrol,mini,no,14.0
21209,7650,cabrio,manual,143,3er,125000,petrol,bmw,no,16.0
21210,899,small car,manual,60,polo,150000,petrol,volkswagen,no,17.75
21211,1000,limousine,manual,54,golf,150000,petrol,volkswagen,no,28.17
21212,7000,small car,manual,69,ibiza,50000,petrol,seat,no,9.33
21213,27500,bus,manual,150,others,30000,diesel,bmw,no,4.83
21214,1200,small car,manual,76,others,150000,petrol,suzuki,no,16.17
21215,950,limousine,manual,101,astra,150000,petrol,opel,no,19.67
21216,350,limousine,manual,95,carisma,150000,petrol,mitsubishi,no,19.5
21218,11699,limousine,manual,160,insignia,100000,diesel,opel,no,8.83
21219,1950,cabrio,manual,95,others,150000,petrol,ford,no,14.5
21221,1299,small car,manual,60,polo,150000,petrol,volkswagen,no,20.58
21222,1000,bus,manual,125,zafira,150000,diesel,opel,yes,16.42
21223,21890,cabrio,manual,131,mx_reihe,5000,petrol,mazda,no,3.83
21226,6800,limousine,automatic,140,leon,150000,diesel,seat,no,12.42
21228,4900,limousine,manual,83,civic,50000,petrol,honda,no,13.0
21230,800,limousine,manual,133,80,150000,petrol,audi,no,26.08
21231,2950,coupe,manual,156,golf,150000,diesel,volkswagen,no,16.92
21232,4600,cabrio,manual,109,colt,125000,petrol,mitsubishi,no,12.83
21234,2500,station wagon,automatic,130,a4,150000,diesel,audi,yes,15.92
21236,12800,limousine,automatic,190,5er,90000,petrol,bmw,no,11.58
21237,2600,limousine,automatic,170,e_klasse,150000,diesel,mercedes_benz,no,18.92
21239,6300,bus,manual,131,transit,150000,diesel,ford,no,11.42
21241,595,small car,manual,90,civic,150000,petrol,honda,no,24.33
21242,12500,suv,manual,163,i_reihe,90000,petrol,hyundai,no,7.17
21243,1399,limousine,manual,72,others,150000,diesel,mercedes_benz,no,34.83
21244,42800,suv,automatic,340,touareg,60000,diesel,volkswagen,yes,5.67
21249,18900,coupe,automatic,275,others,50000,petrol,jaguar,no,29.5
21250,1300,station wagon,manual,150,laguna,150000,diesel,renault,no,15.0
21251,8299,bus,manual,174,transporter,150000,diesel,volkswagen,no,10.42
21254,6200,suv,manual,140,cr_reihe,150000,diesel,honda,no,13.58
21255,5999,limousine,automatic,143,c_klasse,150000,diesel,mercedes_benz,no,15.92
21258,1000,small car,manual,75,others,150000,petrol,peugeot,no,18.25
21262,2890,limousine,automatic,84,astra,90000,petrol,opel,no,17.58
21263,2750,limousine,manual,101,astra,150000,diesel,opel,no,14.42
21265,8900,cabrio,automatic,163,clk,150000,petrol,mercedes_benz,no,13.08
21266,28490,limousine,automatic,170,e_klasse,30000,diesel,mercedes_benz,no,5.67
21267,8499,station wagon,manual,105,a3,150000,diesel,audi,no,11.58
21268,5500,limousine,automatic,122,3er,150000,petrol,bmw,no,40.08
21271,3650,small car,manual,65,others,80000,petrol,fiat,no,9.58
21272,2999,station wagon,automatic,125,vectra,125000,diesel,opel,no,14.83
21273,1250,limousine,manual,101,golf,150000,petrol,volkswagen,no,21.58
21274,7300,cabrio,manual,90,one,90000,petrol,mini,no,13.17
21275,15500,limousine,manual,131,qashqai,125000,diesel,nissan,no,6.92
21276,17500,suv,automatic,163,kuga,80000,diesel,ford,no,8.0
21277,700,station wagon,manual,60,astra,150000,petrol,opel,no,25.58
21278,3500,station wagon,automatic,170,e_klasse,150000,diesel,mercedes_benz,no,18.08
21279,10000,cabrio,automatic,71,fortwo,20000,petrol,smart,no,4.5
21280,999,bus,manual,136,others,150000,petrol,hyundai,no,18.25
21281,600,limousine,automatic,136,vectra,150000,petrol,opel,yes,22.25
21283,1999,bus,manual,80,kangoo,150000,diesel,renault,no,16.92
21284,2200,limousine,manual,102,a3,150000,petrol,audi,no,17.92
21286,1099,small car,manual,43,clio,150000,petrol,renault,no,16.92
21289,2999,suv,automatic,211,grand,150000,petrol,jeep,no,24.0
21290,1650,small car,manual,75,corsa,150000,petrol,opel,no,17.5
21291,1299,bus,manual,90,scenic,150000,petrol,renault,no,20.5
21292,3000,bus,manual,131,transit,150000,diesel,ford,no,11.17
21293,9500,limousine,automatic,239,a5,125000,diesel,audi,no,7.75
21294,2050,small car,manual,80,punto,90000,petrol,fiat,no,17.75
21295,2150,bus,manual,107,scenic,80000,petrol,renault,no,16.25
21297,10800,bus,manual,90,i_reihe,30000,petrol,hyundai,no,5.83
21299,7950,cabrio,automatic,218,clk,150000,petrol,mercedes_benz,no,17.08
21300,4900,cabrio,manual,170,3er,150000,petrol,bmw,no,17.25
21303,4500,coupe,automatic,279,clk,150000,petrol,mercedes_benz,no,19.83
21304,3500,bus,manual,84,ducato,150000,diesel,fiat,no,14.25
21306,11699,station wagon,automatic,170,passat,100000,diesel,volkswagen,no,11.5
21307,1990,small car,manual,55,fox,150000,petrol,volkswagen,no,13.75
21308,4200,small car,automatic,77,others,30000,petrol,fiat,no,11.08
21309,10500,limousine,manual,143,1er,125000,petrol,bmw,no,12.0
21311,12500,coupe,manual,170,3er,125000,petrol,bmw,no,11.5
21315,1000,limousine,manual,75,golf,150000,petrol,volkswagen,no,22.92
21316,370,small car,manual,45,corsa,150000,petrol,opel,no,25.0
21317,10949,station wagon,manual,120,a4,150000,diesel,audi,no,8.5
21318,13800,station wagon,manual,232,a6,150000,diesel,audi,no,11.92
21320,3599,small car,manual,60,polo,100000,petrol,volkswagen,no,13.92
21321,2400,limousine,manual,200,golf,150000,petrol,volkswagen,no,30.25
21322,1950,small car,automatic,54,fortwo,150000,petrol,smart,no,16.58
21324,4500,limousine,manual,109,focus,100000,diesel,ford,no,11.75
21325,7400,limousine,automatic,143,1er,150000,petrol,bmw,no,10.08
21326,4600,station wagon,manual,155,signum,150000,petrol,opel,yes,13.75
21328,2790,station wagon,automatic,101,focus,100000,petrol,ford,no,17.83
21330,5499,cabrio,manual,109,2_reihe,125000,petrol,peugeot,no,12.42
21331,9999,bus,manual,102,golf,70000,petrol,volkswagen,no,10.92
21332,1600,limousine,manual,136,omega,150000,lpg,opel,no,19.92
21333,499,coupe,manual,75,civic,150000,petrol,honda,no,23.42
21336,5300,limousine,manual,170,a4,150000,petrol,audi,no,16.58
21337,2500,limousine,manual,26,601,90000,petrol,trabant,no,29.58
21339,18700,limousine,manual,105,a1,20000,diesel,audi,no,4.92
21340,23200,limousine,automatic,184,5er,125000,diesel,bmw,no,7.0
21341,11000,limousine,automatic,204,5er,90000,diesel,bmw,no,8.5
21346,5900,station wagon,manual,131,a4,150000,diesel,audi,no,16.42
21347,650,station wagon,manual,75,vectra,150000,petrol,opel,no,18.92
21352,1950,bus,manual,65,modus,150000,petrol,renault,no,13.92
21353,5000,cabrio,manual,193,slk,150000,petrol,mercedes_benz,no,19.25
21355,2300,small car,manual,75,golf,150000,petrol,volkswagen,no,18.92
21356,1450,small car,manual,60,ka,50000,petrol,ford,no,14.08
21357,300,small car,manual,60,corsa,150000,petrol,opel,yes,22.08
21358,19350,suv,automatic,224,m_klasse,150000,diesel,mercedes_benz,no,10.5
21359,10300,limousine,manual,86,golf,30000,petrol,volkswagen,no,6.67
21360,21950,limousine,manual,179,q5,60000,petrol,audi,no,8.92
21361,12600,coupe,manual,200,tt,150000,petrol,audi,no,11.08
21362,8450,station wagon,automatic,170,a3,150000,diesel,audi,no,10.5
21363,1790,limousine,manual,75,golf,150000,petrol,volkswagen,no,18.92
21365,13900,limousine,automatic,99,others,80000,hybrid,toyota,no,8.08
21367,850,small car,manual,54,corsa,125000,petrol,opel,no,19.92
21368,2000,small car,manual,60,lupo,150000,diesel,volkswagen,no,18.67
21369,4199,station wagon,automatic,179,c_klasse,150000,diesel,mercedes_benz,no,15.83
21371,10800,cabrio,automatic,170,c_reihe,150000,petrol,volvo,no,12.42
21373,17990,limousine,automatic,224,a6,125000,diesel,audi,no,13.92
21376,2950,station wagon,manual,101,passat,150000,diesel,volkswagen,no,13.42
21378,1450,limousine,manual,90,a3,150000,diesel,audi,no,18.42
21380,6100,station wagon,manual,140,astra,125000,petrol,opel,no,10.17
21381,8000,bus,manual,140,others,150000,petrol,honda,no,10.75
21382,780,limousine,manual,88,3_reihe,150000,petrol,mazda,no,23.33
21385,12200,suv,automatic,286,x_reihe,100000,diesel,bmw,no,11.0
21386,1500,station wagon,automatic,133,c5,150000,diesel,citroen,yes,14.17
21387,28900,limousine,manual,184,golf,20000,diesel,volkswagen,no,3.33
21389,2950,bus,manual,90,meriva,90000,petrol,opel,yes,10.92
21390,2200,station wagon,manual,115,passat,150000,diesel,volkswagen,no,18.17
21391,2400,limousine,manual,90,golf,150000,diesel,volkswagen,no,18.0
21392,2299,station wagon,automatic,150,a4,150000,diesel,audi,no,18.83
21394,11500,limousine,automatic,272,5er,80000,diesel,bmw,no,13.5
21396,790,limousine,manual,84,others,150000,petrol,suzuki,no,23.5
21397,3999,coupe,manual,170,3er,150000,petrol,bmw,no,19.42
21398,750,small car,manual,60,fiesta,125000,petrol,ford,no,19.25
21401,10000,limousine,automatic,224,e_klasse,150000,diesel,mercedes_benz,no,12.92
21402,1900,limousine,manual,101,a4,150000,petrol,audi,yes,23.42
21403,3990,cabrio,manual,109,2_reihe,90000,petrol,peugeot,no,12.17
21404,3850,small car,automatic,61,fortwo,80000,petrol,smart,no,11.25
21405,950,limousine,manual,90,a_klasse,150000,diesel,mercedes_benz,yes,17.33
21407,1350,small car,manual,75,corsa,150000,petrol,opel,no,14.08
21408,4800,cabrio,manual,136,clk,150000,petrol,mercedes_benz,no,20.0
21409,1799,bus,manual,109,sprinter,150000,diesel,mercedes_benz,no,14.92
21410,800,small car,manual,54,corsa,125000,petrol,opel,no,18.25
21411,4650,station wagon,manual,170,c_klasse,150000,diesel,mercedes_benz,no,15.58
21414,5500,cabrio,manual,140,3_reihe,125000,petrol,peugeot,no,12.5
21415,1950,small car,manual,68,getz,150000,petrol,hyundai,no,10.25
21416,500,station wagon,manual,115,v40,150000,petrol,volvo,yes,20.83
21417,1980,cabrio,manual,75,astra,150000,petrol,opel,no,22.42
21418,300,small car,manual,60,ka,150000,petrol,ford,no,15.75
21419,1000,limousine,manual,116,3er,150000,petrol,bmw,no,23.25
21424,5500,limousine,manual,101,a4,150000,diesel,audi,no,14.58
21426,1499,limousine,manual,118,3er,150000,lpg,bmw,yes,19.5
21429,3499,station wagon,manual,75,logan,70000,petrol,dacia,no,9.42
21430,14900,limousine,automatic,272,c_klasse,150000,petrol,mercedes_benz,no,11.33
21433,9750,suv,manual,143,others,150000,diesel,mazda,no,10.33
21434,590,station wagon,manual,115,focus,150000,petrol,ford,no,19.5
21435,2500,small car,manual,150,golf,150000,petrol,volkswagen,yes,18.25
21438,500,limousine,manual,101,a4,150000,petrol,audi,yes,22.33
21439,6447,limousine,automatic,116,a_klasse,125000,petrol,mercedes_benz,no,11.17
21440,1100,limousine,manual,125,passat,150000,petrol,volkswagen,no,23.0
21441,2530,small car,manual,200,golf,150000,petrol,volkswagen,yes,24.33
21442,27500,suv,manual,156,others,20000,petrol,mercedes_benz,no,3.58
21443,1900,limousine,manual,101,golf,150000,diesel,volkswagen,no,16.25
21444,1550,station wagon,manual,101,others,100000,petrol,mazda,yes,17.92
21445,4250,limousine,manual,90,golf,150000,diesel,volkswagen,no,12.33
21446,999,limousine,manual,116,vectra,100000,petrol,opel,no,21.42
21447,1350,small car,manual,89,2_reihe,150000,petrol,peugeot,no,2.75
21449,17400,limousine,manual,110,golf,20000,diesel,volkswagen,no,4.92
21450,10999,cabrio,manual,193,z_reihe,150000,petrol,bmw,no,18.25
21451,500,small car,manual,45,1_reihe,150000,petrol,peugeot,no,23.25
21452,7800,small car,automatic,98,fortwo,80000,petrol,smart,no,9.25
21454,33000,limousine,automatic,184,5er,50000,diesel,bmw,no,4.25
21455,6700,limousine,manual,170,golf,150000,petrol,volkswagen,no,11.33
21456,3299,limousine,manual,75,2_reihe,50000,petrol,peugeot,no,13.83
21457,3850,bus,manual,109,c_max,150000,diesel,ford,no,14.5
21459,9999,station wagon,automatic,140,passat,150000,diesel,volkswagen,no,7.5
21460,8999,limousine,manual,143,1er,150000,diesel,bmw,no,11.5
21462,2300,limousine,automatic,144,omega,150000,petrol,opel,no,19.92
21463,23500,cabrio,manual,321,z_reihe,125000,petrol,bmw,no,21.67
21464,9995,limousine,automatic,177,a6,70000,petrol,audi,no,13.42
21467,3200,bus,manual,143,v_klasse,150000,petrol,mercedes_benz,no,20.33
21471,1300,small car,manual,65,micra,150000,petrol,nissan,no,13.58
21472,1250,small car,manual,60,polo,150000,petrol,volkswagen,no,19.83
21473,22250,limousine,automatic,326,q7,150000,diesel,audi,no,10.17
21475,2500,bus,manual,82,vivaro,150000,diesel,opel,no,15.83
21476,8650,coupe,manual,150,clk,150000,diesel,mercedes_benz,no,13.0
21477,500,small car,manual,109,2_reihe,150000,diesel,peugeot,no,18.67
21478,2500,cabrio,manual,116,escort,100000,petrol,ford,no,21.5
21480,8751,cabrio,manual,150,eos,80000,petrol,volkswagen,no,12.5
21481,5800,station wagon,automatic,205,e_klasse,150000,diesel,mercedes_benz,no,14.0
21482,1800,limousine,manual,150,3er,150000,petrol,bmw,no,24.67
21484,15000,suv,manual,135,i_reihe,40000,petrol,hyundai,no,5.17
21486,5800,bus,automatic,109,focus,150000,diesel,ford,no,11.33
21488,13500,station wagon,manual,140,a3,125000,diesel,audi,no,7.33
21489,3250,small car,manual,68,others,125000,petrol,nissan,no,8.25
21490,2200,cabrio,automatic,136,others,150000,petrol,chrysler,no,25.42
21491,1300,station wagon,automatic,140,v70,150000,petrol,volvo,no,19.58
21494,1750,limousine,manual,105,3er,150000,petrol,bmw,no,19.83
21495,10590,small car,manual,82,c1,5000,petrol,citroen,no,2.17
21496,1480,limousine,manual,82,a_klasse,150000,petrol,mercedes_benz,no,20.0
21497,4000,station wagon,manual,75,clio,90000,petrol,renault,no,10.67
21498,17980,limousine,automatic,179,leon,30000,petrol,seat,no,4.08
21499,6599,limousine,manual,105,golf,125000,diesel,volkswagen,no,10.58
21503,3990,station wagon,manual,109,focus,150000,diesel,ford,no,11.33
21506,14300,limousine,manual,115,3_reihe,50000,diesel,mazda,no,7.0
21507,3000,small car,manual,64,polo,125000,petrol,volkswagen,no,16.5
21508,10990,cabrio,manual,129,3er,150000,petrol,bmw,no,29.33
21511,2290,station wagon,manual,155,vectra,125000,petrol,opel,no,13.0
21512,2980,cabrio,manual,116,3er,150000,petrol,bmw,no,23.67
21513,16590,suv,automatic,205,xc_reihe,150000,diesel,volvo,no,9.58
21514,10500,cabrio,manual,200,eos,70000,petrol,volkswagen,no,9.17
21515,2250,limousine,manual,116,3er,150000,petrol,bmw,no,20.75
21516,600,limousine,manual,144,156,150000,petrol,alfa_romeo,no,19.58
21517,300,station wagon,manual,150,3er,150000,petrol,bmw,yes,21.17
21518,14990,coupe,manual,250,megane,60000,petrol,renault,no,8.67
21519,2490,station wagon,automatic,133,c5,150000,diesel,citroen,no,17.58
21521,1690,station wagon,manual,150,3er,150000,petrol,bmw,no,19.08
21522,750,station wagon,automatic,150,a4,150000,diesel,audi,yes,19.08
21527,6999,limousine,manual,116,1er,150000,petrol,bmw,no,11.08
21530,777,limousine,manual,60,astra,125000,petrol,opel,no,23.67
21533,1700,limousine,manual,109,others,150000,petrol,mercedes_benz,no,27.5
21536,7000,coupe,automatic,306,cl,150000,petrol,mercedes_benz,no,16.67
21537,7700,limousine,automatic,170,5er,125000,petrol,bmw,no,14.83
21538,4950,station wagon,manual,105,astra,150000,petrol,opel,no,13.5
21539,8750,small car,manual,69,polo,40000,petrol,volkswagen,no,6.67
21540,17299,cabrio,automatic,143,1er,60000,petrol,bmw,no,8.58
21541,1300,station wagon,manual,101,a4,150000,petrol,audi,no,19.42
21542,5700,bus,manual,105,golf,150000,diesel,volkswagen,no,13.92
21543,15900,cabrio,automatic,250,tt,125000,petrol,audi,no,11.92
21545,13950,suv,automatic,156,others,150000,diesel,citroen,no,6.83
21547,8800,limousine,manual,122,1er,100000,petrol,bmw,no,9.42
21548,2500,small car,automatic,83,jazz,150000,petrol,honda,no,14.33
21549,4800,coupe,manual,170,3er,150000,petrol,bmw,no,18.25
21551,16200,small car,automatic,114,others,5000,petrol,renault,no,2.33
21553,4300,bus,manual,105,transporter,150000,diesel,volkswagen,yes,12.75
21555,7650,bus,manual,120,others,100000,diesel,peugeot,no,11.25
21556,2999,station wagon,manual,80,astra,125000,diesel,opel,no,16.0
21557,2500,bus,manual,101,combo,150000,diesel,opel,no,13.42
21559,13400,limousine,automatic,231,7er,150000,diesel,bmw,no,10.08
21561,7900,limousine,automatic,334,a8,150000,lpg,audi,no,15.08
21562,11750,suv,automatic,224,m_klasse,150000,diesel,mercedes_benz,no,12.33
21563,15500,limousine,manual,170,golf,90000,diesel,volkswagen,no,6.75
21564,20000,suv,manual,140,tiguan,60000,diesel,volkswagen,no,6.33
21566,1650,bus,automatic,150,voyager,150000,petrol,chrysler,no,18.25
21568,14190,limousine,manual,105,golf,10000,petrol,volkswagen,no,3.25
21569,8450,small car,manual,90,i_reihe,50000,petrol,hyundai,no,7.67
21570,1111,limousine,manual,136,c5,150000,lpg,citroen,no,15.75
21572,14400,coupe,manual,170,3er,125000,petrol,bmw,no,9.75
21573,19900,station wagon,manual,170,c_klasse,125000,diesel,mercedes_benz,no,5.17
21574,12600,station wagon,automatic,224,e_klasse,150000,diesel,mercedes_benz,no,11.0
21575,3400,station wagon,automatic,150,c_klasse,150000,diesel,mercedes_benz,no,16.67
21577,4950,limousine,automatic,150,3er,150000,diesel,bmw,no,15.67
21579,8999,limousine,manual,143,1er,150000,diesel,bmw,yes,7.25
21581,1350,station wagon,manual,121,6_reihe,150000,diesel,mazda,no,15.92
21584,5000,station wagon,manual,170,v70,150000,lpg,volvo,no,15.42
21585,3550,station wagon,manual,155,vectra,150000,petrol,opel,no,12.17
21586,2700,station wagon,manual,116,focus,150000,diesel,ford,no,14.75
21587,1399,small car,manual,67,getz,125000,petrol,hyundai,yes,12.58
21589,19600,coupe,automatic,272,tt,150000,petrol,audi,no,9.58
21590,3300,limousine,manual,131,golf,150000,diesel,volkswagen,no,17.25
21592,1629,station wagon,manual,101,astra,150000,petrol,opel,yes,18.67
21594,9000,suv,automatic,179,others,150000,petrol,chevrolet,no,14.5
21595,17800,limousine,automatic,367,c_klasse,125000,petrol,mercedes_benz,no,12.42
21596,1850,limousine,manual,150,a6,150000,diesel,audi,yes,19.08
21597,2800,bus,manual,69,caddy,150000,diesel,volkswagen,no,9.25
21598,2500,limousine,manual,105,3er,150000,petrol,bmw,no,18.33
21600,17500,limousine,automatic,143,x_reihe,40000,diesel,bmw,no,8.92
21601,600,small car,manual,60,polo,150000,petrol,volkswagen,no,21.17
21602,9990,limousine,manual,125,leon,100000,petrol,seat,no,7.75
21604,21999,cabrio,manual,105,golf,10000,diesel,volkswagen,no,3.33
21605,9999,station wagon,automatic,224,c_klasse,150000,diesel,mercedes_benz,no,11.08
21606,1380,small car,manual,50,arosa,125000,petrol,seat,no,18.0
21607,600,station wagon,manual,75,astra,150000,petrol,opel,no,20.0
21608,3450,small car,manual,60,lupo,40000,petrol,volkswagen,no,17.25
21609,15500,station wagon,automatic,272,a6,150000,diesel,audi,no,11.5
21611,19500,cabrio,manual,180,slk,50000,petrol,mercedes_benz,no,10.5
21612,2600,small car,manual,131,punto,150000,petrol,fiat,no,18.67
21613,3999,bus,manual,86,modus,150000,diesel,renault,no,11.58
21614,6999,station wagon,automatic,177,e_klasse,150000,diesel,mercedes_benz,no,15.58
21616,1900,station wagon,automatic,156,others,150000,petrol,subaru,no,19.08
21617,5500,limousine,automatic,192,5er,150000,petrol,bmw,no,15.33
21618,1600,limousine,manual,125,passat,150000,lpg,volkswagen,no,20.0
21619,2700,limousine,automatic,150,5er,150000,petrol,bmw,no,20.42
21620,900,small car,manual,120,golf,150000,petrol,volkswagen,yes,23.25
21623,49900,coupe,automatic,345,911,90000,petrol,porsche,no,8.92
21624,9450,suv,manual,86,jimny,100000,petrol,suzuki,no,9.25
21625,3600,limousine,manual,150,golf,125000,petrol,volkswagen,no,20.5
21626,11990,small car,automatic,88,jazz,20000,hybrid,honda,no,4.83
21627,14900,station wagon,automatic,140,a3,80000,diesel,audi,no,7.58
21628,9250,suv,manual,122,defender,100000,diesel,land_rover,no,15.42
21630,14500,station wagon,manual,140,golf,150000,diesel,volkswagen,no,5.42
21631,500,station wagon,manual,136,omega,150000,petrol,opel,yes,22.58
21634,7700,cabrio,manual,163,slk,125000,petrol,mercedes_benz,no,17.83
21635,8499,limousine,manual,102,golf,20000,petrol,volkswagen,no,10.67
21638,2399,suv,manual,159,others,125000,diesel,opel,no,19.33
21639,3850,station wagon,manual,200,astra,125000,petrol,opel,no,14.92
21640,22900,station wagon,automatic,231,e_klasse,125000,diesel,mercedes_benz,no,9.0
21641,1499,small car,manual,60,arosa,150000,petrol,seat,no,16.25
21642,1600,small car,manual,69,fiesta,150000,petrol,ford,no,12.33
21645,1199,small car,manual,105,3er,150000,petrol,bmw,no,18.33
21646,4500,small car,manual,65,agila,40000,petrol,opel,no,9.67
21647,6800,small car,manual,101,yaris,70000,petrol,toyota,no,8.17
21651,284,station wagon,automatic,190,a4,10000,diesel,audi,no,3.75
21652,5500,limousine,manual,150,bravo,90000,petrol,fiat,no,11.58
21653,1500,station wagon,manual,98,rio,150000,petrol,kia,no,16.58
21655,2500,small car,manual,65,yaris,100000,petrol,toyota,no,14.92
21656,2799,small car,manual,109,2_reihe,150000,diesel,peugeot,no,11.42
21658,1300,small car,manual,109,2_reihe,150000,diesel,peugeot,yes,12.5
21659,10499,station wagon,manual,125,a3,100000,petrol,audi,no,10.42
21660,24950,station wagon,manual,150,a3,50000,diesel,audi,no,5.5
21661,6200,coupe,automatic,166,others,100000,petrol,alfa_romeo,no,15.0
21662,500,small car,automatic,75,golf,150000,petrol,volkswagen,no,21.33
21664,6500,limousine,manual,80,golf,150000,petrol,volkswagen,no,10.67
21665,1450,small car,manual,58,twingo,100000,petrol,renault,no,18.67
21667,1200,limousine,manual,135,lancer,150000,petrol,mitsubishi,yes,14.33
21668,900,small car,manual,58,corsa,70000,petrol,opel,no,17.17
21669,200,station wagon,manual,116,v40,150000,petrol,volvo,no,20.92
21671,350,limousine,manual,101,a4,150000,petrol,audi,yes,23.83
21672,7850,station wagon,manual,140,a3,150000,diesel,audi,no,7.5
21673,41900,station wagon,automatic,313,5er,90000,diesel,bmw,no,6.5
21674,1450,limousine,automatic,218,omega,150000,petrol,opel,no,17.83
21675,2200,small car,manual,75,golf,5000,petrol,volkswagen,no,18.5
21676,39900,cabrio,manual,150,others,5000,petrol,fiat,no,37.75
21677,750,station wagon,automatic,131,others,150000,petrol,volvo,yes,22.42
21679,3400,limousine,manual,80,corsa,70000,petrol,opel,no,12.42
21681,1400,small car,manual,75,golf,150000,petrol,volkswagen,no,20.0
21682,2200,small car,manual,75,lupo,150000,petrol,volkswagen,no,19.33
21684,3999,small car,manual,70,corsa,150000,diesel,opel,no,13.33
21685,7200,station wagon,automatic,218,3er,150000,petrol,bmw,no,13.83
21687,17900,limousine,automatic,120,c_klasse,50000,diesel,mercedes_benz,no,6.42
21689,2990,limousine,manual,105,leon,150000,diesel,seat,no,12.25
21690,1350,station wagon,manual,116,v40,150000,petrol,volvo,no,19.5
21691,6890,small car,manual,120,cooper,150000,petrol,mini,no,11.83
21693,500,small car,manual,75,polo,125000,petrol,volkswagen,yes,18.0
21696,8990,limousine,manual,200,golf,125000,petrol,volkswagen,no,15.0
21697,1490,limousine,manual,72,others,150000,diesel,mercedes_benz,no,32.42
21701,1650,limousine,automatic,299,a8,150000,petrol,audi,yes,25.0
21702,6950,small car,manual,80,golf,100000,petrol,volkswagen,no,11.0
21703,1250,limousine,manual,75,golf,90000,petrol,volkswagen,no,16.67
21704,9000,limousine,manual,75,mii,50000,petrol,seat,no,4.33
21706,6500,cabrio,manual,113,3er,150000,petrol,bmw,no,27.25
21707,8999,station wagon,automatic,170,others,150000,diesel,mercedes_benz,no,10.5
21709,3600,suv,manual,163,others,150000,diesel,hyundai,no,14.33
21710,2950,coupe,manual,140,3er,150000,petrol,bmw,no,22.83
21712,4900,small car,manual,86,ibiza,125000,petrol,seat,no,9.33
21713,6499,suv,manual,133,pajero,150000,diesel,mitsubishi,no,15.0
21714,2450,station wagon,manual,136,3_reihe,150000,diesel,peugeot,no,14.5
21715,1750,bus,manual,100,zafira,150000,petrol,opel,no,19.0
21716,1100,station wagon,manual,125,a4,150000,petrol,audi,no,23.0
21717,500,station wagon,manual,102,3_reihe,150000,petrol,peugeot,no,20.0
21721,11498,suv,manual,174,touareg,150000,diesel,volkswagen,no,13.92
21723,500,station wagon,manual,116,focus,150000,petrol,ford,no,18.25
21726,900,limousine,manual,75,fiesta,70000,petrol,ford,no,20.83
21727,9000,limousine,manual,143,1er,150000,diesel,bmw,no,9.25
21728,2100,station wagon,manual,122,vito,150000,diesel,mercedes_benz,no,16.33
21731,6500,limousine,manual,116,focus,100000,petrol,ford,no,9.08
21733,10900,suv,manual,140,cr_reihe,150000,diesel,honda,no,10.83
21734,5000,small car,manual,102,swift,100000,petrol,suzuki,no,8.17
21735,1200,station wagon,manual,75,others,150000,petrol,citroen,no,17.75
21737,2699,small car,manual,87,yaris,150000,petrol,toyota,no,13.75
21738,2671,station wagon,manual,10,touran,150000,diesel,volkswagen,no,13.67
21739,550,station wagon,manual,121,c_klasse,150000,petrol,mercedes_benz,no,20.33
21740,1699,limousine,manual,107,megane,125000,petrol,renault,no,18.75
21741,3330,station wagon,manual,150,a4,150000,petrol,audi,no,18.92
21742,2499,limousine,automatic,193,a6,150000,lpg,audi,no,17.42
21743,13498,small car,manual,200,2_reihe,60000,petrol,peugeot,no,5.33
21745,23500,station wagon,automatic,239,a6,150000,diesel,audi,no,8.08
21747,4790,limousine,manual,115,a3,150000,petrol,audi,no,12.92
21750,950,limousine,manual,100,golf,150000,petrol,volkswagen,yes,19.25
21751,9990,station wagon,manual,163,5er,150000,diesel,bmw,no,10.83
21752,7990,cabrio,manual,163,a4,150000,petrol,audi,no,14.5
21753,1100,small car,manual,90,corsa,150000,petrol,opel,no,18.17
21754,15300,bus,manual,150,3_reihe,60000,diesel,peugeot,no,8.67
21757,1300,small car,manual,107,clio,150000,petrol,renault,no,17.33
21762,750,small car,manual,58,twingo,150000,petrol,renault,no,16.58
21764,4780,bus,automatic,122,sprinter,150000,diesel,mercedes_benz,no,22.33
21765,8999,bus,manual,128,others,50000,diesel,kia,no,7.17
21766,1300,limousine,manual,75,polo,150000,petrol,volkswagen,no,18.83
21768,3400,limousine,manual,95,a_klasse,150000,petrol,mercedes_benz,no,15.0
21770,990,limousine,manual,90,others,90000,petrol,citroen,no,21.83
21771,4200,small car,manual,102,golf,150000,petrol,volkswagen,no,13.67
21772,13900,coupe,manual,140,scirocco,90000,diesel,volkswagen,no,7.25
21773,1500,limousine,manual,101,astra,150000,petrol,opel,no,17.5
21777,1100,small car,automatic,54,micra,150000,petrol,nissan,no,19.25
21778,1500,station wagon,manual,170,c_klasse,150000,petrol,mercedes_benz,no,20.67
21779,7500,small car,manual,90,corsa,90000,petrol,opel,no,10.5
21780,5500,limousine,manual,115,golf,125000,petrol,volkswagen,no,22.17
21782,2190,small car,manual,58,twingo,150000,petrol,renault,no,11.17
21783,1700,coupe,manual,90,tigra,150000,petrol,opel,no,22.92
21786,2222,limousine,manual,110,others,80000,petrol,opel,no,35.42
21787,8900,station wagon,automatic,232,a6,150000,diesel,audi,no,13.0
21788,9999,limousine,manual,150,3er,80000,petrol,bmw,no,13.58
21789,10760,small car,manual,143,ibiza,80000,diesel,seat,no,8.67
21790,17990,limousine,manual,136,s60,80000,diesel,volvo,no,6.67
21791,5300,small car,manual,75,clio,30000,petrol,renault,no,8.33
21792,520,cabrio,manual,75,golf,150000,petrol,volkswagen,no,24.0
21793,3600,small car,automatic,71,fortwo,125000,petrol,smart,no,11.83
21794,10000,station wagon,manual,200,a4,150000,petrol,audi,no,13.58
21796,9950,limousine,manual,80,golf,80000,petrol,volkswagen,no,8.25
21798,18000,small car,manual,90,a1,40000,diesel,audi,no,4.17
21800,950,limousine,manual,116,3er,150000,petrol,bmw,yes,17.83
21801,1500,cabrio,manual,109,2_reihe,150000,petrol,peugeot,no,17.17
21803,30900,coupe,automatic,184,others,30000,diesel,bmw,no,4.67
21804,749,small car,manual,50,lupo,5000,petrol,volkswagen,yes,18.25
21805,5950,suv,manual,141,tucson,125000,petrol,hyundai,no,13.75
21806,18650,bus,automatic,140,touran,100000,diesel,volkswagen,no,7.08
21807,12800,cabrio,manual,200,a4,100000,petrol,audi,no,11.08
21808,2700,limousine,manual,75,golf,150000,petrol,volkswagen,no,16.83
21809,10399,station wagon,manual,140,passat,150000,diesel,volkswagen,no,9.25
21810,7750,small car,manual,80,golf,70000,petrol,volkswagen,no,8.08
21813,5650,limousine,manual,150,bravo,150000,diesel,fiat,no,10.33
21814,1450,limousine,automatic,136,astra,150000,petrol,opel,no,20.5
21816,1400,limousine,manual,90,ibiza,150000,diesel,seat,no,18.33
21817,1850,station wagon,manual,115,impreza,150000,petrol,subaru,no,21.5
21819,4950,limousine,automatic,354,e_klasse,150000,lpg,mercedes_benz,no,18.17
21820,26999,bus,manual,102,transporter,20000,diesel,volkswagen,no,8.08
21821,4000,cabrio,manual,98,golf,150000,petrol,volkswagen,no,27.0
21822,4444,limousine,manual,109,c_max,150000,diesel,ford,no,9.08
21824,1500,station wagon,manual,111,megane,100000,petrol,renault,yes,12.08
21825,4999,small car,manual,69,polo,60000,petrol,volkswagen,no,11.83
21826,2490,cabrio,manual,193,slk,150000,petrol,mercedes_benz,yes,21.17
21827,7800,cabrio,manual,126,mx_reihe,125000,petrol,mazda,no,11.75
21828,1450,station wagon,manual,101,golf,150000,diesel,volkswagen,no,17.92
21830,9300,station wagon,automatic,163,3er,150000,diesel,bmw,no,12.58
21831,6500,small car,manual,86,fabia,60000,petrol,skoda,no,8.58
21832,4200,limousine,manual,125,astra,150000,petrol,opel,no,13.17
21835,4100,limousine,automatic,102,golf,125000,petrol,volkswagen,no,16.58
21836,1350,station wagon,manual,100,focus,150000,diesel,ford,no,14.33
21838,1950,limousine,manual,105,golf,150000,petrol,volkswagen,no,18.83
21839,11999,station wagon,manual,105,a3,125000,diesel,audi,no,9.0
21840,8700,limousine,manual,122,c_klasse,150000,diesel,mercedes_benz,no,13.0
21841,30000,limousine,manual,184,golf,30000,diesel,volkswagen,no,5.0
21842,59999,suv,manual,122,defender,40000,diesel,land_rover,no,9.0
21843,5500,cabrio,manual,193,slk,150000,petrol,mercedes_benz,no,19.42
21844,4950,limousine,manual,179,golf,150000,petrol,volkswagen,no,17.67
21845,11300,cabrio,automatic,163,slk,100000,petrol,mercedes_benz,no,13.5
21846,15650,station wagon,manual,170,c_klasse,125000,diesel,mercedes_benz,no,8.67
21847,4999,limousine,manual,170,3er,150000,petrol,bmw,no,15.25
21849,8950,station wagon,automatic,163,e_klasse,150000,petrol,mercedes_benz,no,13.67
21850,4900,station wagon,manual,163,a6,150000,diesel,audi,no,15.25
21851,500,limousine,automatic,102,3er,150000,petrol,bmw,yes,22.25
21852,7200,limousine,manual,177,5er,150000,diesel,bmw,no,14.92
21853,14900,station wagon,manual,120,a4,80000,diesel,audi,no,8.83
21854,13900,cabrio,automatic,190,sl,150000,petrol,mercedes_benz,no,42.58
21855,6499,small car,manual,180,3er,150000,petrol,bmw,no,21.67
21857,2450,small car,manual,54,polo,125000,petrol,volkswagen,no,15.25
21858,3999,station wagon,manual,170,4_reihe,150000,diesel,peugeot,no,11.83
21861,7999,bus,manual,102,transporter,150000,diesel,volkswagen,no,16.67
21862,1900,limousine,manual,170,5er,150000,petrol,bmw,no,21.58
21863,1700,station wagon,manual,103,stilo,150000,petrol,fiat,no,14.17
21864,17500,bus,manual,105,touran,125000,diesel,volkswagen,no,6.42
21865,5500,bus,manual,177,verso,150000,diesel,toyota,no,13.92
21867,8900,cabrio,manual,145,focus,70000,petrol,ford,no,11.83
21868,2900,limousine,manual,105,golf,150000,petrol,volkswagen,no,17.25
21873,2900,small car,manual,69,cuore,70000,petrol,daihatsu,yes,9.08
21874,3600,coupe,manual,170,3er,150000,petrol,bmw,no,18.0
21875,6600,limousine,manual,102,a4,150000,petrol,audi,no,11.83
21877,650,bus,automatic,121,carnival,150000,petrol,kia,yes,17.75
21878,12800,limousine,automatic,184,5er,125000,diesel,bmw,no,7.08
21879,8500,small car,manual,87,corsa,50000,petrol,opel,no,5.08
21880,3100,small car,manual,65,punto,100000,petrol,fiat,no,11.25
21881,1100,small car,manual,54,micra,150000,petrol,nissan,no,20.33
21883,4250,station wagon,manual,131,mondeo,150000,diesel,ford,no,12.75
21884,500,small car,automatic,60,polo,150000,petrol,volkswagen,no,21.92
21885,1790,cabrio,automatic,135,megane,150000,petrol,renault,yes,14.83
21886,2290,cabrio,manual,61,fortwo,125000,petrol,smart,no,17.5
21887,1390,limousine,manual,100,golf,150000,petrol,volkswagen,no,19.0
21890,20990,bus,automatic,170,sharan,150000,diesel,volkswagen,no,6.5
21891,25650,station wagon,automatic,184,octavia,60000,diesel,skoda,no,5.67
21894,1450,station wagon,automatic,150,3er,150000,petrol,bmw,no,21.5
21895,11950,station wagon,manual,170,octavia,20000,diesel,skoda,no,7.83
21897,4800,limousine,manual,106,a_klasse,150000,diesel,mercedes_benz,no,12.83
21898,27500,station wagon,automatic,184,5er,70000,diesel,bmw,no,6.17
21899,999,station wagon,manual,136,omega,150000,petrol,opel,no,21.33
21900,1200,small car,manual,150,golf,150000,petrol,volkswagen,yes,20.0
21901,8950,bus,manual,116,b_klasse,150000,petrol,mercedes_benz,no,9.08
21903,1100,station wagon,automatic,125,forester,150000,petrol,subaru,yes,18.08
21904,7490,station wagon,manual,150,c_klasse,150000,diesel,mercedes_benz,no,11.33
21906,35330,coupe,automatic,245,a5,90000,diesel,audi,no,6.0
21907,6400,limousine,manual,116,a_klasse,80000,petrol,mercedes_benz,no,12.58
21908,18250,bus,automatic,224,others,100000,diesel,mercedes_benz,no,9.75
21909,17900,limousine,manual,120,focus,10000,diesel,ford,no,3.75
21910,3500,small car,manual,82,spark,90000,petrol,chevrolet,no,8.17
21919,1890,station wagon,manual,75,fabia,150000,petrol,skoda,no,14.33
21920,2250,station wagon,manual,136,3er,150000,diesel,bmw,no,18.33
21921,950,limousine,manual,75,golf,150000,petrol,volkswagen,no,23.33
21922,1700,small car,manual,58,corsa,125000,petrol,opel,no,19.0
21923,22599,cabrio,automatic,184,slk,30000,petrol,mercedes_benz,no,7.75
21924,3333,bus,manual,116,transporter,150000,petrol,volkswagen,no,18.0
21927,300,small car,automatic,45,micra,125000,petrol,nissan,yes,22.5
21929,3100,limousine,automatic,193,5er,150000,diesel,bmw,no,17.42
21932,4450,small car,manual,90,cooper,150000,petrol,mini,no,13.75
21934,2399,limousine,manual,118,3er,125000,petrol,bmw,no,20.58
21935,3300,small car,manual,70,fiesta,40000,petrol,ford,yes,10.33
21937,1100,bus,manual,110,scenic,150000,diesel,renault,no,17.5
21938,21700,suv,automatic,166,i_reihe,20000,petrol,hyundai,no,4.75
21941,11990,limousine,manual,160,golf,80000,petrol,volkswagen,no,8.83
21942,9000,limousine,automatic,179,a6,150000,diesel,audi,no,14.0
21943,20000,bus,manual,140,transporter,150000,diesel,volkswagen,no,7.67
21944,6900,bus,manual,105,golf,150000,diesel,volkswagen,no,11.33
21945,12950,bus,manual,95,b_klasse,80000,petrol,mercedes_benz,no,7.58
21948,1000,limousine,manual,116,golf,150000,petrol,volkswagen,no,24.92
21949,7500,limousine,manual,160,golf,125000,petrol,volkswagen,no,9.67
21950,1850,coupe,automatic,193,clk,150000,petrol,mercedes_benz,no,20.83
21952,3500,coupe,manual,136,others,150000,petrol,volkswagen,yes,25.67
21954,3500,suv,manual,124,others,100000,petrol,mazda,no,16.25
21955,1690,station wagon,manual,90,focus,150000,diesel,ford,no,15.92
21956,18300,coupe,manual,160,cc,50000,petrol,volkswagen,no,6.08
21958,3350,limousine,manual,102,a3,150000,petrol,audi,no,14.42
21959,5500,cabrio,manual,135,megane,80000,petrol,renault,no,14.0
21963,1200,bus,manual,110,sharan,150000,diesel,volkswagen,no,19.33
21964,27000,coupe,manual,420,m_reihe,80000,petrol,bmw,no,11.75
21968,10490,bus,manual,90,i_reihe,40000,petrol,hyundai,no,6.33
21971,8950,station wagon,manual,150,exeo,100000,petrol,seat,yes,8.17
21973,850,station wagon,manual,101,vectra,150000,petrol,opel,no,20.83
21974,7950,small car,automatic,54,fortwo,50000,diesel,smart,no,7.5
21975,1700,small car,manual,58,clio,100000,petrol,renault,no,19.58
21976,3900,station wagon,manual,131,a4,150000,diesel,audi,no,16.25
21977,750,limousine,manual,75,golf,150000,petrol,volkswagen,no,22.42
21982,9200,limousine,manual,120,others,40000,petrol,alfa_romeo,no,7.42
21983,1500,small car,manual,60,corsa,150000,petrol,opel,no,14.0
21986,1500,bus,automatic,102,scenic,150000,diesel,renault,yes,16.83
21987,1200,station wagon,manual,90,focus,150000,diesel,ford,no,18.17
21988,500,small car,manual,60,punto,150000,petrol,fiat,yes,18.92
21989,3500,station wagon,manual,170,mondeo,150000,petrol,ford,no,17.42
21990,2200,small car,manual,75,2_reihe,150000,petrol,peugeot,no,15.83
21992,2350,limousine,automatic,118,others,150000,petrol,mercedes_benz,no,28.67
21993,12000,station wagon,manual,114,v60,150000,diesel,volvo,no,5.25
21994,14299,limousine,automatic,258,3er,80000,petrol,bmw,no,12.5
21996,1500,station wagon,manual,101,focus,150000,petrol,ford,no,18.17
21997,9850,bus,manual,114,vivaro,125000,diesel,opel,no,11.83
21998,2350,small car,manual,75,corsa,90000,petrol,opel,no,15.75
22001,3680,station wagon,automatic,193,a6,150000,petrol,audi,no,21.0
22002,1900,station wagon,automatic,150,4_reihe,150000,diesel,peugeot,no,13.0
22003,699,bus,manual,133,voyager,150000,petrol,chrysler,no,21.92
22005,6500,station wagon,manual,140,octavia,150000,diesel,skoda,no,11.33
22006,4000,limousine,manual,166,6_reihe,100000,petrol,mazda,no,16.42
22007,1500,limousine,manual,90,vectra,90000,petrol,opel,no,27.5
22009,2890,bus,manual,156,others,150000,diesel,renault,no,14.5
22010,1290,limousine,manual,113,focus,150000,petrol,ford,no,15.5
22011,6500,limousine,automatic,187,others,100000,petrol,kia,no,12.0
22012,4749,station wagon,manual,109,focus,150000,diesel,ford,no,11.5
22015,10200,station wagon,manual,122,octavia,40000,petrol,skoda,no,7.0
22024,13500,coupe,automatic,306,cl,125000,petrol,mercedes_benz,no,13.58
22026,2600,limousine,manual,133,astra,100000,petrol,opel,no,18.5
22029,2000,limousine,manual,131,a4,150000,petrol,audi,yes,17.17
22031,6000,suv,automatic,170,sorento,125000,diesel,kia,yes,9.75
22033,2500,bus,manual,128,others,150000,diesel,citroen,no,15.25
22035,1500,small car,manual,75,golf,150000,petrol,volkswagen,no,21.33
22036,2000,station wagon,manual,70,forfour,150000,diesel,smart,no,12.67
22039,790,limousine,manual,88,3_reihe,125000,petrol,peugeot,no,19.33
22040,5200,small car,automatic,90,yaris,150000,diesel,toyota,no,12.75
22041,14800,station wagon,automatic,170,c_klasse,100000,diesel,mercedes_benz,no,8.08
22043,1200,small car,manual,60,corsa,150000,petrol,opel,no,21.92
22045,3100,cabrio,manual,101,golf,150000,petrol,volkswagen,no,18.42
22046,3950,small car,manual,75,a2,150000,diesel,audi,no,15.33
22047,4999,suv,manual,150,others,150000,petrol,ford,no,12.92
22048,1000,small car,manual,60,punto,150000,petrol,fiat,no,18.92
22049,500,limousine,manual,133,100,150000,lpg,audi,yes,26.42
22050,475,limousine,manual,75,others,150000,petrol,fiat,yes,22.5
22053,1250,limousine,manual,107,megane,150000,petrol,renault,no,18.58
22054,350,limousine,manual,185,900,150000,petrol,saab,yes,23.75
22055,3750,small car,manual,75,focus,100000,petrol,ford,no,14.0
22056,3000,station wagon,automatic,163,a4,150000,diesel,audi,yes,14.83
22058,3950,small car,manual,80,polo,90000,petrol,volkswagen,yes,10.92
22059,1050,small car,manual,56,corsa,125000,petrol,opel,no,18.58
22060,5799,limousine,automatic,231,5er,150000,petrol,bmw,no,16.0
22061,4750,limousine,automatic,344,others,150000,petrol,audi,yes,15.25
22062,14500,limousine,manual,160,golf,80000,petrol,volkswagen,no,8.17
22065,11500,small car,manual,69,corsa,20000,petrol,opel,no,3.25
22066,1300,limousine,manual,170,3er,150000,petrol,bmw,no,20.17
22067,16750,small car,manual,90,a1,50000,diesel,audi,no,4.17
22068,6200,bus,manual,110,caddy,90000,petrol,volkswagen,no,13.33
22069,16490,coupe,automatic,211,golf,80000,petrol,volkswagen,no,8.25
22070,2700,station wagon,manual,116,mondeo,150000,diesel,ford,no,12.42
22071,14999,station wagon,manual,143,a4,100000,diesel,audi,no,9.92
22072,5000,station wagon,manual,140,a6,150000,diesel,audi,yes,13.83
22073,2900,bus,manual,103,espace,150000,petrol,renault,no,19.5
22074,9450,station wagon,manual,105,ibiza,80000,diesel,seat,no,7.17
22076,890,station wagon,manual,122,c_klasse,150000,petrol,mercedes_benz,no,21.0
22078,21000,coupe,manual,385,tt,125000,petrol,audi,yes,12.75
22079,5800,small car,manual,60,corsa,60000,petrol,opel,no,9.33
22081,2790,small car,manual,75,2_reihe,100000,petrol,peugeot,no,15.67
22082,5900,suv,manual,80,jimny,125000,petrol,suzuki,no,17.08
22085,3750,limousine,manual,150,others,125000,petrol,mercedes_benz,no,24.67
22087,3200,limousine,manual,80,fiesta,125000,diesel,ford,no,9.5
22088,34000,station wagon,automatic,245,a4,70000,diesel,audi,no,7.92
22089,990,small car,manual,75,corsa,150000,petrol,opel,no,16.5
22090,21500,station wagon,manual,170,passat,100000,diesel,volkswagen,no,7.92
22091,400,small car,manual,58,twingo,125000,petrol,renault,no,16.0
22092,2900,cabrio,automatic,61,fortwo,150000,petrol,smart,no,15.83
22093,6299,limousine,manual,80,golf,60000,petrol,volkswagen,no,9.92
22094,3950,bus,manual,88,note,150000,petrol,nissan,no,12.25
22095,10749,station wagon,manual,140,caddy,125000,diesel,volkswagen,no,10.25
22096,3450,small car,manual,76,twingo,150000,petrol,renault,no,9.58
22097,10500,limousine,manual,160,golf,90000,petrol,volkswagen,no,8.17
22098,1450,limousine,manual,103,stilo,150000,petrol,fiat,no,14.83
22100,2800,small car,manual,55,fox,150000,petrol,volkswagen,no,9.17
22102,6990,station wagon,manual,109,focus,150000,diesel,ford,no,8.92
22103,4250,limousine,automatic,109,c4,125000,petrol,citroen,no,13.42
22104,13500,station wagon,manual,160,a3,70000,petrol,audi,no,9.83
22107,600,limousine,manual,101,a3,150000,petrol,audi,yes,19.33
22108,1300,bus,automatic,150,others,150000,petrol,honda,no,18.58
22110,2800,station wagon,manual,109,focus,150000,diesel,ford,no,11.58
22111,500,station wagon,automatic,101,polo,150000,petrol,volkswagen,no,19.42
22112,3990,coupe,manual,163,others,150000,petrol,porsche,no,29.75
22113,1199,small car,manual,60,ka,150000,petrol,ford,no,13.17
22114,22700,station wagon,automatic,150,golf,30000,diesel,volkswagen,no,4.42
22116,2500,limousine,automatic,170,a4,150000,lpg,audi,yes,17.0
22117,3950,limousine,automatic,163,5er,150000,diesel,bmw,no,18.75
22118,800,bus,manual,125,zafira,150000,petrol,opel,yes,18.0
22119,12000,suv,manual,122,tiguan,150000,petrol,volkswagen,no,7.33
22121,4550,cabrio,manual,147,astra,125000,petrol,opel,no,15.08
22123,3450,station wagon,manual,155,mondeo,125000,diesel,ford,yes,13.58
22124,8500,suv,manual,150,captiva,150000,diesel,chevrolet,no,8.17
22125,3500,station wagon,automatic,170,c_klasse,150000,diesel,mercedes_benz,no,16.08
22126,1490,bus,manual,145,galaxy,150000,petrol,ford,no,20.92
22127,1000,others,manual,102,3er,125000,petrol,bmw,no,22.33
22128,3999,small car,manual,54,fox,70000,petrol,volkswagen,no,10.83
22132,3000,small car,manual,54,polo,125000,petrol,volkswagen,no,15.92
22133,935,small car,manual,90,civic,125000,petrol,honda,no,23.58
22134,750,small car,manual,60,punto,80000,petrol,fiat,no,20.25
22137,11500,station wagon,manual,150,exeo,90000,petrol,seat,no,8.42
22139,1300,limousine,manual,125,octavia,150000,petrol,skoda,no,20.08
22140,8850,station wagon,automatic,156,c_klasse,150000,petrol,mercedes_benz,no,10.25
22141,10600,limousine,automatic,306,7er,150000,petrol,bmw,no,13.67
22142,3950,small car,manual,75,a2,150000,petrol,audi,no,16.33
22144,1650,cabrio,manual,75,escort,150000,petrol,ford,no,22.0
22146,8200,bus,automatic,150,grand,150000,diesel,chrysler,no,12.0
22147,3500,bus,manual,84,ducato,150000,diesel,fiat,no,17.0
22149,25900,limousine,manual,140,q3,20000,diesel,audi,no,4.75
22151,1675,small car,manual,75,agila,125000,petrol,opel,no,18.58
22152,8900,limousine,manual,200,golf,150000,petrol,volkswagen,no,12.08
22153,170,small car,manual,64,corsa,150000,petrol,opel,yes,21.0
22154,600,limousine,manual,75,escort,60000,petrol,ford,no,23.83
22155,6750,limousine,manual,115,focus,60000,petrol,ford,no,11.92
22157,5432,station wagon,manual,145,focus,90000,petrol,ford,no,13.75
22159,7990,small car,manual,94,swift,40000,petrol,suzuki,no,6.17
22161,1250,small car,manual,105,147,150000,petrol,alfa_romeo,no,17.92
22162,4950,station wagon,manual,75,golf,125000,petrol,volkswagen,no,12.08
22163,3000,limousine,manual,85,astra,90000,petrol,opel,no,17.58
22166,4000,small car,manual,67,i_reihe,40000,petrol,hyundai,no,9.75
22167,24000,limousine,automatic,292,e_klasse,60000,petrol,mercedes_benz,no,7.42
22168,1150,small car,manual,82,a_klasse,150000,petrol,mercedes_benz,no,20.83
22169,1150,small car,automatic,54,fortwo,150000,petrol,smart,no,19.08
22170,600,station wagon,manual,125,passat,150000,petrol,volkswagen,yes,20.5
22171,14950,limousine,manual,177,5er,125000,diesel,bmw,yes,8.08
22172,21999,limousine,manual,179,leon,5000,petrol,seat,no,3.0
22173,1999,small car,manual,69,fiesta,150000,petrol,ford,no,14.0
22174,8299,station wagon,manual,140,passat,150000,diesel,volkswagen,no,8.42
22176,1500,small car,manual,50,polo,150000,petrol,volkswagen,no,17.58
22177,3850,limousine,manual,116,3er,150000,petrol,bmw,no,16.92
22178,3699,limousine,manual,192,3er,150000,petrol,bmw,no,18.0
22179,2600,limousine,manual,131,a4,150000,petrol,audi,no,18.92
22180,4750,limousine,manual,95,a_klasse,125000,petrol,mercedes_benz,no,12.92
22182,1400,coupe,manual,125,cr_reihe,150000,petrol,honda,no,26.5
22183,4500,station wagon,manual,103,materia,125000,petrol,daihatsu,no,11.75
22185,999,limousine,manual,101,vectra,150000,petrol,opel,no,20.5
22186,150,others,manual,60,golf,150000,petrol,volkswagen,yes,24.0
22187,6400,cabrio,automatic,84,fortwo,60000,petrol,smart,no,8.75
22188,4500,cabrio,automatic,71,fortwo,100000,petrol,smart,no,11.42
22191,6299,coupe,manual,192,others,150000,petrol,toyota,no,17.83
22192,1950,limousine,manual,75,golf,125000,petrol,volkswagen,no,19.08
22193,1700,limousine,automatic,250,s60,150000,petrol,volvo,yes,14.92
22194,8700,limousine,manual,163,3er,150000,diesel,bmw,no,10.33
22195,5300,limousine,manual,150,3er,150000,petrol,bmw,no,13.42
22198,4500,bus,automatic,125,zafira,60000,petrol,opel,no,15.25
22199,2300,limousine,manual,102,others,125000,petrol,hyundai,no,16.25
22200,7900,suv,automatic,204,cherokee,90000,petrol,jeep,no,12.67
22201,3990,bus,manual,116,sharan,150000,diesel,volkswagen,no,17.75
22202,3400,station wagon,manual,150,3er,150000,diesel,bmw,no,16.75
22203,5200,small car,manual,73,c2,50000,petrol,citroen,no,11.17
22204,3299,cabrio,manual,116,golf,150000,petrol,volkswagen,no,16.5
22205,3299,cabrio,manual,109,2_reihe,150000,petrol,peugeot,no,14.5
22206,1190,small car,manual,54,twingo,125000,petrol,renault,no,21.83
22207,1250,small car,manual,43,corsa,150000,petrol,opel,yes,17.5
22210,2699,small car,manual,69,polo,150000,diesel,volkswagen,no,12.42
22212,4250,station wagon,manual,105,meriva,150000,petrol,opel,no,10.92
22213,2500,small car,manual,105,golf,125000,petrol,volkswagen,no,20.67
22214,2800,limousine,manual,75,golf,150000,petrol,volkswagen,no,17.25
22216,11150,bus,manual,140,sharan,150000,diesel,volkswagen,no,7.08
22217,550,coupe,manual,90,tigra,150000,petrol,opel,no,22.58
22219,49500,limousine,automatic,400,others,125000,petrol,porsche,no,8.83
22220,3400,bus,manual,68,transporter,150000,diesel,volkswagen,no,22.33
22221,13900,limousine,automatic,170,leon,90000,diesel,seat,no,8.92
22222,7500,bus,automatic,105,golf,150000,diesel,volkswagen,no,11.33
22225,12690,station wagon,automatic,177,5er,150000,diesel,bmw,no,9.08
22228,1750,station wagon,manual,115,mondeo,150000,diesel,ford,yes,17.75
22230,2990,coupe,automatic,132,others,150000,petrol,mercedes_benz,no,27.67
22231,1300,small car,manual,60,ibiza,5000,petrol,seat,no,19.0
22233,200,small car,manual,60,corsa,150000,petrol,opel,yes,22.67
22235,2400,limousine,manual,75,golf,150000,petrol,volkswagen,no,16.42
22236,3990,limousine,automatic,109,a_klasse,150000,diesel,mercedes_benz,yes,11.33
22237,950,small car,manual,75,fiesta,150000,petrol,ford,no,22.5
22239,11900,coupe,automatic,150,others,125000,diesel,mercedes_benz,no,9.17
22240,5800,small car,automatic,71,fortwo,40000,petrol,smart,no,8.42
22241,850,bus,manual,101,others,150000,petrol,mazda,no,20.0
22243,23500,coupe,automatic,343,m_reihe,125000,petrol,bmw,no,14.25
22244,690,limousine,manual,75,golf,150000,petrol,volkswagen,no,22.25
22245,2999,limousine,automatic,326,7er,150000,petrol,bmw,no,20.42
22246,1100,station wagon,manual,107,laguna,150000,petrol,renault,no,19.0
22247,999,small car,manual,58,twingo,150000,petrol,renault,no,15.08
22249,4499,coupe,manual,150,astra,150000,diesel,opel,no,11.33
22250,14900,suv,manual,163,others,125000,diesel,jeep,no,7.42
22252,6800,bus,manual,75,caddy,150000,diesel,volkswagen,no,12.92
22253,4250,bus,manual,90,meriva,100000,petrol,opel,no,13.92
22254,2990,bus,manual,122,vito,150000,diesel,mercedes_benz,no,18.67
22255,10500,bus,manual,109,b_klasse,100000,diesel,mercedes_benz,no,7.5
22256,5990,small car,manual,68,aygo,80000,petrol,toyota,no,7.33
22257,15777,small car,manual,190,beetle,60000,diesel,volkswagen,no,5.25
22258,17400,station wagon,automatic,170,c_klasse,125000,diesel,mercedes_benz,no,8.67
22259,1200,limousine,manual,75,golf,150000,petrol,volkswagen,no,20.0
22261,2750,bus,manual,65,combo,150000,diesel,opel,no,15.33
22262,3950,station wagon,manual,131,passat,150000,diesel,volkswagen,no,14.17
22266,6800,bus,manual,170,altea,150000,diesel,seat,yes,10.08
22268,39600,bus,automatic,179,transporter,90000,diesel,volkswagen,no,6.08
22269,2800,small car,manual,55,polo,150000,petrol,volkswagen,no,12.0
22271,2000,station wagon,manual,102,passat,150000,petrol,volkswagen,no,16.17
22272,6500,station wagon,automatic,204,e_klasse,150000,diesel,mercedes_benz,no,15.92
22275,5990,station wagon,manual,177,3er,150000,diesel,bmw,no,11.92
22277,64280,bus,automatic,204,transporter,5000,diesel,volkswagen,no,2.08
22278,19499,bus,manual,140,sharan,70000,diesel,volkswagen,no,6.08
22279,19000,station wagon,manual,204,3er,90000,diesel,bmw,no,7.92
22281,1950,station wagon,manual,107,laguna,90000,petrol,renault,no,18.0
22282,19900,limousine,automatic,170,e_klasse,90000,diesel,mercedes_benz,no,9.25
22283,20499,limousine,automatic,326,a8,150000,diesel,audi,no,12.5
22288,3700,station wagon,automatic,143,c_klasse,150000,diesel,mercedes_benz,no,14.17
22291,18999,station wagon,manual,143,a4,125000,diesel,audi,no,10.75
22292,1000,limousine,manual,75,megane,100000,petrol,renault,no,20.67
22294,5400,station wagon,automatic,180,a6,150000,diesel,audi,no,16.0
22295,999,small car,automatic,75,golf,150000,petrol,volkswagen,no,24.5
22296,350,small car,manual,75,fiesta,150000,petrol,ford,yes,21.42
22297,7850,bus,manual,90,berlingo,50000,petrol,citroen,no,8.17
22298,38850,cabrio,automatic,245,others,30000,petrol,bmw,no,4.58
22300,2399,small car,manual,65,picanto,150000,petrol,kia,no,15.0
22301,3700,station wagon,manual,150,a6,150000,petrol,audi,no,17.58
22302,300,station wagon,manual,75,polo,150000,petrol,volkswagen,yes,20.25
22303,1150,small car,manual,75,lupo,150000,diesel,volkswagen,no,18.0
22304,1598,cabrio,automatic,136,slk,150000,petrol,mercedes_benz,yes,20.42
22305,6500,coupe,automatic,204,4_reihe,150000,diesel,peugeot,no,11.25
22306,16500,bus,automatic,204,viano,150000,diesel,mercedes_benz,no,12.58
22308,11000,station wagon,manual,140,a4,150000,diesel,audi,no,10.42
22310,380,small car,manual,75,golf,150000,petrol,volkswagen,yes,21.75
22311,9999,suv,automatic,163,xc_reihe,150000,diesel,volvo,no,15.25
22312,2999,coupe,automatic,145,mustang,150000,petrol,ford,no,22.58
22314,1000,small car,manual,75,a_klasse,100000,petrol,mercedes_benz,yes,20.42
22315,2450,bus,manual,91,others,150000,diesel,mercedes_benz,no,16.17
22316,6100,station wagon,manual,197,3er,150000,diesel,bmw,yes,11.42
22317,1300,limousine,manual,116,vectra,150000,petrol,opel,no,20.0
22319,3100,small car,manual,60,corsa,90000,petrol,opel,no,14.0
22320,2500,station wagon,manual,184,vectra,150000,diesel,opel,yes,12.25
22323,2950,small car,manual,86,ibiza,150000,petrol,seat,no,10.42
22324,30900,coupe,automatic,450,others,150000,petrol,audi,no,7.58
22325,1099,station wagon,manual,150,a4,150000,petrol,audi,yes,22.33
22326,30500,cabrio,manual,320,911,100000,petrol,porsche,no,16.5
22327,12950,bus,manual,140,touran,150000,diesel,volkswagen,no,7.08
22328,4990,small car,automatic,83,jazz,80000,petrol,honda,no,13.83
22329,8900,limousine,automatic,150,e_klasse,150000,diesel,mercedes_benz,no,13.17
22330,2400,limousine,manual,125,corsa,150000,petrol,opel,no,14.25
22331,850,limousine,manual,136,e_klasse,150000,diesel,mercedes_benz,no,22.5
22332,2750,limousine,manual,90,leon,5000,diesel,seat,yes,17.75
22333,2900,station wagon,manual,120,astra,150000,diesel,opel,no,12.33
22335,580,limousine,manual,90,golf,150000,diesel,volkswagen,no,20.0
22338,1750,station wagon,manual,73,others,80000,petrol,fiat,no,19.92
22339,1300,station wagon,manual,192,3er,150000,petrol,bmw,no,17.33
22341,1250,small car,manual,75,polo,150000,petrol,volkswagen,yes,22.42
22342,2199,limousine,manual,109,c4,150000,diesel,citroen,no,13.33
22349,700,small car,manual,65,corsa,150000,petrol,opel,no,19.5
22350,9000,limousine,manual,136,focus,150000,diesel,ford,no,9.5
22353,2350,limousine,manual,116,bora,100000,petrol,volkswagen,no,17.75
22354,10280,limousine,automatic,177,a6,125000,petrol,audi,no,12.33
22355,4400,cabrio,manual,150,3er,125000,petrol,bmw,no,21.42
22356,1000,limousine,manual,105,3er,150000,petrol,bmw,yes,20.33
22357,1100,small car,manual,60,polo,150000,petrol,volkswagen,yes,17.33
22361,3800,limousine,manual,143,c_klasse,100000,petrol,mercedes_benz,no,15.08
22362,28400,station wagon,automatic,204,c_klasse,50000,petrol,mercedes_benz,no,6.67
22363,850,small car,manual,58,twingo,150000,petrol,renault,no,17.25
22367,9500,coupe,manual,231,rx_reihe,60000,petrol,mazda,no,11.67
22369,115000,coupe,manual,415,911,70000,petrol,porsche,no,11.58
22370,777,small car,manual,54,others,100000,petrol,citroen,no,21.92
22371,2200,limousine,manual,109,vectra,150000,petrol,opel,no,16.58
22372,3650,small car,manual,86,clio,150000,diesel,renault,no,11.67
22373,11000,coupe,manual,122,scirocco,125000,petrol,volkswagen,no,9.33
22374,3799,small car,manual,95,2_reihe,100000,petrol,peugeot,no,11.67
22375,9500,bus,manual,151,transporter,150000,diesel,volkswagen,no,18.67
22377,2399,small car,manual,75,ibiza,150000,petrol,seat,no,13.67
22378,1600,limousine,manual,82,a_klasse,150000,petrol,mercedes_benz,no,16.0
22379,6050,coupe,automatic,179,others,150000,petrol,mercedes_benz,no,30.25
22380,6300,limousine,manual,105,leon,150000,diesel,seat,no,12.0
22381,13500,suv,manual,136,kuga,70000,diesel,ford,no,9.92
22382,7890,limousine,automatic,193,7er,150000,petrol,bmw,no,18.25
22383,750,limousine,manual,75,focus,150000,petrol,ford,yes,16.92
22384,2222,cabrio,manual,109,2_reihe,150000,petrol,peugeot,no,18.0
22385,8850,station wagon,automatic,163,e_klasse,150000,diesel,mercedes_benz,no,12.75
22386,20000,station wagon,manual,245,3er,150000,diesel,bmw,no,8.33
22387,7699,coupe,manual,136,4_reihe,70000,diesel,peugeot,no,9.17
22388,3800,limousine,manual,116,1er,125000,petrol,bmw,yes,13.33
22393,21900,cabrio,manual,239,boxster,70000,petrol,porsche,no,13.67
22394,3940,bus,manual,88,vito,150000,diesel,mercedes_benz,no,12.42
22395,9800,small car,manual,105,polo,80000,petrol,volkswagen,no,7.17
22396,23800,suv,manual,163,others,50000,diesel,jeep,no,4.08
22397,8399,small car,manual,75,twingo,20000,petrol,renault,no,5.67
22400,250,small car,manual,54,others,150000,petrol,citroen,no,22.33
22401,4500,limousine,manual,90,golf,150000,petrol,volkswagen,no,14.5
22403,1000,limousine,manual,115,6_reihe,150000,petrol,mazda,no,21.75
22404,8600,station wagon,manual,140,mondeo,125000,diesel,ford,no,9.42
22406,7500,suv,automatic,209,xc_reihe,150000,petrol,volvo,no,13.58
22407,1100,small car,manual,60,polo,150000,petrol,volkswagen,no,17.25
22408,12300,limousine,automatic,231,7er,150000,diesel,bmw,no,11.83
22411,2999,bus,manual,120,zafira,150000,diesel,opel,no,12.83
22412,1850,limousine,manual,122,c_klasse,150000,petrol,mercedes_benz,no,22.5
22413,10000,station wagon,manual,258,5er,150000,petrol,bmw,no,13.42
22414,4500,bus,manual,136,touran,150000,diesel,volkswagen,no,15.58
22415,5900,limousine,automatic,320,others,150000,petrol,jaguar,no,22.17
22416,6250,limousine,manual,101,golf,125000,petrol,volkswagen,no,11.83
22418,7500,cabrio,automatic,163,clk,150000,petrol,mercedes_benz,no,18.75
22420,12900,limousine,automatic,177,5er,150000,diesel,bmw,no,11.83
22421,6500,small car,manual,200,cooper,150000,petrol,mini,no,15.08
22422,17500,suv,automatic,197,santa,90000,diesel,hyundai,no,6.42
22424,9990,small car,manual,95,corsa,50000,diesel,opel,no,7.75
22425,8500,limousine,manual,141,qashqai,80000,petrol,nissan,no,10.67
22426,5200,small car,manual,69,ka,70000,petrol,ford,no,8.42
22427,1600,bus,manual,75,combo,150000,diesel,opel,no,10.83
22431,400,small car,manual,44,ka,150000,petrol,ford,yes,21.33
22433,26749,station wagon,manual,184,a3,20000,diesel,audi,no,4.33
22434,5200,limousine,manual,116,golf,150000,petrol,volkswagen,no,14.33
22435,1000,small car,manual,50,arosa,150000,petrol,seat,no,19.58
22438,10499,station wagon,manual,170,3er,150000,petrol,bmw,yes,10.25
22440,1250,limousine,manual,115,focus,150000,diesel,ford,no,16.75
22442,1250,station wagon,manual,116,80,150000,petrol,audi,no,23.75
22443,3990,limousine,automatic,220,others,150000,lpg,ford,yes,39.0
22444,15490,station wagon,manual,163,focus,50000,diesel,ford,no,4.67
22447,10230,limousine,manual,105,golf,125000,diesel,volkswagen,no,6.58
22448,5300,limousine,manual,105,golf,150000,diesel,volkswagen,no,10.08
22449,1800,limousine,manual,150,3er,150000,petrol,bmw,no,21.83
22450,3350,small car,manual,75,polo,150000,diesel,volkswagen,no,14.83
22451,10500,small car,manual,105,ibiza,30000,petrol,seat,no,6.5
22455,1300,small car,manual,55,seicento,150000,petrol,fiat,no,19.33
22457,16999,limousine,manual,110,golf,10000,petrol,volkswagen,no,3.42
22460,8300,bus,manual,131,scenic,100000,petrol,renault,no,8.5
22461,1800,small car,manual,63,punto,125000,petrol,fiat,yes,11.5
22466,1550,coupe,manual,147,astra,150000,petrol,opel,no,17.42
22467,11000,limousine,automatic,231,3er,125000,petrol,bmw,no,13.42
22468,3900,station wagon,manual,111,3_reihe,150000,diesel,peugeot,no,8.67
22471,16200,limousine,automatic,200,others,150000,petrol,ford,no,51.5
22472,6800,bus,manual,105,touran,150000,diesel,volkswagen,no,10.67
22473,300,small car,manual,60,punto,150000,petrol,fiat,no,18.08
22474,6500,limousine,manual,80,golf,125000,petrol,volkswagen,no,9.75
22476,6399,limousine,manual,102,golf,150000,petrol,volkswagen,no,10.42
22478,999,small car,manual,50,arosa,150000,petrol,seat,no,20.0
22482,2500,station wagon,manual,125,a4,150000,petrol,audi,no,22.25
22483,13000,cabrio,manual,98,one,50000,petrol,mini,no,8.92
22485,5450,station wagon,automatic,170,5er,150000,petrol,bmw,no,20.42
22486,950,bus,manual,90,megane,150000,petrol,renault,no,19.25
22488,2650,small car,manual,75,corsa,125000,petrol,opel,no,16.08
22489,15150,bus,manual,105,golf,50000,diesel,volkswagen,no,5.5
22491,3999,limousine,manual,101,golf,150000,diesel,volkswagen,no,15.33
22492,11150,limousine,manual,141,qashqai,80000,petrol,nissan,no,9.17
22493,2350,small car,manual,50,lupo,150000,petrol,volkswagen,no,16.92
22494,14300,station wagon,manual,160,a4,90000,petrol,audi,no,9.25
22496,21999,limousine,automatic,230,golf,80000,petrol,volkswagen,no,5.83
22497,9499,cabrio,manual,163,slk,150000,petrol,mercedes_benz,no,12.75
22498,9900,station wagon,automatic,170,c_klasse,150000,diesel,mercedes_benz,no,10.08
22499,8490,bus,manual,86,roomster,70000,petrol,skoda,no,9.0
22500,2950,small car,manual,75,fox,90000,petrol,volkswagen,no,13.0
22501,3500,bus,manual,57,transporter,125000,diesel,volkswagen,no,27.92
22504,11500,cabrio,automatic,231,sl,150000,petrol,mercedes_benz,yes,23.25
22505,9700,station wagon,manual,116,astra,60000,petrol,opel,no,7.83
22506,14500,cabrio,manual,179,sl,150000,petrol,mercedes_benz,no,32.67
22507,5300,small car,manual,80,polo,90000,petrol,volkswagen,no,11.75
22508,3999,coupe,automatic,170,3er,150000,petrol,bmw,no,18.83
22511,2400,limousine,manual,150,a3,150000,petrol,audi,no,18.5
22514,11400,coupe,automatic,306,clk,125000,petrol,mercedes_benz,no,15.42
22515,3500,small car,manual,75,a2,150000,petrol,audi,no,15.25
22524,18250,limousine,manual,250,focus,60000,petrol,ford,no,6.83
22531,3450,limousine,manual,231,5er,150000,petrol,bmw,no,17.33
22534,500,limousine,automatic,75,golf,150000,petrol,volkswagen,no,25.42
22535,10800,limousine,automatic,231,5er,150000,diesel,bmw,no,12.75
22536,890,station wagon,manual,114,primera,150000,petrol,nissan,no,16.25
22537,1950,limousine,manual,60,jetta,150000,petrol,volkswagen,no,35.5
22539,250,limousine,manual,75,megane,150000,petrol,renault,yes,21.75
22541,11800,limousine,automatic,170,3er,125000,petrol,bmw,no,9.58
22542,10500,cabrio,manual,192,3er,150000,petrol,bmw,no,24.67
22545,6990,small car,manual,75,twingo,30000,petrol,renault,no,5.33
22546,24250,station wagon,manual,180,a3,30000,petrol,audi,no,4.25
22547,5750,limousine,manual,143,lancer,150000,petrol,mitsubishi,no,10.25
22548,800,limousine,manual,116,3er,150000,petrol,bmw,yes,16.67
22550,4999,coupe,manual,102,3er,150000,petrol,bmw,no,19.25
22551,3600,limousine,manual,140,accord,150000,diesel,honda,yes,14.33
22552,12500,limousine,automatic,299,others,80000,petrol,jaguar,no,10.33
22553,950,station wagon,manual,101,astra,150000,diesel,opel,no,16.33
22556,200,small car,manual,60,corsa,150000,petrol,opel,no,22.0
22557,1950,bus,manual,150,espace,150000,diesel,renault,no,14.58
22563,7999,station wagon,automatic,102,a3,40000,petrol,audi,no,13.17
22567,2450,station wagon,manual,131,a4,150000,diesel,audi,no,16.83
22568,14500,cabrio,manual,150,z_reihe,125000,petrol,bmw,no,11.42
22569,5800,cabrio,manual,110,micra,30000,petrol,nissan,no,13.92
22571,25500,suv,automatic,215,xc_reihe,80000,diesel,volvo,no,6.83
22573,1750,limousine,manual,75,others,150000,diesel,mercedes_benz,no,25.75
22574,5200,small car,manual,60,up,90000,petrol,volkswagen,no,6.33
22576,7900,coupe,automatic,143,1er,150000,diesel,bmw,no,9.83
22577,1390,small car,manual,60,polo,150000,petrol,volkswagen,no,19.17
22578,12400,cabrio,automatic,110,megane,150000,diesel,renault,no,9.0
22581,19000,station wagon,manual,110,astra,30000,diesel,opel,no,4.58
22583,600,small car,manual,58,twingo,150000,petrol,renault,yes,21.17
22584,2490,small car,manual,77,others,150000,petrol,fiat,no,12.17
22585,7695,station wagon,manual,90,astra,50000,petrol,opel,no,8.67
22586,1499,others,manual,80,others,150000,diesel,mercedes_benz,no,38.08
22587,3500,small car,automatic,75,lupo,50000,petrol,volkswagen,no,19.0
22590,900,small car,manual,60,ibiza,150000,petrol,seat,no,19.5
22591,8600,station wagon,automatic,205,x_reihe,150000,diesel,bmw,no,15.0
22595,550,small car,manual,80,punto,150000,petrol,fiat,no,17.08
22596,1500,limousine,manual,90,civic,150000,petrol,honda,no,20.25
22598,2699,station wagon,manual,136,passat,150000,diesel,volkswagen,no,14.33
22599,1200,station wagon,manual,101,focus,150000,petrol,ford,no,17.33
22603,2400,station wagon,manual,140,touran,150000,diesel,volkswagen,no,14.92
22604,7200,limousine,automatic,170,a3,150000,diesel,audi,no,12.58
22607,129900,coupe,manual,462,911,40000,petrol,porsche,no,17.17
22608,4350,cabrio,manual,110,2_reihe,80000,petrol,peugeot,no,13.83
22609,9800,bus,manual,116,others,125000,diesel,ford,no,7.58
22610,6400,small car,manual,174,2_reihe,125000,petrol,peugeot,no,11.5
22611,1500,station wagon,automatic,231,5er,150000,petrol,bmw,no,17.5
22612,2500,limousine,manual,105,3er,150000,petrol,bmw,no,17.42
22613,3950,small car,manual,92,swift,150000,petrol,suzuki,no,12.25
22615,18800,limousine,manual,163,c_klasse,125000,diesel,mercedes_benz,no,6.33
22616,1311,limousine,automatic,133,c5,150000,diesel,citroen,no,16.33
22619,600,small car,manual,75,corsa,150000,petrol,opel,yes,15.0
22621,150,small car,manual,44,corsa,125000,petrol,opel,yes,21.42
22622,8900,limousine,manual,192,3er,125000,petrol,bmw,no,14.08
22624,1000,limousine,manual,75,golf,150000,petrol,volkswagen,no,21.83
22625,11890,limousine,manual,140,a6,150000,diesel,audi,no,13.67
22626,8499,station wagon,manual,110,astra,150000,diesel,opel,no,6.08
22627,799,small car,manual,75,ibiza,150000,petrol,seat,no,16.67
22630,17900,cabrio,manual,218,3er,150000,petrol,bmw,no,10.33
22631,6750,limousine,manual,116,1er,150000,petrol,bmw,no,12.08
22632,16950,station wagon,manual,105,a3,60000,diesel,audi,no,6.67
22634,1480,small car,manual,50,lupo,150000,petrol,volkswagen,no,17.0
22635,750,station wagon,manual,105,lybra,150000,diesel,lancia,no,18.0
22638,3500,bus,manual,120,ducato,150000,diesel,fiat,no,10.92
22639,12000,limousine,automatic,185,others,150000,petrol,mercedes_benz,no,41.75
22640,750,station wagon,manual,116,6_reihe,150000,petrol,mazda,no,19.92
22642,1300,limousine,manual,102,a_klasse,150000,petrol,mercedes_benz,no,18.58
22645,7990,cabrio,manual,110,mx_reihe,30000,petrol,mazda,no,17.75
22646,750,station wagon,manual,60,caddy,150000,petrol,volkswagen,no,19.42
22647,9200,station wagon,manual,170,a3,125000,diesel,audi,no,12.25
22648,9299,limousine,manual,122,golf,80000,petrol,volkswagen,no,9.58
22649,8000,station wagon,manual,105,passat,150000,diesel,volkswagen,no,8.5
22650,7200,station wagon,automatic,170,c_klasse,150000,diesel,mercedes_benz,no,14.58
22651,1750,coupe,manual,150,3er,150000,petrol,bmw,no,26.5
22652,11700,suv,manual,173,x_trail,125000,diesel,nissan,no,9.17
22653,1750,small car,manual,75,clio,70000,petrol,renault,no,16.92
22657,9900,limousine,manual,122,1er,60000,petrol,bmw,no,9.08
22662,840,small car,manual,34,kaefer,10000,petrol,volkswagen,yes,42.25
22663,5000,small car,manual,80,polo,70000,petrol,volkswagen,no,11.92
22664,8000,limousine,manual,150,x_reihe,150000,diesel,bmw,no,13.08
22665,3499,limousine,manual,116,a_klasse,150000,petrol,mercedes_benz,no,13.83
22667,1499,limousine,automatic,170,5er,150000,petrol,bmw,no,21.58
22668,4250,cabrio,manual,120,megane,150000,diesel,renault,no,14.33
22669,9990,limousine,manual,103,qashqai,90000,diesel,nissan,no,9.25
22672,12900,limousine,automatic,272,s_klasse,150000,petrol,mercedes_benz,no,11.08
22674,21000,limousine,automatic,170,passat,70000,diesel,volkswagen,no,6.08
22675,5900,station wagon,manual,192,3er,150000,petrol,bmw,no,17.0
22676,4550,cabrio,manual,143,3er,150000,petrol,bmw,no,16.5
22677,7300,cabrio,automatic,84,fortwo,60000,petrol,smart,no,8.17
22678,13500,limousine,automatic,156,c_klasse,125000,petrol,mercedes_benz,no,10.92
22680,1550,small car,manual,75,corsa,150000,petrol,opel,no,17.08
22681,40999,limousine,automatic,360,a_klasse,40000,petrol,mercedes_benz,no,5.75
22682,2000,station wagon,manual,90,focus,150000,diesel,ford,no,13.67
22683,17100,suv,manual,122,tiguan,30000,petrol,volkswagen,no,4.33
22684,11500,cabrio,manual,69,500,5000,petrol,fiat,no,3.75
22686,24000,bus,automatic,180,transporter,150000,diesel,volkswagen,no,8.0
22688,16390,suv,automatic,218,x_reihe,100000,diesel,bmw,no,11.25
22689,3700,station wagon,manual,110,a4,150000,diesel,audi,no,19.17
22690,11500,station wagon,automatic,174,clubman,125000,petrol,mini,no,10.25
22693,9500,station wagon,automatic,170,3er,125000,petrol,bmw,no,15.67
22694,2150,limousine,automatic,132,e_klasse,150000,petrol,mercedes_benz,no,29.92
22697,800,small car,manual,60,1_reihe,125000,petrol,peugeot,no,20.08
22698,25999,coupe,manual,250,mustang,5000,petrol,ford,no,53.58
22699,11000,limousine,automatic,177,5er,150000,diesel,bmw,no,13.17
22700,3999,station wagon,manual,177,5er,150000,diesel,bmw,no,14.83
22704,2199,small car,manual,59,fiesta,150000,petrol,ford,no,15.33
22705,800,station wagon,manual,90,passat,150000,petrol,volkswagen,yes,24.25
22706,999,small car,automatic,60,polo,125000,petrol,volkswagen,no,23.0
22707,2600,station wagon,manual,131,a6,150000,diesel,audi,no,14.83
22708,10500,coupe,automatic,218,crossfire,90000,petrol,chrysler,no,11.67
22709,9440,small car,manual,101,corsa,40000,petrol,opel,no,4.42
22710,12499,bus,manual,175,s_max,125000,diesel,ford,no,9.25
22711,500,small car,manual,60,corsa,150000,petrol,opel,no,21.25
22712,8500,small car,manual,87,corsa,20000,petrol,opel,no,7.25
22715,300,station wagon,manual,115,vectra,150000,petrol,opel,yes,19.25
22716,4650,bus,manual,73,others,90000,petrol,citroen,no,8.33
22717,7600,limousine,manual,101,auris,80000,petrol,toyota,no,8.58
22719,6900,cabrio,manual,150,e_klasse,150000,petrol,mercedes_benz,no,23.5
22720,999,station wagon,manual,101,golf,150000,petrol,volkswagen,no,18.5
22722,24850,limousine,automatic,265,e_klasse,150000,diesel,mercedes_benz,no,7.0
22724,11799,station wagon,manual,252,a4,150000,diesel,audi,no,13.25
22726,1111,small car,manual,39,others,150000,petrol,fiat,no,21.42
22728,1550,limousine,manual,75,golf,80000,petrol,volkswagen,no,15.42
22729,6600,small car,manual,69,500,60000,petrol,fiat,no,11.0
22730,7999,small car,manual,95,one,80000,petrol,mini,no,10.42
22731,550,cabrio,manual,75,astra,150000,petrol,opel,yes,21.25
22733,8750,small car,manual,90,rio,90000,diesel,kia,no,6.58
22734,990,limousine,manual,103,carisma,150000,petrol,mitsubishi,yes,18.25
22735,2290,limousine,manual,143,3er,150000,petrol,bmw,no,17.0
22736,25200,coupe,manual,143,a5,50000,diesel,audi,no,6.92
22737,1650,small car,manual,75,corsa,125000,petrol,opel,no,16.25
22739,3200,bus,manual,163,espace,150000,lpg,renault,no,16.83
22741,8500,station wagon,manual,163,c5,150000,diesel,citroen,no,8.58
22742,2150,small car,manual,75,yaris,150000,diesel,toyota,no,14.92
22743,2000,small car,manual,60,fiesta,150000,petrol,ford,yes,12.25
22748,15900,suv,manual,140,yeti,80000,diesel,skoda,no,7.75
22750,1499,bus,manual,75,kangoo,90000,petrol,renault,no,19.75
22751,2890,limousine,manual,170,3er,150000,petrol,bmw,no,17.67
22752,3750,limousine,manual,110,a3,150000,diesel,audi,no,17.08
22753,400,limousine,manual,115,mondeo,150000,petrol,ford,no,25.58
22754,6350,limousine,manual,101,focus,50000,petrol,ford,no,10.25
22755,5400,station wagon,manual,170,passat,150000,diesel,volkswagen,no,12.92
22756,4899,limousine,automatic,163,3er,5000,diesel,bmw,no,13.92
22758,500,small car,manual,60,ka,150000,petrol,ford,no,15.25
22759,4100,suv,manual,141,tucson,150000,lpg,hyundai,no,10.75
22762,4500,limousine,automatic,140,c5,150000,lpg,citroen,no,11.75
22763,1499,station wagon,manual,150,a6,150000,diesel,audi,yes,18.25
22764,5300,bus,manual,129,sprinter,150000,diesel,mercedes_benz,no,11.17
22765,4350,limousine,manual,75,golf,150000,petrol,volkswagen,yes,13.67
22767,16499,station wagon,automatic,245,3er,125000,diesel,bmw,no,8.33
22768,500,station wagon,automatic,143,e_klasse,150000,diesel,mercedes_benz,no,18.83
22769,7900,small car,manual,90,yaris,70000,diesel,toyota,no,7.33
22771,5999,bus,manual,95,vito,150000,diesel,mercedes_benz,no,10.08
22772,33400,bus,manual,179,transporter,80000,diesel,volkswagen,no,7.83
22774,3500,station wagon,manual,131,passat,150000,diesel,volkswagen,no,14.58
22775,1600,bus,manual,125,others,150000,petrol,honda,no,17.67
22776,15900,station wagon,automatic,232,a6,125000,diesel,audi,no,11.58
22777,2299,limousine,manual,90,golf,150000,diesel,volkswagen,no,18.42
22778,8650,small car,manual,90,corsa,80000,petrol,opel,no,9.83
22781,1500,station wagon,manual,90,focus,150000,diesel,ford,no,17.17
22783,16490,station wagon,manual,205,v70,125000,diesel,volvo,no,9.83
22784,16960,suv,manual,122,tiguan,30000,petrol,volkswagen,no,5.5
22785,1599,coupe,manual,116,astra,150000,petrol,opel,no,18.33
22787,850,cabrio,manual,101,golf,150000,petrol,volkswagen,no,22.58
22789,750,small car,manual,45,fiesta,125000,petrol,ford,no,20.5
22790,2599,limousine,manual,116,3er,150000,petrol,bmw,no,16.17
22791,2950,others,manual,77,transporter,150000,diesel,volkswagen,no,23.92
22792,2380,bus,manual,116,sharan,150000,diesel,volkswagen,no,18.75
22793,850,station wagon,manual,107,laguna,150000,petrol,renault,no,17.67
22794,15000,limousine,manual,163,3er,150000,diesel,bmw,no,8.92
22796,2222,limousine,automatic,125,e_klasse,150000,diesel,mercedes_benz,no,20.67
22799,4800,others,manual,69,transporter,150000,diesel,volkswagen,no,38.0
22801,777,small car,manual,60,corsa,150000,petrol,opel,no,20.5
22802,2700,station wagon,manual,131,golf,150000,diesel,volkswagen,no,17.83
22803,4399,station wagon,manual,192,3er,150000,petrol,bmw,no,15.83
22804,2850,station wagon,automatic,116,c_klasse,150000,diesel,mercedes_benz,no,15.42
22806,2499,small car,manual,80,micra,125000,petrol,nissan,yes,14.33
22808,6999,cabrio,manual,192,z_reihe,150000,petrol,bmw,no,15.25
22809,16900,station wagon,automatic,239,a6,150000,diesel,audi,no,10.0
22810,1200,small car,manual,75,clio,125000,petrol,renault,yes,15.0
22812,32499,suv,manual,122,defender,90000,diesel,land_rover,no,8.5
22815,1999,station wagon,automatic,131,passat,150000,diesel,volkswagen,no,15.5
22817,200,small car,manual,68,swift,150000,petrol,suzuki,yes,19.42
22818,3000,cabrio,manual,193,slk,150000,petrol,mercedes_benz,no,19.33
22819,3190,bus,manual,94,combo,150000,cng,opel,no,13.0
22820,3500,small car,manual,80,fiesta,150000,petrol,ford,no,13.0
22821,25499,limousine,automatic,408,5er,150000,petrol,bmw,no,8.67
22825,700,small car,manual,60,polo,150000,petrol,volkswagen,no,22.5
22826,950,station wagon,manual,116,v40,150000,petrol,volvo,no,20.25
22827,15600,limousine,automatic,211,golf,70000,petrol,volkswagen,no,8.33
22828,6850,limousine,manual,116,1er,80000,petrol,bmw,no,13.17
22829,3600,small car,manual,122,c2,125000,petrol,citroen,no,13.25
22831,1799,small car,manual,58,corsa,150000,petrol,opel,no,17.17
22832,4590,station wagon,manual,136,4_reihe,150000,diesel,peugeot,no,13.67
22833,4200,station wagon,manual,179,a4,150000,diesel,audi,no,14.08
22834,1790,limousine,manual,116,80,150000,petrol,audi,no,24.67
22835,22900,limousine,automatic,170,q5,150000,diesel,audi,no,9.0
22838,1800,bus,manual,87,others,150000,diesel,mitsubishi,no,17.58
22840,2400,limousine,manual,176,5er,150000,petrol,bmw,no,22.0
22843,13100,cabrio,manual,163,a4,90000,petrol,audi,no,12.42
22847,6499,small car,manual,69,corsa,60000,petrol,opel,no,8.67
22849,14500,suv,automatic,239,q5,60000,diesel,audi,no,7.5
22850,17900,limousine,manual,170,a5,150000,diesel,audi,no,8.83
22853,5990,limousine,manual,160,golf,150000,petrol,volkswagen,no,9.58
22854,23999,suv,automatic,204,touareg,150000,diesel,volkswagen,no,8.0
22855,8700,station wagon,manual,105,focus,100000,petrol,ford,no,7.67
22857,399,limousine,manual,80,others,100000,petrol,fiat,no,17.33
22858,1900,limousine,manual,105,golf,150000,petrol,volkswagen,no,18.33
22859,2200,limousine,manual,150,golf,150000,diesel,volkswagen,no,17.92
22863,13800,limousine,manual,125,a3,90000,petrol,audi,no,7.25
22864,3000,bus,automatic,110,zafira,100000,diesel,opel,yes,9.75
22865,299,coupe,manual,75,vectra,30000,petrol,opel,no,20.5
22866,1999,limousine,manual,150,3er,150000,petrol,bmw,no,19.33
22869,1750,limousine,manual,192,3er,150000,petrol,bmw,no,25.25
22871,6380,limousine,automatic,140,golf,150000,diesel,volkswagen,no,13.83
22874,11500,cabrio,manual,192,3er,150000,petrol,bmw,no,15.33
22876,1500,small car,manual,75,2_reihe,150000,petrol,peugeot,no,18.67
22877,23999,suv,manual,163,amarok,60000,diesel,volkswagen,no,7.25
22880,4999,station wagon,manual,105,golf,150000,diesel,volkswagen,no,9.33
22881,10450,limousine,manual,215,focus,150000,petrol,ford,no,15.58
22882,2200,limousine,automatic,116,3er,150000,petrol,bmw,no,17.67
22883,4500,limousine,manual,255,a6,150000,petrol,audi,no,14.92
22885,4500,limousine,manual,140,a_klasse,150000,diesel,mercedes_benz,no,13.5
22886,7800,limousine,automatic,163,e_klasse,150000,lpg,mercedes_benz,no,14.08
22887,1650,limousine,manual,116,golf,150000,petrol,volkswagen,no,24.5
22888,14000,limousine,automatic,190,a4,150000,diesel,audi,no,10.42
22889,9500,limousine,manual,102,beetle,70000,petrol,volkswagen,no,8.67
22890,5800,limousine,manual,44,kaefer,150000,petrol,volkswagen,no,46.33
22891,890,limousine,manual,116,astra,150000,petrol,opel,no,20.75
22892,4900,cabrio,manual,90,tigra,125000,petrol,opel,no,13.58
22893,9500,station wagon,automatic,224,a6,150000,diesel,audi,no,12.08
22894,2299,station wagon,manual,102,a3,150000,petrol,audi,no,16.5
22895,890,small car,manual,55,twingo,150000,petrol,renault,no,13.33
22897,9000,limousine,manual,179,a4,150000,diesel,audi,no,12.58
22898,750,small car,manual,60,punto,150000,petrol,fiat,no,17.25
22899,700,small car,manual,75,corsa,150000,petrol,opel,yes,17.33
22900,5999,cabrio,automatic,84,fortwo,50000,petrol,smart,no,10.42
22903,10900,station wagon,automatic,170,superb,150000,diesel,skoda,no,9.0
22905,2200,limousine,manual,100,focus,150000,petrol,ford,no,17.0
22906,2450,small car,manual,55,clio,90000,petrol,renault,no,15.33
22907,2800,limousine,manual,82,a_klasse,80000,petrol,mercedes_benz,no,19.08
22909,850,station wagon,manual,60,astra,150000,petrol,opel,no,21.5
22910,3000,limousine,manual,170,3er,150000,petrol,bmw,no,19.08
22912,1850,limousine,automatic,144,omega,100000,petrol,opel,yes,18.17
22913,7950,coupe,automatic,218,clk,150000,petrol,mercedes_benz,no,15.83
22914,3950,bus,manual,101,touran,150000,diesel,volkswagen,no,15.75
22915,1750,limousine,manual,150,a3,150000,petrol,audi,yes,21.75
22916,500,limousine,manual,60,golf,150000,petrol,volkswagen,no,21.92
22917,1750,small car,manual,101,3_reihe,150000,diesel,mazda,no,15.17
22918,6800,coupe,manual,200,others,125000,petrol,nissan,no,18.17
22919,5600,small car,manual,109,i_reihe,50000,petrol,hyundai,no,9.25
22921,1100,limousine,automatic,101,bora,150000,petrol,volkswagen,yes,19.17
22923,1750,limousine,manual,100,astra,150000,petrol,opel,no,19.67
22924,7300,others,manual,163,others,150000,diesel,volkswagen,no,10.5
22926,7600,suv,manual,150,antara,125000,diesel,opel,no,11.25
22927,2999,station wagon,manual,130,a4,150000,diesel,audi,yes,15.42
22928,1150,station wagon,manual,90,focus,150000,diesel,ford,no,18.08
22930,1200,limousine,manual,125,a4,150000,petrol,audi,no,21.42
22931,650,small car,manual,60,punto,150000,petrol,fiat,no,18.17
22933,2000,small car,automatic,54,fortwo,80000,petrol,smart,no,17.92
22935,6200,limousine,automatic,140,a3,150000,diesel,audi,no,12.33
22937,1100,station wagon,manual,116,focus,150000,petrol,ford,no,19.75
22938,200,station wagon,manual,115,focus,150000,petrol,ford,yes,19.0
22939,5499,small car,manual,95,colt,100000,petrol,mitsubishi,no,8.42
22940,13950,small car,automatic,174,cooper,90000,petrol,mini,no,9.25
22941,1050,station wagon,manual,122,c_klasse,150000,petrol,mercedes_benz,no,18.67
22942,1150,small car,manual,60,lupo,150000,petrol,volkswagen,no,17.67
22944,8950,small car,manual,69,1_reihe,20000,petrol,peugeot,no,4.67
22946,11450,cabrio,manual,116,cooper,70000,petrol,mini,no,10.33
22947,5000,small car,manual,174,golf,30000,petrol,volkswagen,no,22.25
22950,5500,limousine,manual,102,golf,125000,petrol,volkswagen,no,14.83
22952,12250,station wagon,automatic,224,c_klasse,150000,diesel,mercedes_benz,no,10.5
22953,1800,bus,manual,95,musa,150000,petrol,lancia,no,13.75
22954,8300,limousine,manual,224,a6,150000,diesel,audi,no,13.92
22956,9200,limousine,automatic,150,e_klasse,125000,diesel,mercedes_benz,no,15.5
22957,1990,station wagon,manual,101,focus,150000,petrol,ford,no,14.25
22958,750,coupe,manual,116,astra,150000,petrol,opel,yes,17.08
22960,9900,station wagon,automatic,179,a6,150000,diesel,audi,no,11.83
22961,1150,bus,manual,147,zafira,150000,petrol,opel,no,17.08
22964,1900,limousine,manual,116,3er,150000,petrol,bmw,no,20.25
22966,900,coupe,manual,90,3er,150000,petrol,bmw,no,21.0
22968,2650,station wagon,manual,193,a6,150000,petrol,audi,no,19.25
22969,3300,limousine,manual,129,c_klasse,150000,petrol,mercedes_benz,no,17.83
22971,200,station wagon,manual,90,escort,150000,petrol,ford,yes,23.0
22973,12430,bus,manual,131,transporter,150000,diesel,volkswagen,no,10.17
22974,14390,bus,manual,110,others,30000,petrol,nissan,no,5.25
22975,500,small car,manual,116,focus,150000,petrol,ford,no,19.17
22977,2300,coupe,manual,133,others,150000,petrol,audi,no,29.0
22978,7150,limousine,manual,231,3er,150000,diesel,bmw,no,11.58
22979,1900,small car,manual,68,c2,150000,diesel,citroen,no,14.25
22980,17500,coupe,automatic,241,scirocco,80000,petrol,volkswagen,no,9.42
22981,30000,station wagon,automatic,245,a4,80000,diesel,audi,no,6.75
22982,6990,small car,manual,60,citigo,40000,petrol,skoda,no,6.58
22984,8800,cabrio,manual,231,z_reihe,150000,petrol,bmw,no,15.67
22985,15690,suv,manual,163,i_reihe,50000,petrol,hyundai,no,7.17
22986,27500,suv,automatic,285,x_reihe,150000,diesel,bmw,no,9.25
22987,1200,station wagon,manual,90,passat,150000,diesel,volkswagen,no,24.75
22989,5500,station wagon,manual,165,astra,30000,diesel,opel,yes,6.25
22991,6999,coupe,manual,122,1er,150000,petrol,bmw,no,10.58
22992,1050,small car,manual,60,punto,150000,petrol,fiat,no,18.25
22993,500,limousine,manual,99,primera,150000,petrol,nissan,no,19.58
22995,3999,cabrio,manual,34,kaefer,30000,petrol,volkswagen,no,34.0
22997,1500,small car,manual,87,meriva,50000,petrol,opel,no,13.5
22998,1300,cabrio,manual,75,golf,150000,petrol,volkswagen,no,24.25
23000,6350,limousine,automatic,140,golf,150000,diesel,volkswagen,no,13.92
23001,1649,small car,manual,58,clio,125000,petrol,renault,no,18.67
23002,7500,station wagon,manual,140,a3,150000,diesel,audi,no,11.83
23003,1490,station wagon,manual,116,golf,150000,petrol,volkswagen,no,18.67
23006,990,small car,manual,58,twingo,150000,petrol,renault,no,19.17
23007,799,station wagon,manual,116,mondeo,150000,diesel,ford,no,17.83
23008,1995,limousine,manual,116,focus,150000,petrol,ford,no,18.25
23009,3300,small car,manual,92,swift,125000,petrol,suzuki,no,13.42
23010,850,small car,manual,68,fiesta,150000,diesel,ford,yes,15.58
23011,6995,station wagon,manual,163,3er,150000,diesel,bmw,no,12.83
23012,1100,limousine,manual,77,others,100000,diesel,rover,no,20.33
23013,9700,limousine,manual,150,3er,100000,petrol,bmw,no,12.83
23014,6900,limousine,manual,163,3er,150000,diesel,bmw,no,11.08
23015,9999,limousine,automatic,218,3er,150000,petrol,bmw,no,13.67
23016,3500,bus,manual,116,focus,150000,petrol,ford,no,13.08
23017,450,limousine,manual,119,vectra,5000,petrol,opel,no,20.33
23018,2200,bus,manual,98,v_klasse,150000,diesel,mercedes_benz,no,21.17
23020,10500,station wagon,manual,122,passat,60000,petrol,volkswagen,no,8.83
23022,5990,small car,manual,77,i_reihe,80000,petrol,hyundai,no,8.42
23023,3700,station wagon,automatic,143,c_klasse,150000,petrol,mercedes_benz,no,15.75
23024,8999,limousine,manual,226,focus,150000,petrol,ford,no,12.5
23025,800,station wagon,manual,101,vectra,150000,diesel,opel,no,17.33
23026,6750,limousine,manual,116,a_klasse,90000,petrol,mercedes_benz,no,12.17
23029,33980,coupe,manual,230,tt,20000,petrol,audi,no,5.0
23032,900,limousine,manual,72,astra,125000,petrol,opel,yes,22.08
23033,8349,cabrio,manual,200,a4,10000,diesel,audi,no,15.58
23035,2100,station wagon,automatic,193,5er,150000,petrol,bmw,no,20.17
23036,2000,small car,manual,75,clio,150000,petrol,renault,no,18.92
23037,5699,bus,automatic,150,zafira,150000,diesel,opel,no,11.33
23038,1000,station wagon,automatic,131,mondeo,150000,diesel,ford,no,16.5
23039,13900,coupe,automatic,272,others,125000,petrol,mercedes_benz,no,14.92
23040,1000,limousine,manual,170,3er,150000,petrol,bmw,no,20.25
23041,33900,limousine,automatic,190,5er,10000,diesel,bmw,no,3.08
23042,1500,small car,manual,58,twingo,70000,petrol,renault,no,18.58
23043,18999,bus,manual,174,transporter,150000,diesel,volkswagen,no,9.42
23044,2389,limousine,manual,109,a_klasse,90000,diesel,mercedes_benz,no,14.92
23045,3900,station wagon,manual,64,fabia,125000,petrol,skoda,no,11.58
23046,9800,small car,manual,86,polo,60000,petrol,volkswagen,no,9.0
23048,5500,small car,manual,83,jazz,90000,petrol,honda,no,11.58
23049,3600,bus,manual,116,alhambra,150000,diesel,seat,no,17.83
23050,4950,suv,automatic,178,cherokee,150000,petrol,jeep,no,20.25
23053,600,coupe,manual,163,others,150000,petrol,ford,yes,25.92
23054,6999,station wagon,manual,110,astra,125000,diesel,opel,no,11.0
23055,2900,bus,manual,150,vito,150000,diesel,mercedes_benz,no,14.25
23057,8900,small car,manual,69,1_reihe,5000,petrol,peugeot,no,4.92
23058,16500,limousine,manual,170,golf,100000,diesel,volkswagen,no,7.5
23059,4900,station wagon,manual,105,golf,150000,diesel,volkswagen,no,10.75
23062,400,small car,manual,75,golf,150000,diesel,volkswagen,yes,26.83
23063,2300,small car,manual,69,punto,150000,diesel,fiat,no,14.5
23064,1350,station wagon,manual,75,others,150000,petrol,citroen,no,18.25
23065,2850,station wagon,manual,113,megane,125000,petrol,renault,no,14.33
23066,6250,limousine,automatic,258,a6,150000,petrol,audi,no,10.08
23068,1200,small car,manual,55,punto,150000,petrol,fiat,yes,15.08
23070,12300,station wagon,manual,170,exeo,90000,diesel,seat,no,8.5
23071,900,small car,manual,60,lupo,150000,petrol,volkswagen,no,16.08
23073,1700,small car,manual,60,fabia,150000,petrol,skoda,no,16.67
23074,1100,small car,manual,60,polo,150000,petrol,volkswagen,no,21.67
23075,1150,small car,manual,58,twingo,150000,petrol,renault,no,16.75
23076,2100,limousine,manual,82,a_klasse,125000,petrol,mercedes_benz,no,16.0
23078,13500,suv,automatic,224,touareg,150000,diesel,volkswagen,no,11.08
23079,4300,coupe,manual,169,others,125000,petrol,nissan,no,26.5
23080,3950,small car,manual,56,twingo,150000,lpg,renault,no,8.83
23081,3000,limousine,manual,80,focus,100000,petrol,ford,no,13.5
23083,820,limousine,manual,90,megane,150000,petrol,renault,no,21.33
23084,2400,station wagon,manual,109,3_reihe,150000,diesel,peugeot,no,15.0
23085,3000,station wagon,automatic,211,signum,150000,petrol,opel,no,15.67
23086,11000,bus,manual,109,c_max,30000,diesel,ford,no,10.0
23087,1000,station wagon,manual,110,avensis,150000,diesel,toyota,yes,16.33
23088,600,station wagon,manual,91,others,100000,petrol,lada,no,16.08
23089,9500,station wagon,manual,140,passat,150000,diesel,volkswagen,no,10.92
23090,12400,suv,automatic,218,others,150000,diesel,jeep,no,12.0
23091,16999,station wagon,manual,143,a4,80000,diesel,audi,no,7.25
23092,11900,suv,automatic,340,cayenne,150000,petrol,porsche,no,13.42
23093,2800,limousine,manual,90,3_reihe,150000,diesel,peugeot,no,12.92
23094,8500,bus,manual,102,golf,70000,petrol,volkswagen,no,8.08
23095,3300,small car,manual,60,ibiza,125000,petrol,seat,no,10.17
23096,999,small car,manual,55,twingo,150000,petrol,renault,no,19.58
23097,6900,station wagon,automatic,136,v50,150000,diesel,volvo,no,10.42
23098,6500,suv,automatic,155,santa,150000,diesel,hyundai,no,11.58
23099,990,small car,manual,82,colt,125000,petrol,mitsubishi,no,15.5
23100,12500,coupe,automatic,272,others,150000,petrol,mercedes_benz,no,9.17
23101,4300,limousine,manual,116,3er,150000,petrol,bmw,no,14.83
23102,1599,limousine,manual,150,5er,150000,petrol,bmw,no,21.25
23103,27990,limousine,automatic,184,x_reihe,150000,diesel,bmw,no,6.75
23104,2700,station wagon,manual,116,mondeo,150000,diesel,ford,no,12.83
23105,2345,limousine,manual,118,3er,150000,petrol,bmw,no,20.83
23106,5950,limousine,automatic,280,others,150000,petrol,audi,no,26.25
23110,5999,station wagon,manual,110,mondeo,70000,petrol,ford,no,11.25
23113,1400,limousine,manual,101,a4,150000,petrol,audi,no,22.67
23114,8500,station wagon,automatic,233,a4,150000,diesel,audi,no,12.75
23119,6700,small car,manual,75,2_reihe,125000,petrol,peugeot,no,7.5
23120,1500,limousine,manual,105,astra,150000,petrol,opel,yes,19.5
23121,8300,limousine,manual,280,golf,150000,petrol,volkswagen,no,14.0
23123,2999,station wagon,manual,101,passat,150000,diesel,volkswagen,no,15.33
23126,3450,station wagon,manual,110,octavia,150000,diesel,skoda,no,14.42
23127,800,limousine,manual,139,others,90000,petrol,hyundai,no,16.75
23129,500,limousine,manual,90,escort,80000,petrol,ford,yes,19.08
23130,9399,station wagon,manual,125,mondeo,100000,petrol,ford,no,9.33
23131,230,small car,manual,54,micra,150000,petrol,nissan,no,23.42
23132,2300,small car,manual,60,2_reihe,70000,petrol,peugeot,no,15.0
23133,1699,limousine,manual,101,astra,150000,petrol,opel,no,19.92
23135,7600,limousine,automatic,231,5er,150000,petrol,bmw,no,17.83
23137,450,limousine,manual,75,golf,150000,petrol,volkswagen,no,23.58
23138,8675,coupe,manual,231,3er,125000,petrol,bmw,no,17.33
23139,64000,coupe,manual,345,911,20000,petrol,porsche,no,7.58
23141,1380,coupe,manual,86,colt,150000,petrol,mitsubishi,no,16.17
23142,3400,bus,manual,84,doblo,150000,diesel,fiat,no,11.0
23143,6300,cabrio,automatic,193,c_reihe,150000,petrol,volvo,no,17.08
23144,1990,station wagon,manual,121,ptcruiser,150000,diesel,chrysler,no,16.25
23145,2500,small car,manual,54,fox,125000,petrol,volkswagen,no,12.42
23146,2000,small car,manual,75,fabia,150000,petrol,skoda,no,13.58
23147,3250,station wagon,manual,150,signum,150000,diesel,opel,no,13.33
23148,1250,small car,manual,45,polo,150000,petrol,volkswagen,no,22.92
23149,3500,cabrio,automatic,150,passat,150000,petrol,volkswagen,no,15.33
23151,4700,bus,manual,143,touran,150000,diesel,volkswagen,no,13.5
23158,700,station wagon,manual,150,a4,150000,petrol,audi,yes,22.08
23160,6100,suv,automatic,234,others,150000,lpg,nissan,no,12.5
23161,600,small car,manual,60,corsa,150000,petrol,opel,no,21.83
23162,11500,small car,manual,105,beetle,60000,petrol,volkswagen,no,6.33
23163,17990,station wagon,manual,177,passat,150000,diesel,volkswagen,no,5.92
23165,37500,coupe,manual,250,others,5000,petrol,chrysler,no,48.5
23166,1400,small car,manual,75,twingo,125000,petrol,renault,no,16.0
23167,5000,station wagon,manual,140,vectra,150000,petrol,opel,no,11.08
23168,6199,bus,manual,120,zafira,125000,diesel,opel,no,13.75
23170,1250,limousine,manual,90,a_klasse,150000,diesel,mercedes_benz,no,18.08
23171,849,small car,manual,60,corsa,150000,petrol,opel,no,18.33
23172,799,small car,manual,54,corsa,150000,petrol,opel,no,20.5
23173,1250,small car,manual,95,forfour,150000,petrol,smart,yes,15.0
23174,2500,small car,manual,65,others,150000,petrol,fiat,no,12.58
23175,9200,station wagon,automatic,204,c_klasse,150000,diesel,mercedes_benz,no,10.0
23176,7000,bus,automatic,84,yaris,40000,petrol,toyota,no,14.67
23177,1800,limousine,manual,136,90,150000,petrol,audi,no,31.92
23180,790,limousine,manual,75,others,150000,petrol,nissan,no,25.58
23181,7199,station wagon,automatic,140,a4,150000,diesel,audi,no,12.83
23183,8500,limousine,automatic,420,a8,150000,petrol,audi,no,17.83
23184,2450,small car,manual,64,polo,150000,petrol,volkswagen,no,15.58
23187,7990,limousine,manual,120,c4,125000,petrol,citroen,no,7.25
23188,2999,limousine,manual,105,3er,150000,petrol,bmw,no,18.33
23189,2550,limousine,manual,90,golf,150000,diesel,volkswagen,no,20.58
23194,2190,suv,manual,124,forester,150000,petrol,subaru,no,21.75
23196,9999,station wagon,manual,105,golf,150000,diesel,volkswagen,no,6.42
23197,17500,limousine,automatic,232,a8,125000,diesel,audi,no,12.92
23198,1200,coupe,automatic,170,3er,150000,petrol,bmw,no,21.75
23200,8900,small car,manual,59,yaris,10000,petrol,toyota,no,4.75
23201,18990,cabrio,manual,160,mx_reihe,60000,petrol,mazda,no,5.92
23202,16300,limousine,manual,177,outlander,90000,diesel,mitsubishi,no,6.08
23204,1890,small car,manual,60,lupo,150000,petrol,volkswagen,no,15.33
23206,4700,station wagon,manual,177,5er,150000,diesel,bmw,no,15.0
23209,7900,others,manual,150,sprinter,150000,diesel,mercedes_benz,no,10.42
23210,2300,small car,manual,64,polo,100000,petrol,volkswagen,yes,15.83
23212,7000,station wagon,automatic,204,e_klasse,150000,diesel,mercedes_benz,no,15.08
23214,2990,cabrio,manual,125,civic,5000,petrol,honda,no,24.33
23215,2299,bus,manual,84,transporter,150000,petrol,volkswagen,no,27.33
23216,3999,station wagon,manual,90,combo,150000,petrol,opel,yes,12.5
23217,4000,small car,automatic,96,one,100000,petrol,mini,no,16.92
23219,6500,small car,automatic,84,fortwo,50000,petrol,smart,no,7.17
23220,4500,station wagon,manual,105,golf,150000,diesel,volkswagen,no,11.58
23222,4999,limousine,manual,102,a3,150000,petrol,audi,no,15.58
23224,9900,limousine,manual,140,insignia,70000,petrol,opel,no,8.92
23226,8800,limousine,manual,333,a4,100000,petrol,audi,yes,8.42
23227,9900,limousine,manual,177,1er,150000,diesel,bmw,no,10.83
23228,18900,suv,automatic,235,x_reihe,150000,diesel,bmw,no,11.58
23229,750,suv,manual,136,others,150000,petrol,jeep,yes,38.08
23230,19900,limousine,manual,136,b_klasse,90000,diesel,mercedes_benz,no,5.58
23233,3800,small car,manual,90,yaris,150000,diesel,toyota,no,12.58
23234,950,cabrio,manual,71,astra,150000,petrol,opel,no,24.0
23235,5500,station wagon,manual,204,bora,150000,petrol,volkswagen,no,17.25
23237,4600,bus,manual,136,others,125000,petrol,citroen,no,12.5
23238,999,station wagon,manual,75,astra,150000,petrol,opel,no,23.08
23241,750,small car,manual,89,3_reihe,150000,petrol,peugeot,no,21.58
23244,7800,limousine,manual,60,polo,20000,petrol,volkswagen,no,6.08
23246,2950,bus,manual,102,transporter,150000,diesel,volkswagen,yes,9.25
23248,13000,limousine,manual,140,astra,125000,petrol,opel,no,6.08
23249,22499,cabrio,manual,111,cooper,5000,diesel,mini,no,3.75
23250,1200,limousine,manual,125,e_klasse,150000,diesel,mercedes_benz,yes,20.0
23253,4000,small car,manual,116,cooper,150000,petrol,mini,no,15.25
23254,2500,limousine,manual,105,golf,150000,petrol,volkswagen,no,17.42
23256,600,small car,manual,45,corsa,125000,petrol,opel,no,22.58
23257,9000,station wagon,manual,179,a6,150000,diesel,audi,no,11.58
23261,1500,small car,manual,75,golf,150000,petrol,volkswagen,no,20.17
23262,3800,suv,manual,145,santa,150000,petrol,hyundai,no,13.5
23263,15600,coupe,manual,190,a5,150000,diesel,audi,no,9.17
23264,2999,coupe,manual,75,focus,125000,petrol,ford,no,13.75
23265,9250,station wagon,manual,110,astra,125000,diesel,opel,no,6.75
23267,7270,limousine,automatic,163,3er,150000,diesel,bmw,no,13.67
23269,19999,limousine,manual,190,a6,30000,petrol,audi,no,8.42
23271,3900,small car,manual,110,corolla,125000,petrol,toyota,no,14.92
23273,3100,station wagon,manual,101,focus,150000,petrol,ford,no,12.58
23278,13999,suv,automatic,313,touareg,150000,diesel,volkswagen,no,12.67
23279,1000,small car,manual,63,getz,150000,petrol,hyundai,no,14.92
23280,6300,small car,manual,90,one,90000,petrol,mini,no,11.42
23281,350,small car,manual,60,punto,150000,petrol,fiat,no,19.83
23283,16400,coupe,manual,200,others,40000,petrol,citroen,no,5.75
23284,8900,bus,manual,99,verso,30000,petrol,toyota,no,8.0
23285,7900,station wagon,manual,163,a4,150000,diesel,audi,no,13.83
23286,5900,limousine,manual,60,polo,100000,petrol,volkswagen,no,8.17
23287,6350,bus,manual,86,transit,125000,diesel,ford,no,8.58
23288,16799,cabrio,automatic,184,clk,50000,petrol,mercedes_benz,no,11.25
23289,14900,limousine,automatic,163,5er,125000,diesel,bmw,no,9.75
23290,7500,bus,manual,75,others,150000,diesel,peugeot,no,6.25
23291,11499,suv,manual,140,tiguan,125000,diesel,volkswagen,no,10.17
23292,11500,limousine,manual,109,a_klasse,60000,diesel,mercedes_benz,no,7.92
23294,800,limousine,manual,101,vectra,150000,petrol,opel,no,19.75
23295,5950,small car,manual,80,polo,100000,petrol,volkswagen,no,10.92
23296,2350,station wagon,manual,122,c_klasse,150000,petrol,mercedes_benz,no,18.5
23297,2390,bus,manual,94,others,125000,diesel,citroen,no,12.33
23298,8350,bus,manual,96,transporter,150000,diesel,volkswagen,no,10.92
23299,450,small car,manual,60,polo,150000,petrol,volkswagen,yes,22.58
23300,1800,limousine,automatic,215,others,20000,petrol,lancia,yes,15.42
23301,3500,limousine,manual,271,golf,150000,petrol,volkswagen,yes,13.75
23302,8300,cabrio,automatic,320,sl,150000,petrol,mercedes_benz,yes,23.25
23303,580,station wagon,manual,103,others,150000,petrol,fiat,no,21.0
23304,3333,suv,manual,120,others,150000,diesel,opel,no,15.67
23306,11150,limousine,manual,140,golf,80000,petrol,volkswagen,no,10.5
23307,7400,station wagon,automatic,163,a4,150000,petrol,audi,no,12.42
23308,4800,bus,manual,109,vito,150000,diesel,mercedes_benz,no,14.83
23310,15500,coupe,automatic,200,tt,100000,petrol,audi,no,11.83
23312,6500,station wagon,manual,155,a4,125000,diesel,audi,no,16.25
23313,13000,limousine,automatic,125,a3,30000,petrol,audi,no,9.33
23314,7999,station wagon,manual,140,a3,150000,diesel,audi,no,13.5
23316,2800,cabrio,automatic,61,fortwo,90000,petrol,smart,no,15.75
23317,2490,limousine,manual,80,stilo,70000,petrol,fiat,no,16.17
23318,4900,cabrio,manual,101,golf,90000,petrol,volkswagen,no,21.5
23320,2000,limousine,manual,75,focus,150000,petrol,ford,no,19.42
23321,2950,limousine,manual,145,mondeo,150000,petrol,ford,no,14.33
23322,4400,small car,manual,60,punto,50000,petrol,fiat,no,9.67
23325,8650,suv,manual,150,others,125000,diesel,renault,no,10.83
23328,4850,small car,manual,68,c1,60000,petrol,citroen,no,5.08
23330,9469,small car,manual,131,corsa,80000,diesel,opel,no,6.92
23332,5500,station wagon,manual,124,focus,125000,petrol,ford,no,13.42
23333,13900,limousine,manual,211,golf,125000,petrol,volkswagen,no,7.5
23334,2999,suv,automatic,140,sorento,150000,diesel,kia,no,14.5
23335,2450,bus,manual,60,transporter,150000,diesel,volkswagen,no,27.25
23336,7190,small car,manual,120,cooper,80000,petrol,mini,no,11.08
23337,9999,limousine,automatic,500,s_klasse,100000,petrol,mercedes_benz,no,15.25
23340,2600,limousine,manual,105,3_reihe,150000,lpg,mazda,no,16.0
23341,24900,cabrio,manual,184,z_reihe,20000,petrol,bmw,no,7.83
23342,5950,small car,manual,80,corsa,50000,petrol,opel,no,10.5
23343,1750,limousine,manual,90,golf,125000,petrol,volkswagen,no,23.5
23344,26500,coupe,automatic,170,c_klasse,50000,diesel,mercedes_benz,no,5.58
23347,7000,suv,manual,140,tiguan,150000,diesel,volkswagen,yes,10.83
23348,699,small car,manual,45,1_reihe,150000,petrol,peugeot,no,22.5
23349,350,small car,automatic,55,fortwo,20000,petrol,smart,yes,19.0
23351,900,limousine,manual,90,civic,150000,petrol,honda,no,22.25
23354,1990,station wagon,manual,131,mondeo,150000,diesel,ford,no,16.67
23355,3850,cabrio,manual,118,z_reihe,150000,petrol,bmw,no,22.5
23356,40500,cabrio,automatic,184,others,10000,petrol,bmw,no,3.67
23357,7200,station wagon,manual,170,a3,150000,diesel,audi,no,11.75
23358,26499,limousine,automatic,232,a8,90000,diesel,audi,no,8.83
23359,3900,limousine,manual,230,others,150000,petrol,audi,no,23.33
23360,2500,limousine,manual,101,vectra,150000,petrol,opel,no,20.25
23363,699,small car,manual,58,twingo,125000,petrol,renault,yes,13.5
23364,3699,limousine,manual,122,vectra,150000,petrol,opel,no,16.17
23365,10999,bus,manual,174,transporter,150000,diesel,volkswagen,yes,13.5
23366,7900,small car,automatic,71,fortwo,5000,petrol,smart,no,5.75
23369,14900,coupe,manual,122,scirocco,40000,petrol,volkswagen,no,7.42
23370,5800,bus,manual,102,transporter,150000,diesel,volkswagen,no,22.0
23371,1350,small car,manual,60,polo,30000,diesel,volkswagen,no,20.0
23372,333,small car,manual,75,golf,150000,petrol,volkswagen,no,21.0
23373,1700,station wagon,manual,125,a4,150000,lpg,audi,no,22.75
23375,900,limousine,manual,140,s60,150000,diesel,volvo,no,13.58
23376,15900,station wagon,manual,140,focus,90000,diesel,ford,no,5.33
23377,9990,coupe,manual,160,scirocco,100000,petrol,volkswagen,no,10.58
23378,13990,bus,manual,116,vito,125000,diesel,mercedes_benz,no,11.58
23379,9999,station wagon,automatic,170,passat,150000,diesel,volkswagen,no,9.92
23381,5999,cabrio,manual,110,mx_reihe,150000,petrol,mazda,no,13.58
23383,999,small car,manual,102,3er,150000,petrol,bmw,no,22.58
23384,1000,limousine,manual,170,3er,150000,petrol,bmw,no,20.17
23386,5900,small car,manual,82,spark,30000,petrol,chevrolet,no,9.0
23387,32900,cabrio,automatic,184,slk,10000,petrol,mercedes_benz,no,3.5
23388,8500,limousine,manual,80,golf,60000,petrol,volkswagen,yes,9.0
23389,3850,small car,manual,75,a2,150000,petrol,audi,no,15.5
23390,2500,others,manual,86,modus,150000,diesel,renault,no,13.58
23391,3000,small car,manual,52,twingo,125000,petrol,renault,no,9.5
23392,9500,bus,manual,140,zafira,90000,petrol,opel,no,8.42
23393,18900,station wagon,automatic,232,a6,100000,diesel,audi,no,10.08
23394,4499,limousine,manual,150,1er,150000,petrol,bmw,no,14.75
23397,2900,small car,manual,105,astra,150000,lpg,opel,no,13.42
23400,6300,cabrio,automatic,163,c_reihe,125000,petrol,volvo,no,17.25
23401,7990,small car,manual,86,polo,125000,petrol,volkswagen,no,8.5
23404,3650,small car,manual,54,polo,125000,petrol,volkswagen,no,13.33
23405,1300,bus,manual,95,kangoo,150000,petrol,renault,yes,16.17
23407,149000,cabrio,manual,213,others,5000,petrol,jaguar,no,63.58
23409,2999,station wagon,automatic,125,c_klasse,150000,diesel,mercedes_benz,no,18.42
23413,500,station wagon,manual,75,polo,150000,petrol,volkswagen,yes,22.08
23415,6500,small car,manual,60,corsa,80000,petrol,opel,no,9.5
23416,5900,limousine,automatic,192,3er,125000,petrol,bmw,no,16.42
23417,1400,station wagon,automatic,163,c_klasse,150000,petrol,mercedes_benz,no,18.5
23419,650,small car,manual,60,corsa,150000,petrol,opel,no,23.17
23421,20000,cabrio,automatic,306,sl,125000,petrol,mercedes_benz,no,16.25
23423,5200,small car,manual,80,corsa,80000,petrol,opel,no,11.25
23425,575,small car,manual,45,corsa,90000,petrol,opel,no,22.08
23426,10450,station wagon,manual,190,a4,150000,diesel,audi,no,8.83
23428,2199,limousine,manual,90,golf,150000,petrol,volkswagen,no,27.92
23433,1000,limousine,manual,170,mondeo,150000,petrol,ford,yes,21.5
23434,3200,small car,automatic,50,fortwo,100000,petrol,smart,yes,12.83
23435,11900,cabrio,automatic,163,slk,100000,petrol,mercedes_benz,no,13.5
23436,12900,cabrio,manual,204,3er,150000,diesel,bmw,no,13.42
23437,599,small car,manual,45,1_reihe,150000,petrol,peugeot,no,22.17
23438,8450,station wagon,automatic,179,a6,150000,diesel,audi,no,11.5
23441,2999,station wagon,manual,150,a6,150000,petrol,audi,no,16.33
23444,8000,limousine,manual,122,1er,20000,diesel,bmw,no,12.5
23446,3300,limousine,automatic,102,a3,150000,petrol,audi,no,16.33
23448,1750,small car,manual,75,twingo,150000,petrol,renault,no,16.17
23449,749,station wagon,manual,90,golf,150000,petrol,volkswagen,no,22.33
23451,4250,small car,manual,60,corsa,70000,petrol,opel,no,11.83
23452,7750,limousine,manual,80,golf,80000,petrol,volkswagen,no,9.58
23453,9500,limousine,manual,150,3er,100000,petrol,bmw,no,13.92
23456,4500,limousine,automatic,90,others,125000,petrol,opel,no,40.58
23458,3500,limousine,manual,101,focus,150000,petrol,ford,no,13.75
23459,450,small car,manual,55,seicento,150000,petrol,fiat,no,15.67
23460,2000,station wagon,automatic,101,focus,150000,petrol,ford,no,18.92
23462,4400,bus,manual,105,transporter,150000,diesel,volkswagen,no,13.92
23465,2200,limousine,manual,75,golf,90000,petrol,volkswagen,no,18.08
23467,8990,suv,automatic,241,touareg,150000,petrol,volkswagen,no,15.0
23468,32000,coupe,automatic,420,m_reihe,90000,petrol,bmw,no,9.5
23470,2700,suv,manual,124,others,150000,petrol,ford,no,16.25
23472,500,limousine,manual,107,3_reihe,150000,diesel,peugeot,yes,15.92
23474,13999,suv,automatic,136,g_klasse,125000,diesel,mercedes_benz,no,27.0
23477,2600,limousine,manual,125,c_klasse,150000,diesel,mercedes_benz,no,20.58
23478,1750,limousine,manual,101,a3,150000,petrol,audi,no,21.0
23479,1000,small car,manual,60,ypsilon,150000,petrol,lancia,no,19.0
23480,2750,bus,manual,101,touran,150000,diesel,volkswagen,no,14.25
23481,7250,small car,manual,69,punto,50000,lpg,fiat,no,5.5
23482,500,limousine,automatic,55,colt,70000,petrol,mitsubishi,no,20.08
23486,3500,limousine,manual,109,3_reihe,150000,petrol,peugeot,no,12.25
23487,6500,bus,manual,193,b_klasse,100000,petrol,mercedes_benz,no,13.67
23488,8600,station wagon,manual,116,a3,125000,petrol,audi,no,11.92
23489,17800,suv,manual,69,serie_3,60000,petrol,land_rover,no,40.08
23490,2850,small car,manual,75,golf,125000,petrol,volkswagen,no,15.33
23492,2750,station wagon,manual,150,3er,150000,diesel,bmw,no,15.25
23495,200,small car,manual,77,polo,5000,petrol,volkswagen,yes,22.5
23497,17900,station wagon,automatic,184,3er,125000,diesel,bmw,no,7.92
23500,2500,limousine,manual,90,corsa,150000,petrol,opel,yes,12.17
23501,950,small car,manual,65,corsa,150000,petrol,opel,no,20.67
23503,3750,limousine,manual,102,a3,150000,petrol,audi,no,17.0
23504,15000,coupe,automatic,200,tt,90000,petrol,audi,no,10.25
23506,6750,station wagon,manual,140,passat,150000,diesel,volkswagen,no,11.33
23507,10499,limousine,automatic,192,5er,150000,lpg,bmw,no,14.08
23510,3000,bus,manual,108,vito,150000,diesel,mercedes_benz,yes,14.75
23511,6700,limousine,manual,120,others,100000,diesel,suzuki,no,10.5
23512,950,station wagon,manual,115,mondeo,150000,petrol,ford,no,19.75
23513,20990,limousine,automatic,245,3er,150000,diesel,bmw,no,8.67
23517,3500,limousine,manual,105,3er,150000,petrol,bmw,no,18.92
23518,4900,coupe,manual,241,others,90000,petrol,alfa_romeo,no,13.67
23519,1200,small car,manual,54,corsa,100000,petrol,opel,no,19.25
23520,24950,station wagon,automatic,170,c_klasse,80000,diesel,mercedes_benz,no,6.58
23522,950,small car,manual,60,corsa,150000,petrol,opel,no,20.25
23527,3250,limousine,automatic,197,s_klasse,150000,diesel,mercedes_benz,no,16.33
23528,5600,small car,automatic,86,agila,150000,petrol,opel,no,8.5
23531,5850,small car,manual,60,polo,70000,petrol,volkswagen,no,9.42
23532,1890,limousine,manual,120,6_reihe,150000,petrol,mazda,no,15.08
23534,2690,small car,automatic,62,fortwo,90000,petrol,smart,no,13.0
23535,2200,limousine,manual,147,vectra,150000,petrol,opel,no,15.17
23536,19900,limousine,automatic,235,x_reihe,150000,diesel,bmw,no,10.0
23537,21000,limousine,automatic,272,s_klasse,150000,petrol,mercedes_benz,no,12.08
23538,2800,small car,manual,83,jazz,150000,petrol,honda,no,14.0
23539,1650,small car,manual,58,corsa,125000,petrol,opel,no,16.33
23540,12999,coupe,manual,160,scirocco,90000,petrol,volkswagen,no,8.83
23542,23900,bus,automatic,129,sprinter,30000,diesel,mercedes_benz,no,3.08
23543,14850,small car,automatic,105,polo,40000,petrol,volkswagen,no,6.75
23544,900,small car,manual,58,twingo,150000,petrol,renault,no,17.08
23547,3500,coupe,manual,170,3er,150000,petrol,bmw,no,18.92
23548,8350,limousine,manual,95,a_klasse,125000,petrol,mercedes_benz,no,7.58
23549,8600,limousine,manual,150,golf,150000,petrol,volkswagen,no,35.08
23550,450,small car,manual,60,corsa,150000,petrol,opel,yes,21.42
23551,10800,suv,manual,174,touareg,150000,diesel,volkswagen,no,12.67
23552,680,small car,manual,90,golf,150000,petrol,volkswagen,no,23.08
23553,8700,cabrio,manual,163,a4,150000,petrol,audi,no,14.83
23554,1899,limousine,manual,154,others,150000,petrol,saab,no,19.67
23555,3500,limousine,manual,136,3er,150000,diesel,bmw,no,20.92
23557,10500,limousine,manual,105,leon,60000,petrol,seat,no,6.83
23558,4250,suv,manual,140,sorento,150000,diesel,kia,no,15.5
23560,800,limousine,manual,90,80,80000,petrol,audi,no,27.92
23561,5299,limousine,manual,115,golf,150000,petrol,volkswagen,no,12.25
23562,11000,suv,automatic,200,others,150000,petrol,chevrolet,yes,61.25
23563,7490,station wagon,manual,110,golf,150000,diesel,volkswagen,no,6.25
23564,3490,limousine,manual,126,primera,80000,diesel,nissan,no,14.42
23565,3600,small car,manual,53,twingo,125000,petrol,renault,no,9.5
23566,900,small car,manual,60,ka,150000,petrol,ford,yes,11.75
23567,1750,others,manual,130,others,150000,diesel,citroen,no,12.08
23569,1500,small car,manual,60,ibiza,150000,petrol,seat,no,18.75
23570,125,small car,manual,50,polo,150000,petrol,volkswagen,yes,21.5
23571,1850,limousine,manual,136,astra,150000,petrol,opel,no,20.0
23572,1500,small car,manual,60,corsa,150000,petrol,opel,no,12.33
23573,1529,small car,manual,58,twingo,150000,petrol,renault,no,19.75
23574,19500,station wagon,manual,140,a3,70000,diesel,audi,no,7.17
23576,1500,limousine,manual,90,octavia,150000,diesel,skoda,no,19.58
23577,9999,suv,manual,150,qashqai,150000,diesel,nissan,no,9.5
23578,26200,coupe,manual,218,1er,60000,petrol,bmw,no,6.08
23579,8450,small car,manual,95,a_klasse,90000,petrol,mercedes_benz,no,7.5
23580,2570,cabrio,manual,109,2_reihe,150000,petrol,peugeot,no,15.42
23581,18999,limousine,manual,241,golf,80000,petrol,volkswagen,no,15.58
23582,1600,limousine,manual,84,astra,150000,petrol,opel,no,15.92
23583,25500,cabrio,automatic,188,sl,150000,petrol,mercedes_benz,no,32.33
23584,500,limousine,manual,125,passat,150000,petrol,volkswagen,yes,20.5
23588,12995,limousine,manual,105,beetle,20000,petrol,volkswagen,no,4.58
23590,16999,suv,automatic,185,antara,90000,diesel,opel,no,7.92
23591,15500,station wagon,manual,156,c_klasse,40000,petrol,mercedes_benz,no,9.83
23592,22999,coupe,automatic,476,others,150000,petrol,mercedes_benz,no,13.58
23593,1100,limousine,manual,125,a4,150000,petrol,audi,no,23.17
23594,9950,limousine,manual,143,1er,150000,diesel,bmw,no,11.75
23595,7950,limousine,manual,143,1er,150000,diesel,bmw,no,10.58
23597,650,small car,manual,60,1_reihe,150000,petrol,peugeot,no,15.25
23599,14300,station wagon,manual,150,focus,40000,petrol,ford,no,6.67
23600,4000,station wagon,automatic,204,e_klasse,150000,diesel,mercedes_benz,no,14.42
23601,750,small car,manual,54,corsa,80000,petrol,opel,no,20.42
23602,3299,bus,manual,88,modus,100000,petrol,renault,no,13.17
23603,33890,bus,manual,102,transporter,150000,diesel,volkswagen,yes,6.33
23604,1150,small car,automatic,54,fortwo,150000,petrol,smart,no,19.75
23605,9000,station wagon,manual,116,b_klasse,125000,petrol,mercedes_benz,no,10.75
23606,14599,limousine,manual,231,5er,150000,diesel,bmw,no,13.0
23607,1000,limousine,manual,98,megane,150000,lpg,renault,yes,14.75
23608,2800,small car,manual,88,2_reihe,150000,petrol,peugeot,no,14.0
23611,47500,bus,automatic,190,v_klasse,30000,diesel,mercedes_benz,no,4.75
23614,1199,coupe,manual,140,3er,150000,petrol,bmw,no,25.75
23615,6590,suv,automatic,163,m_klasse,150000,diesel,mercedes_benz,no,14.25
23616,16900,limousine,automatic,204,e_klasse,150000,diesel,mercedes_benz,no,9.75
23619,1600,small car,manual,58,corsa,150000,petrol,opel,no,16.67
23620,14250,cabrio,manual,174,cooper,80000,petrol,mini,no,9.5
23622,2250,station wagon,manual,130,mondeo,150000,diesel,ford,no,16.75
23624,5999,station wagon,manual,265,others,150000,petrol,audi,no,20.67
23625,9000,limousine,manual,250,a6,125000,petrol,audi,no,12.0
23626,1750,small car,automatic,75,fiesta,50000,petrol,ford,no,20.75
23627,1690,small car,manual,63,getz,125000,petrol,hyundai,no,14.75
23628,7250,small car,manual,87,corsa,20000,petrol,opel,yes,4.17
23629,14500,station wagon,manual,200,mondeo,100000,diesel,ford,no,7.25
23630,7300,cabrio,manual,150,3er,150000,petrol,bmw,no,12.33
23631,5490,suv,manual,141,sportage,150000,petrol,kia,no,9.08
23632,28000,cabrio,automatic,204,slk,40000,petrol,mercedes_benz,no,7.25
23634,12699,station wagon,automatic,231,3er,150000,diesel,bmw,no,12.58
23635,2250,station wagon,automatic,157,e_klasse,150000,petrol,mercedes_benz,no,23.5
23636,1450,station wagon,automatic,125,passat,150000,petrol,volkswagen,no,19.25
23637,1499,limousine,automatic,170,5er,150000,petrol,bmw,no,21.75
23638,3200,station wagon,manual,115,3er,150000,petrol,bmw,no,15.92
23639,800,small car,manual,60,micra,150000,petrol,nissan,yes,16.92
23640,1700,limousine,automatic,136,3er,150000,diesel,bmw,yes,17.75
23641,7890,small car,manual,86,ibiza,50000,petrol,seat,no,6.83
23642,4500,coupe,manual,192,3er,150000,petrol,bmw,no,18.58
23643,550,station wagon,manual,75,escort,90000,petrol,ford,no,22.25
23644,2950,limousine,manual,90,a3,150000,diesel,audi,no,18.25
23645,1000,small car,manual,90,golf,150000,diesel,volkswagen,no,20.33
23647,5000,cabrio,automatic,197,clk,150000,petrol,mercedes_benz,no,16.42
23648,7777,station wagon,manual,143,3er,150000,diesel,bmw,no,9.5
23650,3500,cabrio,manual,136,3_reihe,150000,petrol,peugeot,no,14.58
23652,1050,station wagon,manual,125,vectra,30000,diesel,opel,no,17.33
23654,11800,limousine,automatic,143,a4,150000,diesel,audi,no,10.42
23655,599,limousine,automatic,165,a4,150000,petrol,audi,yes,21.92
23656,41900,limousine,automatic,313,5er,50000,diesel,bmw,no,5.08
23658,8000,bus,manual,75,transporter,150000,diesel,volkswagen,no,28.17
23659,1700,station wagon,manual,113,megane,150000,petrol,renault,no,14.08
23660,800,station wagon,manual,101,vectra,150000,petrol,opel,no,21.5
23661,2200,limousine,manual,105,3_reihe,150000,petrol,mazda,no,13.08
23662,11500,station wagon,manual,105,golf,90000,diesel,volkswagen,no,6.08
23663,17900,suv,automatic,169,grand,40000,petrol,suzuki,no,5.83
23664,4750,coupe,manual,116,cooper,125000,petrol,mini,no,17.0
23666,850,limousine,automatic,101,astra,90000,petrol,opel,no,20.5
23669,3200,others,manual,126,ceed,60000,petrol,kia,yes,9.25
23670,1500,limousine,manual,101,golf,150000,petrol,volkswagen,yes,19.83
23671,7500,limousine,manual,163,3er,150000,diesel,bmw,no,12.33
23672,850,station wagon,manual,95,omega,150000,diesel,opel,no,18.25
23673,10800,limousine,manual,170,leon,125000,diesel,seat,no,6.42
23676,2699,bus,manual,105,meriva,150000,lpg,opel,no,12.83
23682,600,limousine,manual,90,a_klasse,150000,diesel,mercedes_benz,no,19.75
23684,2699,coupe,manual,141,others,150000,petrol,mitsubishi,no,19.25
23685,14490,station wagon,manual,204,1er,60000,diesel,bmw,no,7.42
23686,8450,small car,manual,75,one,50000,petrol,mini,no,9.5
23687,9900,limousine,manual,110,golf,90000,diesel,volkswagen,no,9.83
23688,17900,coupe,automatic,200,mustang,70000,petrol,ford,no,51.67
23690,799,station wagon,manual,140,156,150000,petrol,alfa_romeo,no,17.33
23691,14700,coupe,manual,300,others,125000,petrol,nissan,no,12.33
23692,13500,limousine,manual,116,1er,50000,diesel,bmw,no,7.17
23696,9900,limousine,manual,179,astra,80000,petrol,opel,no,9.0
23697,300,suv,automatic,224,m_klasse,150000,diesel,mercedes_benz,no,11.58
23700,5500,cabrio,automatic,84,fortwo,40000,petrol,smart,yes,6.33
23701,3500,small car,manual,86,micra,150000,diesel,nissan,no,9.17
23702,4299,bus,manual,116,transporter,150000,petrol,volkswagen,no,23.5
23704,12750,suv,automatic,190,m_klasse,150000,diesel,mercedes_benz,no,12.83
23705,3100,bus,automatic,122,v_klasse,150000,diesel,mercedes_benz,no,16.58
23706,6500,cabrio,manual,102,beetle,150000,petrol,volkswagen,no,15.58
23707,11500,station wagon,automatic,232,others,150000,diesel,audi,no,11.17
23708,6500,cabrio,manual,150,astra,125000,diesel,opel,no,11.58
23709,4500,suv,automatic,163,m_klasse,150000,diesel,mercedes_benz,no,16.33
23710,10000,station wagon,automatic,231,3er,150000,diesel,bmw,no,12.5
23711,22900,station wagon,automatic,435,others,150000,petrol,audi,no,8.0
23712,4150,small car,manual,75,polo,150000,petrol,volkswagen,no,13.92
23713,7990,cabrio,automatic,101,roadster,100000,petrol,smart,no,13.58
23715,5333,bus,manual,75,golf,100000,petrol,volkswagen,no,14.0
23716,2700,bus,automatic,145,galaxy,150000,petrol,ford,no,21.25
23717,15555,station wagon,manual,105,golf,80000,diesel,volkswagen,no,6.75
23718,2800,limousine,automatic,105,a3,150000,diesel,audi,no,13.42
23719,2350,bus,manual,102,others,150000,diesel,mini,no,15.17
23720,26899,limousine,automatic,184,3er,125000,diesel,bmw,no,6.58
23721,1690,small car,manual,60,ka,100000,petrol,ford,no,13.92
23724,2300,limousine,manual,102,3er,150000,petrol,bmw,no,22.83
23725,3400,station wagon,automatic,163,a4,150000,diesel,audi,no,15.83
23726,5950,station wagon,manual,106,megane,150000,diesel,renault,no,7.58
23728,3499,limousine,manual,192,3er,60000,petrol,bmw,yes,15.92
23729,3650,station wagon,automatic,140,a3,150000,diesel,audi,no,11.42
23730,1950,small car,manual,75,twingo,125000,petrol,renault,no,15.33
23731,2500,limousine,manual,131,a4,150000,petrol,audi,no,17.58
23732,4000,bus,manual,90,others,150000,diesel,fiat,no,11.25
23734,850,small car,manual,45,corsa,150000,petrol,opel,no,23.33
23735,899,small car,manual,50,lupo,150000,petrol,volkswagen,no,19.0
23737,2900,limousine,manual,174,golf,150000,petrol,volkswagen,no,21.25
23738,9599,limousine,automatic,177,5er,150000,diesel,bmw,no,13.17
23740,46990,coupe,manual,180,others,100000,petrol,fiat,no,45.17
23741,1500,station wagon,manual,150,5er,150000,petrol,bmw,no,20.33
23742,5999,limousine,automatic,200,159,150000,diesel,alfa_romeo,no,12.0
23743,4999,cabrio,manual,160,golf,150000,petrol,volkswagen,no,33.42
23744,699,station wagon,manual,150,5er,150000,petrol,bmw,yes,25.0
23745,200,limousine,automatic,122,carisma,150000,petrol,mitsubishi,no,18.75
23747,6199,coupe,manual,193,3er,125000,petrol,bmw,no,19.5
23749,3000,limousine,manual,170,3er,150000,petrol,bmw,no,17.58
23750,12700,cabrio,manual,190,sl,150000,petrol,mercedes_benz,yes,28.5
23751,11700,coupe,automatic,299,passat,150000,petrol,volkswagen,no,8.5
23752,8990,small car,manual,105,polo,150000,diesel,volkswagen,no,7.42
23753,5150,station wagon,manual,150,3er,150000,diesel,bmw,no,18.0
23754,10500,station wagon,manual,125,a3,125000,petrol,audi,no,8.25
23757,1400,bus,manual,68,note,150000,diesel,nissan,no,12.08
23759,3150,small car,manual,68,c2,150000,diesel,citroen,no,11.67
23760,2999,station wagon,manual,150,signum,150000,diesel,opel,no,13.5
23761,28500,station wagon,automatic,184,octavia,20000,diesel,skoda,no,3.5
23762,1950,limousine,manual,113,3er,150000,petrol,bmw,no,30.67
23765,17600,bus,automatic,204,viano,125000,diesel,mercedes_benz,no,10.75
23766,4500,suv,automatic,218,m_klasse,150000,lpg,mercedes_benz,no,18.58
23767,7900,limousine,automatic,200,others,150000,petrol,bmw,no,42.0
23769,4990,limousine,manual,193,5er,150000,petrol,bmw,no,19.25
23770,9499,coupe,manual,111,golf,150000,petrol,volkswagen,no,35.92
23771,400,station wagon,manual,101,vectra,150000,petrol,opel,yes,17.0
23772,1999,small car,manual,75,twingo,150000,petrol,renault,no,16.92
23773,4200,bus,manual,136,touran,150000,diesel,volkswagen,no,14.25
23775,8700,station wagon,automatic,200,159,125000,diesel,alfa_romeo,yes,10.42
23776,25990,cabrio,manual,184,slk,90000,petrol,mercedes_benz,no,6.5
23778,24699,station wagon,manual,170,passat,50000,diesel,volkswagen,no,5.08
23780,12750,bus,automatic,163,others,90000,diesel,chevrolet,no,6.25
23781,4450,station wagon,automatic,143,c_klasse,150000,petrol,mercedes_benz,no,14.17
23783,11900,limousine,automatic,204,c_klasse,125000,petrol,mercedes_benz,no,11.92
23785,4500,bus,manual,150,espace,150000,diesel,renault,no,13.0
23787,50000,suv,automatic,258,m_klasse,50000,diesel,mercedes_benz,no,6.92
23788,11450,limousine,manual,140,golf,150000,diesel,volkswagen,no,9.92
23789,7399,bus,manual,105,transporter,150000,diesel,volkswagen,no,13.92
23790,12990,station wagon,manual,101,focus,40000,petrol,ford,no,6.0
23793,3500,limousine,automatic,193,3er,150000,petrol,bmw,no,19.5
23796,1000,station wagon,manual,101,golf,150000,petrol,volkswagen,no,19.67
23797,1500,station wagon,manual,116,focus,150000,petrol,ford,yes,16.5
23798,15500,limousine,manual,211,golf,80000,petrol,volkswagen,no,8.33
23799,14950,coupe,manual,200,tt,150000,petrol,audi,no,11.42
23800,12900,cabrio,automatic,136,e_klasse,150000,petrol,mercedes_benz,no,23.17
23801,1100,limousine,automatic,136,3er,150000,diesel,bmw,yes,16.33
23802,600,small car,automatic,66,megane,150000,lpg,renault,no,20.25
23803,8000,limousine,manual,163,3er,150000,diesel,bmw,no,13.42
23805,1950,small car,manual,64,ibiza,150000,diesel,seat,no,14.92
23806,7700,station wagon,manual,105,a3,150000,diesel,audi,no,12.92
23807,4499,limousine,manual,125,golf,150000,diesel,volkswagen,no,15.83
23811,2900,limousine,manual,116,golf,150000,diesel,volkswagen,no,18.75
23815,3000,station wagon,automatic,125,astra,150000,lpg,opel,no,15.92
23816,6999,limousine,manual,105,a3,125000,diesel,audi,no,11.5
23817,2900,small car,manual,64,polo,125000,petrol,volkswagen,no,11.17
23818,420,limousine,manual,60,golf,125000,petrol,volkswagen,no,21.33
23819,5500,cabrio,manual,75,beetle,100000,petrol,volkswagen,no,14.33
23820,600,limousine,manual,90,golf,150000,diesel,volkswagen,no,24.0
23821,4900,bus,manual,77,transporter,150000,diesel,volkswagen,no,23.92
23822,4900,limousine,manual,163,a4,150000,diesel,audi,no,13.25
23823,1490,small car,manual,76,others,125000,petrol,suzuki,no,18.67
23824,1300,small car,automatic,40,fortwo,150000,diesel,smart,no,18.33
23827,1500,station wagon,automatic,150,a6,150000,diesel,audi,no,21.0
23830,3500,limousine,manual,105,astra,150000,petrol,opel,no,12.42
23831,999,small car,manual,60,2_reihe,150000,petrol,peugeot,no,17.75
23832,14000,suv,manual,150,rav,60000,diesel,toyota,no,7.33
23834,1900,small car,manual,98,clio,125000,petrol,renault,no,15.83
23836,6490,station wagon,manual,140,v70,150000,petrol,volvo,no,16.58
23837,2450,station wagon,manual,204,3er,150000,diesel,bmw,yes,15.25
23838,6000,limousine,automatic,224,phaeton,150000,diesel,volkswagen,no,13.17
23839,1990,station wagon,manual,166,6_reihe,150000,petrol,mazda,no,15.25
23840,12950,limousine,automatic,314,e_klasse,150000,diesel,mercedes_benz,yes,11.17
23842,900,station wagon,manual,101,focus,150000,petrol,ford,yes,14.25
23844,1795,station wagon,manual,140,lybra,150000,diesel,lancia,no,16.83
23845,7999,small car,manual,69,500,40000,petrol,fiat,no,6.58
23846,11600,coupe,manual,200,tt,125000,petrol,audi,no,11.08
23849,20400,cabrio,manual,218,3er,80000,petrol,bmw,no,10.75
23850,9250,bus,manual,109,caddy,100000,cng,volkswagen,no,9.33
23852,10450,limousine,automatic,224,a6,150000,diesel,audi,no,13.08
23853,4300,station wagon,manual,131,passat,150000,diesel,volkswagen,no,15.5
23855,1680,bus,automatic,101,zafira,150000,diesel,opel,no,14.75
23856,3850,cabrio,manual,110,mx_reihe,125000,petrol,mazda,no,16.67
23858,16500,suv,automatic,218,grand,150000,diesel,jeep,no,10.67
23860,10500,limousine,automatic,231,5er,150000,diesel,bmw,no,13.92
23862,4900,coupe,manual,163,clk,150000,petrol,mercedes_benz,no,17.0
23863,3000,limousine,manual,101,a3,150000,diesel,audi,no,17.0
23865,1300,limousine,manual,150,octavia,150000,petrol,skoda,no,19.0
23867,2888,small car,manual,75,a2,150000,petrol,audi,no,15.33
23869,999,limousine,manual,101,golf,150000,petrol,volkswagen,yes,19.42
23870,11500,small car,manual,122,cooper,70000,petrol,mini,no,7.83
23871,18900,suv,automatic,288,others,125000,petrol,toyota,no,9.08
23873,1499,limousine,automatic,110,bora,150000,diesel,volkswagen,no,19.17
23874,5200,station wagon,automatic,140,passat,150000,diesel,volkswagen,no,9.33
23875,650,small car,manual,45,corsa,100000,petrol,opel,no,23.92
23876,2850,station wagon,manual,110,a4,150000,diesel,audi,no,19.83
23877,3000,cabrio,manual,163,a4,150000,diesel,audi,yes,14.83
23878,8700,small car,automatic,99,jazz,30000,petrol,honda,no,7.25
23879,7500,limousine,manual,102,golf,150000,petrol,volkswagen,no,10.5
23883,6990,limousine,manual,101,focus,70000,petrol,ford,no,8.17
23884,20900,limousine,automatic,184,5er,150000,diesel,bmw,no,7.08
23886,23200,station wagon,automatic,140,transporter,40000,diesel,volkswagen,no,6.92
23889,8500,limousine,manual,224,leon,150000,petrol,seat,no,15.58
23890,2800,limousine,manual,131,a3,150000,diesel,audi,no,17.33
23891,899,small car,manual,75,agila,150000,petrol,opel,no,19.0
23894,20000,limousine,manual,150,leon,10000,diesel,seat,no,5.0
23896,3000,station wagon,manual,109,3_reihe,150000,petrol,peugeot,no,13.5
23897,9990,coupe,automatic,231,c_klasse,150000,diesel,mercedes_benz,no,14.42
23899,5500,coupe,manual,241,others,150000,petrol,alfa_romeo,no,13.25
23901,6390,small car,manual,125,corsa,125000,diesel,opel,no,10.25
23902,399,small car,manual,68,justy,150000,petrol,subaru,no,17.58
23903,700,cabrio,manual,116,golf,150000,petrol,volkswagen,no,22.58
23904,899,station wagon,manual,116,v40,150000,diesel,volvo,no,17.5
23905,21950,suv,automatic,245,touareg,150000,diesel,volkswagen,no,7.83
23906,400,limousine,manual,101,vectra,150000,petrol,opel,no,21.75
23908,1100,small car,manual,75,golf,150000,petrol,volkswagen,no,19.42
23909,2000,station wagon,manual,145,mondeo,150000,petrol,ford,no,15.25
23911,6290,small car,manual,105,ibiza,5000,petrol,seat,yes,4.17
23912,900,small car,manual,60,punto,150000,petrol,fiat,yes,16.83
23913,3050,small car,manual,75,clio,90000,petrol,renault,no,15.5
23914,500,small car,manual,60,ka,125000,petrol,ford,no,20.75
23915,8500,cabrio,manual,193,3er,150000,petrol,bmw,no,22.33
23916,1490,station wagon,manual,80,astra,150000,diesel,opel,no,14.5
23917,6900,bus,manual,125,altea,125000,petrol,seat,no,10.0
23918,5500,suv,automatic,218,x_reihe,150000,diesel,bmw,no,13.08
23919,7150,bus,manual,136,others,150000,diesel,volkswagen,no,10.5
23922,4999,limousine,manual,65,punto,20000,petrol,fiat,no,9.25
23923,6900,suv,automatic,150,santa,150000,diesel,hyundai,no,12.58
23926,2150,limousine,manual,107,others,150000,petrol,hyundai,no,17.42
23928,799,coupe,manual,105,3er,150000,petrol,bmw,no,19.17
23929,4199,limousine,automatic,143,e_klasse,150000,diesel,mercedes_benz,yes,18.67
23930,1100,limousine,manual,75,golf,150000,petrol,volkswagen,no,20.33
23931,9500,bus,manual,102,transporter,150000,diesel,volkswagen,no,18.5
23932,3500,station wagon,automatic,163,5er,150000,diesel,bmw,no,15.67
23933,4900,station wagon,automatic,150,e_klasse,150000,diesel,mercedes_benz,no,14.42
23934,2950,small car,automatic,61,fortwo,80000,petrol,smart,no,13.25
23935,1750,coupe,manual,115,beetle,150000,petrol,volkswagen,no,19.33
23936,5200,bus,manual,109,vito,150000,diesel,mercedes_benz,no,14.33
23937,8800,station wagon,automatic,197,5er,150000,diesel,bmw,yes,10.17
23938,950,small car,manual,60,1_reihe,150000,petrol,peugeot,no,15.83
23939,12500,cabrio,manual,160,mx_reihe,70000,petrol,mazda,no,10.42
23941,1900,station wagon,manual,170,5er,150000,petrol,bmw,no,16.08
23942,1900,bus,manual,88,transporter,150000,diesel,volkswagen,no,19.75
23944,3100,limousine,automatic,193,superb,150000,petrol,skoda,no,16.25
23945,16800,coupe,automatic,190,a5,125000,diesel,audi,no,10.33
23947,10490,limousine,automatic,143,1er,80000,petrol,bmw,no,11.0
23948,750,small car,manual,65,corsa,150000,petrol,opel,no,19.42
23950,4000,limousine,manual,140,a3,150000,diesel,audi,no,12.5
23952,600,small car,manual,45,polo,150000,petrol,volkswagen,no,22.92
23953,1850,limousine,manual,75,golf,150000,petrol,volkswagen,no,17.17
23954,5000,small car,manual,86,ibiza,150000,petrol,seat,no,10.75
23956,2240,cabrio,manual,101,golf,150000,petrol,volkswagen,no,20.33
23957,1550,coupe,manual,136,clk,150000,petrol,mercedes_benz,no,19.92
23960,800,bus,manual,69,others,150000,diesel,fiat,no,15.25
23963,5400,station wagon,manual,109,focus,150000,diesel,ford,no,8.58
23964,1000,station wagon,manual,90,6_reihe,150000,petrol,mazda,no,19.25
23965,1500,small car,manual,103,others,125000,petrol,rover,no,15.58
23967,6300,station wagon,manual,170,octavia,150000,diesel,skoda,no,11.42
23968,3400,limousine,manual,110,civic,150000,petrol,honda,no,14.5
23970,3900,small car,manual,80,corsa,150000,petrol,opel,no,11.08
23971,5500,bus,manual,150,zafira,150000,diesel,opel,no,13.83
23972,7500,bus,automatic,102,transporter,150000,diesel,volkswagen,no,15.25
23974,1250,coupe,manual,75,3er,125000,petrol,bmw,no,24.33
23978,5500,limousine,manual,150,3er,150000,diesel,bmw,no,15.67
23979,19590,suv,automatic,163,kuga,50000,diesel,ford,no,6.25
23981,4500,cabrio,manual,136,slk,150000,petrol,mercedes_benz,no,19.92
23982,1690,limousine,manual,211,vectra,150000,petrol,opel,no,21.0
23983,7299,station wagon,manual,163,a4,150000,petrol,audi,no,13.42
23984,4950,small car,manual,60,corsa,100000,petrol,opel,no,10.25
23985,150,small car,manual,54,clio,60000,petrol,renault,yes,23.5
23986,11490,limousine,automatic,143,1er,50000,petrol,bmw,no,9.25
23987,1900,coupe,manual,116,calibra,150000,petrol,opel,no,25.0
23989,40500,bus,automatic,163,v_klasse,20000,diesel,mercedes_benz,no,4.83
23990,18500,cabrio,manual,126,mx_reihe,5000,petrol,mazda,no,4.42
23991,2000,limousine,manual,75,others,150000,diesel,mercedes_benz,no,27.42
23994,27000,station wagon,automatic,184,e_klasse,60000,petrol,mercedes_benz,no,5.42
23995,3450,small car,manual,69,fiesta,150000,petrol,ford,no,12.92
23996,20000,coupe,automatic,299,passat,60000,petrol,volkswagen,no,11.0
23997,1650,limousine,manual,136,e_klasse,150000,petrol,mercedes_benz,no,20.58
23999,4700,station wagon,automatic,299,a6,150000,petrol,audi,no,17.25
24001,6990,bus,manual,131,sharan,150000,diesel,volkswagen,no,14.33
24002,6980,limousine,manual,102,golf,125000,petrol,volkswagen,no,11.58
24003,8750,station wagon,automatic,185,v70,150000,diesel,volvo,no,11.75
24004,8900,station wagon,automatic,163,e_klasse,150000,petrol,mercedes_benz,no,13.42
24012,3390,station wagon,manual,140,passat,150000,diesel,volkswagen,no,12.08
24013,7500,bus,manual,150,zafira,150000,diesel,opel,no,10.67
24014,7300,cabrio,automatic,170,3er,150000,petrol,bmw,no,16.42
24016,600,small car,manual,75,golf,150000,petrol,volkswagen,no,22.08
24018,999,limousine,manual,90,a_klasse,150000,diesel,mercedes_benz,yes,19.92
24019,900,limousine,manual,101,astra,150000,petrol,opel,yes,19.33
24022,299,small car,manual,72,fiesta,125000,petrol,ford,no,20.83
24023,6500,bus,manual,90,others,125000,diesel,skoda,no,6.33
24024,2299,limousine,manual,75,golf,150000,petrol,volkswagen,no,19.42
24026,2200,bus,manual,70,transporter,150000,diesel,volkswagen,no,31.0
24027,6730,bus,manual,175,galaxy,150000,diesel,ford,no,10.75
24028,2200,limousine,manual,110,golf,150000,petrol,volkswagen,yes,16.58
24029,4800,limousine,manual,87,sandero,90000,petrol,dacia,no,8.33
24032,2699,limousine,manual,136,3_reihe,150000,petrol,peugeot,no,14.58
24034,7800,station wagon,automatic,163,a4,125000,diesel,audi,yes,13.83
24035,2000,small car,manual,72,kalos,90000,petrol,daewoo,no,14.75
24036,17498,coupe,automatic,175,mustang,100000,petrol,ford,no,53.5
24037,3500,limousine,automatic,118,others,80000,petrol,mercedes_benz,no,30.5
24041,5900,bus,manual,102,touran,150000,petrol,volkswagen,yes,11.17
24042,3990,bus,manual,69,transporter,150000,diesel,volkswagen,no,29.25
24044,15500,others,manual,143,1er,40000,diesel,bmw,no,7.42
24045,19900,limousine,manual,120,insignia,30000,diesel,opel,no,4.67
24046,8200,small car,manual,60,up,40000,petrol,volkswagen,no,6.42
24048,3600,limousine,manual,125,astra,150000,petrol,opel,no,15.0
24049,28450,limousine,automatic,245,a6,150000,diesel,audi,no,6.17
24050,5999,limousine,manual,102,golf,125000,petrol,volkswagen,no,12.75
24052,27500,cabrio,automatic,150,e_klasse,125000,petrol,mercedes_benz,no,21.42
24054,5499,limousine,automatic,95,a_klasse,90000,petrol,mercedes_benz,no,12.92
24055,6000,station wagon,manual,143,c_klasse,150000,petrol,mercedes_benz,no,14.5
24056,3299,station wagon,automatic,150,omega,150000,diesel,opel,no,16.58
24057,7000,station wagon,automatic,197,5er,150000,diesel,bmw,yes,10.67
24059,5999,suv,manual,141,tucson,125000,petrol,hyundai,no,13.33
24060,2200,bus,manual,145,galaxy,150000,petrol,ford,no,17.67
24062,300,small car,manual,45,polo,150000,petrol,volkswagen,no,23.67
24064,22000,limousine,automatic,235,s_klasse,150000,diesel,mercedes_benz,no,9.67
24065,999,small car,manual,60,ka,125000,petrol,ford,yes,15.67
24067,8600,limousine,automatic,177,5er,150000,diesel,bmw,no,14.67
24068,2400,bus,manual,60,transporter,150000,diesel,volkswagen,no,31.0
24072,2500,suv,manual,125,santa,150000,diesel,hyundai,yes,14.08
24073,5700,coupe,manual,125,astra,80000,petrol,opel,no,13.67
24075,11800,limousine,manual,200,golf,70000,petrol,volkswagen,no,12.08
24076,47800,station wagon,automatic,313,others,70000,diesel,audi,no,5.42
24077,1750,bus,manual,79,others,150000,petrol,suzuki,no,19.42
24078,1600,small car,manual,88,punto,150000,petrol,fiat,no,23.92
24080,750,small car,manual,50,arosa,150000,petrol,seat,no,20.5
24082,1490,cabrio,manual,109,2_reihe,150000,petrol,peugeot,no,16.25
24084,1500,small car,manual,60,2_reihe,80000,petrol,peugeot,no,16.17
24085,700,small car,manual,60,ka,125000,petrol,ford,no,20.58
24087,650,bus,manual,65,doblo,150000,petrol,fiat,yes,16.42
24088,4200,bus,automatic,136,c4,150000,diesel,citroen,no,11.17
24089,3000,small car,manual,68,aygo,100000,petrol,toyota,no,14.0
24090,1150,small car,manual,50,lupo,150000,petrol,volkswagen,no,19.25
24093,1300,small car,manual,95,a_klasse,150000,diesel,mercedes_benz,no,17.83
24095,6900,limousine,manual,80,golf,100000,petrol,volkswagen,no,10.33
24096,16999,cabrio,manual,105,golf,70000,diesel,volkswagen,no,6.17
24098,15490,limousine,manual,179,astra,50000,petrol,opel,no,6.33
24099,2999,station wagon,manual,150,3er,150000,diesel,bmw,no,13.17
24100,200,coupe,manual,105,3er,150000,petrol,bmw,yes,24.0
24103,15000,limousine,automatic,232,a8,150000,diesel,audi,no,10.08
24106,5100,bus,manual,103,scenic,150000,diesel,renault,no,10.08
24107,999,small car,automatic,101,3_reihe,90000,petrol,peugeot,no,22.5
24108,11899,station wagon,manual,160,insignia,100000,diesel,opel,no,9.83
24109,4900,station wagon,manual,116,c_max,125000,diesel,ford,no,12.17
24110,450,small car,manual,45,corsa,150000,petrol,opel,no,22.58
24112,1190,station wagon,manual,75,focus,150000,petrol,ford,no,16.42
24117,699,bus,manual,140,espace,150000,petrol,renault,yes,18.33
24118,1850,station wagon,manual,90,focus,150000,diesel,ford,no,18.42
24119,1990,station wagon,manual,140,v70,150000,petrol,volvo,no,17.58
24120,16960,station wagon,automatic,99,others,80000,hybrid,toyota,no,5.75
24121,1100,small car,manual,58,twingo,150000,petrol,renault,no,14.25
24123,1000,station wagon,manual,163,v40,150000,petrol,volvo,yes,16.25
24124,3949,station wagon,manual,155,signum,100000,petrol,opel,no,14.25
24125,11500,limousine,manual,265,1er,150000,petrol,bmw,no,12.17
24126,6390,limousine,manual,129,1er,125000,petrol,bmw,no,13.58
24127,8500,station wagon,manual,140,passat,150000,diesel,volkswagen,no,9.5
24128,25500,coupe,manual,136,others,20000,diesel,mercedes_benz,no,4.0
24130,3900,station wagon,automatic,165,e_klasse,150000,petrol,mercedes_benz,yes,14.5
24131,3800,limousine,automatic,204,others,150000,petrol,volvo,no,28.67
24132,6399,suv,automatic,155,santa,150000,diesel,hyundai,no,12.0
24134,6000,station wagon,automatic,140,a4,150000,diesel,audi,no,12.67
24135,1600,limousine,manual,95,megane,150000,petrol,renault,no,16.17
24138,1150,station wagon,manual,121,4_reihe,150000,petrol,peugeot,no,23.83
24141,12450,limousine,automatic,233,a8,150000,diesel,audi,no,10.5
24142,5990,suv,automatic,173,cherokee,150000,lpg,jeep,no,19.75
24145,250,small car,manual,45,fiesta,150000,petrol,ford,yes,22.5
24147,890,small car,manual,54,corsa,150000,petrol,opel,yes,18.42
24148,13800,limousine,manual,141,qashqai,40000,petrol,nissan,no,9.0
24149,1450,small car,manual,75,fabia,125000,petrol,skoda,no,16.5
24150,2880,station wagon,manual,110,golf,150000,petrol,volkswagen,no,16.42
24151,5950,bus,manual,101,touran,150000,diesel,volkswagen,no,14.17
24152,7900,coupe,manual,192,3er,100000,petrol,bmw,no,16.75
24157,850,limousine,manual,140,others,150000,petrol,volvo,no,20.08
24159,1150,small car,manual,69,others,150000,diesel,suzuki,no,14.33
24161,200,small car,manual,60,corsa,150000,petrol,opel,yes,20.08
24162,549,small car,manual,45,corsa,150000,petrol,opel,no,21.08
24163,600,small car,automatic,60,corsa,150000,petrol,opel,no,21.5
24164,13300,limousine,manual,150,others,40000,petrol,subaru,no,6.17
24166,12900,suv,manual,110,yeti,70000,diesel,skoda,no,8.08
24167,2700,limousine,manual,116,3er,150000,petrol,bmw,no,15.08
24168,599,coupe,manual,116,others,150000,petrol,ford,no,24.58
24170,13500,bus,manual,131,transporter,150000,diesel,volkswagen,no,15.67
24171,3399,limousine,automatic,184,e_klasse,150000,diesel,mercedes_benz,yes,11.5
24172,10990,bus,manual,110,transporter,150000,petrol,volkswagen,no,22.17
24175,5800,bus,manual,73,others,50000,petrol,citroen,no,8.75
24176,4000,limousine,manual,116,3er,125000,petrol,bmw,no,16.25
24178,3990,small car,manual,69,ka,150000,petrol,ford,no,9.5
24180,2450,station wagon,manual,100,focus,150000,diesel,ford,no,15.42
24181,5500,cabrio,manual,120,z_reihe,150000,petrol,bmw,no,20.25
24182,7499,station wagon,manual,105,caddy,150000,diesel,volkswagen,no,14.0
24183,32999,limousine,automatic,211,q5,40000,petrol,audi,no,8.58
24184,1750,small car,manual,75,corsa,150000,petrol,opel,yes,14.17
24186,2800,small car,manual,92,swift,150000,petrol,suzuki,yes,13.17
24187,11500,station wagon,manual,143,3er,150000,diesel,bmw,no,7.17
24188,2850,limousine,manual,116,almera,125000,petrol,nissan,no,15.58
24189,6999,bus,manual,145,galaxy,100000,petrol,ford,no,12.83
24190,11250,station wagon,manual,150,octavia,125000,petrol,skoda,no,10.67
24191,3800,limousine,manual,167,others,90000,petrol,peugeot,no,28.42
24193,9200,small car,manual,60,fabia,30000,petrol,skoda,no,5.25
24194,3500,bus,manual,125,zafira,150000,diesel,opel,no,14.33
24195,39900,suv,manual,122,defender,20000,diesel,land_rover,no,4.92
24196,5999,station wagon,manual,170,4_reihe,125000,diesel,peugeot,no,11.67
24197,32500,limousine,automatic,265,e_klasse,70000,diesel,mercedes_benz,no,6.25
24198,12900,small car,manual,105,polo,30000,petrol,volkswagen,no,5.67
24200,6300,suv,manual,150,others,150000,petrol,ford,no,12.08
24201,2400,small car,manual,70,corsa,150000,diesel,opel,no,12.67
24202,27900,cabrio,automatic,245,sl,90000,petrol,mercedes_benz,no,13.67
24203,5399,small car,automatic,54,fortwo,125000,diesel,smart,no,8.42
24204,3400,limousine,manual,101,golf,125000,petrol,volkswagen,no,20.33
24205,899,limousine,manual,125,a3,150000,petrol,audi,no,21.25
24206,35850,limousine,automatic,313,3er,80000,diesel,bmw,no,5.83
24208,2499,small car,manual,75,ibiza,150000,petrol,seat,no,15.5
24209,700,small car,automatic,75,golf,100000,petrol,volkswagen,yes,25.08
24210,16950,suv,manual,122,defender,150000,diesel,land_rover,no,16.08
24211,3550,limousine,manual,75,others,20000,petrol,peugeot,no,10.67
24212,4250,small car,manual,75,twingo,125000,petrol,renault,no,5.08
24213,850,small car,manual,75,fiesta,150000,petrol,ford,no,17.75
24214,2999,small car,manual,80,panda,90000,petrol,fiat,no,7.67
24215,13500,station wagon,manual,250,focus,150000,petrol,ford,no,6.75
24216,1200,bus,manual,115,ducato,5000,diesel,fiat,no,20.75
24220,3350,limousine,manual,105,3er,150000,petrol,bmw,no,18.33
24222,750,limousine,manual,75,golf,150000,petrol,volkswagen,no,22.75
24223,3700,cabrio,manual,125,tigra,125000,petrol,opel,no,14.0
24224,3850,small car,manual,55,fabia,80000,petrol,skoda,no,15.25
24225,7350,others,manual,82,vivaro,125000,diesel,opel,no,13.08
24226,1500,small car,manual,50,polo,150000,petrol,volkswagen,no,17.42
24227,1699,bus,automatic,140,espace,150000,petrol,renault,no,18.42
24228,550,station wagon,manual,131,mondeo,150000,diesel,ford,no,17.75
24229,550,small car,manual,45,polo,150000,petrol,volkswagen,no,24.17
24230,17900,limousine,automatic,235,s_klasse,150000,diesel,mercedes_benz,no,10.25
24231,12300,station wagon,manual,150,focus,100000,petrol,ford,no,6.17
24233,1998,limousine,manual,118,3er,150000,petrol,bmw,no,20.5
24234,2000,limousine,manual,105,leon,150000,petrol,seat,no,15.33
24236,890,small car,manual,50,lupo,100000,petrol,volkswagen,yes,19.58
24237,4000,limousine,manual,220,a3,150000,petrol,audi,no,17.83
24238,4499,station wagon,automatic,192,5er,150000,petrol,bmw,no,17.83
24239,17900,limousine,automatic,231,7er,150000,diesel,bmw,no,11.58
24240,4850,limousine,manual,163,a4,150000,diesel,audi,no,15.83
24243,525,small car,manual,60,fiesta,150000,petrol,ford,no,20.17
24244,8900,station wagon,automatic,105,caddy,150000,diesel,volkswagen,no,9.08
24245,2500,station wagon,manual,102,v40,150000,diesel,volvo,no,18.83
24246,590,limousine,manual,75,astra,150000,petrol,opel,no,20.58
24247,37175,limousine,automatic,299,a6,70000,petrol,audi,no,7.75
24248,10900,station wagon,automatic,218,5er,150000,petrol,bmw,no,10.5
24249,17000,limousine,automatic,165,astra,40000,diesel,opel,no,4.25
24250,999,limousine,automatic,102,a_klasse,150000,petrol,mercedes_benz,no,19.67
24252,7500,limousine,manual,105,a3,150000,diesel,audi,no,10.33
24253,1300,station wagon,manual,101,astra,150000,diesel,opel,no,17.92
24254,12500,limousine,manual,105,golf,90000,diesel,volkswagen,no,8.33
24255,11200,small car,manual,105,others,30000,petrol,skoda,no,4.0
24256,1150,limousine,automatic,136,omega,150000,petrol,opel,no,24.58
24261,8900,station wagon,automatic,170,passat,150000,diesel,volkswagen,no,12.92
24263,649,small car,manual,54,corsa,150000,petrol,opel,no,22.08
24264,1580,small car,manual,76,others,150000,petrol,suzuki,no,15.25
24265,9600,limousine,manual,105,golf,50000,petrol,volkswagen,no,8.25
24266,1100,station wagon,manual,133,100,150000,petrol,audi,no,26.17
24267,14250,limousine,automatic,143,3er,125000,diesel,bmw,no,7.17
24268,1199,small car,manual,56,corsa,150000,petrol,opel,no,15.75
24269,2199,small car,manual,75,twingo,40000,petrol,renault,no,17.92
24270,3950,limousine,manual,170,golf,150000,petrol,volkswagen,no,17.67
24272,2550,small car,manual,75,clio,100000,petrol,renault,no,16.83
24273,3200,cabrio,manual,136,3_reihe,150000,petrol,peugeot,no,14.58
24275,1350,limousine,automatic,272,others,150000,lpg,volvo,yes,18.67
24276,1900,small car,manual,101,fabia,150000,petrol,skoda,no,17.17
24279,800,small car,manual,45,polo,150000,petrol,volkswagen,no,22.08
24280,7500,station wagon,manual,80,caddy,60000,petrol,volkswagen,no,10.92
24281,9750,cabrio,automatic,163,clk,100000,petrol,mercedes_benz,no,14.5
24286,4500,bus,manual,220,s_max,150000,petrol,ford,no,12.75
24287,1200,station wagon,manual,75,golf,150000,petrol,volkswagen,no,18.25
24289,3100,station wagon,manual,155,a4,150000,diesel,audi,no,16.08
24290,1400,limousine,manual,125,a4,150000,petrol,audi,no,23.0
24293,1494,station wagon,automatic,140,v70,150000,diesel,volvo,no,21.0
24295,3200,limousine,manual,116,passat,150000,lpg,volkswagen,no,16.33
24296,1200,station wagon,manual,135,omega,125000,petrol,opel,yes,20.58
24297,6650,station wagon,manual,140,a6,90000,diesel,audi,no,14.0
24299,2700,suv,manual,97,freelander,150000,diesel,land_rover,no,18.42
24300,8500,limousine,automatic,224,e_klasse,150000,lpg,mercedes_benz,no,15.25
24303,2150,small car,manual,77,others,150000,petrol,fiat,no,12.25
24304,600,limousine,manual,98,3_reihe,150000,petrol,mazda,no,20.0
24306,8699,station wagon,manual,109,caddy,125000,cng,volkswagen,no,8.42
24307,3500,small car,manual,75,clio,90000,petrol,renault,no,12.75
24309,9200,limousine,manual,204,x_reihe,150000,diesel,bmw,no,13.25
24310,2799,limousine,manual,133,others,150000,diesel,peugeot,no,15.75
24311,1400,bus,manual,78,transporter,150000,diesel,volkswagen,no,25.33
24312,750,station wagon,manual,131,mondeo,150000,diesel,ford,no,16.17
24314,1950,coupe,automatic,136,clk,150000,petrol,mercedes_benz,no,20.83
24318,17250,limousine,manual,156,c_klasse,70000,petrol,mercedes_benz,no,6.42
24319,8750,cabrio,automatic,163,clk,150000,petrol,mercedes_benz,no,14.25
24320,19500,cabrio,automatic,170,3er,70000,petrol,bmw,no,9.67
24322,27900,coupe,automatic,420,3er,80000,petrol,bmw,no,11.58
24323,2990,limousine,automatic,170,c_klasse,150000,diesel,mercedes_benz,no,16.17
24328,1950,suv,manual,208,pajero,150000,petrol,mitsubishi,no,21.5
24329,11990,limousine,manual,160,a3,90000,petrol,audi,no,9.08
24330,5999,station wagon,manual,330,a4,150000,petrol,audi,no,20.67
24331,42600,coupe,automatic,224,a5,30000,petrol,audi,no,4.83
24332,1860,bus,manual,126,others,125000,petrol,kia,no,15.08
24334,888,small car,manual,45,polo,150000,petrol,volkswagen,no,20.42
24335,2690,cabrio,manual,147,astra,150000,petrol,opel,no,17.67
24336,10500,station wagon,manual,160,octavia,80000,petrol,skoda,yes,6.83
24337,14444,coupe,automatic,286,3er,150000,diesel,bmw,no,11.17
24340,2000,station wagon,manual,70,forfour,150000,diesel,smart,no,12.67
24341,4500,small car,manual,60,corsa,70000,petrol,opel,no,9.42
24345,6300,small car,manual,86,ibiza,100000,petrol,seat,no,9.42
24346,4900,small car,manual,68,1_reihe,70000,petrol,peugeot,no,5.67
24347,2250,cabrio,manual,116,others,150000,petrol,audi,no,23.33
24348,1590,small car,manual,75,2_reihe,125000,petrol,peugeot,no,16.42
24349,2500,small car,manual,86,yaris,150000,petrol,toyota,no,18.83
24350,1699,limousine,manual,116,focus,150000,petrol,ford,no,16.08
24352,13799,bus,manual,140,touran,150000,diesel,volkswagen,no,7.75
24354,600,station wagon,manual,116,focus,150000,petrol,ford,yes,18.08
24355,550,station wagon,manual,75,escort,150000,petrol,ford,no,21.0
24356,7800,limousine,automatic,102,golf,150000,petrol,volkswagen,no,10.25
24357,499,small car,manual,60,matiz,150000,petrol,daewoo,yes,14.25
24358,3150,small car,manual,83,jazz,150000,petrol,honda,no,14.33
24359,990,station wagon,manual,110,4_reihe,150000,petrol,peugeot,no,19.25
24360,2900,small car,manual,54,polo,150000,petrol,volkswagen,no,13.42
24363,10999,limousine,automatic,170,superb,90000,diesel,skoda,yes,6.33
24364,23750,station wagon,manual,140,passat,30000,diesel,volkswagen,no,4.67
24365,1800,station wagon,manual,207,c5,125000,petrol,citroen,no,16.67
24366,600,small car,manual,60,fiesta,150000,petrol,ford,no,25.0
24368,12000,bus,manual,97,transporter,100000,petrol,volkswagen,no,29.25
24369,4900,station wagon,manual,102,caddy,150000,petrol,volkswagen,no,11.92
24370,9800,limousine,manual,286,5er,150000,petrol,bmw,no,17.5
24373,250,small car,manual,55,polo,150000,petrol,volkswagen,yes,24.0
24375,1599,limousine,manual,100,golf,150000,petrol,volkswagen,no,19.58
24376,9500,cabrio,manual,122,eos,125000,petrol,volkswagen,no,8.5
24377,600,small car,manual,90,2_reihe,150000,diesel,peugeot,yes,18.75
24378,4990,bus,automatic,140,touran,150000,diesel,volkswagen,yes,11.33
24379,350,small car,manual,60,corsa,150000,petrol,opel,no,18.5
24380,450,small car,manual,75,focus,150000,petrol,ford,yes,19.17
24382,5100,bus,manual,116,sharan,150000,diesel,volkswagen,yes,12.25
24384,399,station wagon,manual,115,v40,150000,petrol,volvo,yes,21.08
24385,4600,coupe,manual,170,others,90000,petrol,mitsubishi,no,35.5
24390,5500,station wagon,manual,131,passat,150000,diesel,volkswagen,no,17.08
24392,1550,small car,manual,54,1_reihe,150000,diesel,peugeot,no,19.83
24396,3500,small car,manual,101,polo,125000,diesel,volkswagen,no,10.42
24397,2000,limousine,manual,193,5er,150000,diesel,bmw,yes,15.33
24399,3500,limousine,automatic,125,carisma,125000,petrol,mitsubishi,no,15.17
24401,3500,bus,manual,90,galaxy,150000,diesel,ford,no,14.25
24403,11900,limousine,manual,179,golf,80000,petrol,volkswagen,no,16.25
24404,20980,suv,automatic,224,m_klasse,150000,diesel,mercedes_benz,no,11.08
24406,2399,small car,manual,60,fiesta,90000,petrol,ford,no,15.75
24408,2500,station wagon,manual,143,3er,150000,petrol,bmw,no,15.83
24409,1700,limousine,manual,116,3er,125000,petrol,bmw,no,14.08
24410,5000,small car,manual,69,polo,90000,petrol,volkswagen,no,10.25
24412,1850,small car,manual,60,lupo,125000,diesel,volkswagen,no,16.92
24413,14900,station wagon,automatic,184,clubman,125000,petrol,mini,no,8.83
24416,16999,small car,manual,105,a1,40000,diesel,audi,no,7.92
24417,13250,limousine,manual,150,focus,50000,petrol,ford,no,6.08
24419,5990,cabrio,manual,116,mx_reihe,125000,petrol,mazda,no,25.25
24421,1750,limousine,manual,125,a4,150000,petrol,audi,no,18.5
24422,6990,bus,manual,102,touran,125000,petrol,volkswagen,no,11.83
24423,1800,limousine,automatic,146,vectra,150000,petrol,opel,no,16.92
24424,18900,bus,manual,200,s_max,30000,diesel,ford,no,7.42
24426,100,small car,manual,75,colt,150000,petrol,mitsubishi,yes,19.5
24427,3450,limousine,manual,126,others,150000,petrol,nissan,no,10.58
24428,3500,small car,manual,68,c1,80000,petrol,citroen,no,9.25
24429,1200,small car,manual,54,micra,90000,petrol,nissan,no,18.08
24430,550,limousine,manual,90,80,150000,petrol,audi,no,32.25
24431,1799,small car,manual,75,corsa,150000,petrol,opel,no,17.0
24432,5299,limousine,manual,163,1er,150000,diesel,bmw,no,13.42
24433,3500,bus,manual,116,galaxy,150000,diesel,ford,no,13.67
24434,6990,limousine,manual,122,3er,150000,diesel,bmw,no,11.25
24435,999,small car,manual,75,ibiza,125000,petrol,seat,no,17.17
24436,2950,limousine,manual,163,c_klasse,150000,petrol,mercedes_benz,no,15.75
24437,35500,station wagon,automatic,313,a6,125000,diesel,audi,no,6.5
24439,1300,limousine,manual,75,jetta,150000,petrol,volkswagen,no,32.42
24441,2500,limousine,manual,170,3er,125000,petrol,bmw,yes,17.83
24442,15500,bus,manual,150,c_max,50000,petrol,ford,no,6.17
24443,1200,others,manual,130,caddy,150000,diesel,volkswagen,no,19.42
24444,7500,limousine,manual,126,auris,125000,diesel,toyota,no,10.83
24445,26850,limousine,automatic,136,e_klasse,30000,diesel,mercedes_benz,no,5.25
24446,5400,others,manual,69,roomster,150000,petrol,skoda,no,9.42
24447,300,coupe,manual,90,others,150000,petrol,nissan,no,25.25
24448,2400,station wagon,automatic,155,a4,150000,diesel,audi,no,16.58
24449,16200,station wagon,automatic,190,5er,125000,petrol,bmw,no,9.67
24450,12999,station wagon,manual,190,a6,150000,diesel,audi,no,9.08
24451,2599,small car,manual,75,polo,80000,petrol,volkswagen,no,16.33
24452,11350,station wagon,automatic,192,5er,125000,petrol,bmw,no,13.17
24453,500,small car,manual,105,golf,150000,petrol,volkswagen,yes,17.17
24454,12500,station wagon,automatic,340,others,150000,lpg,audi,no,15.25
24455,1490,cabrio,manual,90,golf,150000,petrol,volkswagen,no,24.08
24457,4500,limousine,manual,170,5er,70000,petrol,bmw,no,21.25
24460,4999,limousine,automatic,280,others,150000,petrol,audi,no,26.17
24461,1750,small car,manual,125,a3,150000,petrol,audi,no,21.92
24463,480,limousine,manual,75,golf,150000,petrol,volkswagen,yes,25.25
24464,16999,cabrio,automatic,306,sl,150000,petrol,mercedes_benz,no,15.5
24465,10500,coupe,manual,200,tt,150000,petrol,audi,no,18.42
24467,2500,cabrio,manual,125,others,100000,petrol,porsche,yes,42.5
24468,5500,suv,manual,141,sportage,150000,petrol,kia,no,12.0
24470,1400,small car,manual,60,ka,100000,petrol,ford,no,12.33
24471,550,small car,manual,58,agila,150000,petrol,opel,no,17.58
24472,2500,coupe,manual,163,others,150000,petrol,mercedes_benz,no,16.17
24473,25699,coupe,manual,156,c_klasse,50000,petrol,mercedes_benz,no,5.67
24474,3500,station wagon,manual,170,passat,150000,diesel,volkswagen,yes,11.33
24476,21000,limousine,automatic,239,q7,150000,diesel,audi,no,10.5
24477,7799,station wagon,manual,179,a6,150000,diesel,audi,no,13.0
24478,18990,limousine,automatic,156,c_klasse,50000,petrol,mercedes_benz,no,6.5
24479,6900,limousine,manual,102,a3,150000,petrol,audi,no,12.17
24485,4450,bus,automatic,116,galaxy,150000,diesel,ford,no,16.33
24486,3890,station wagon,manual,211,signum,150000,petrol,opel,no,15.92
24487,17900,limousine,automatic,235,s_klasse,150000,diesel,mercedes_benz,no,10.5
24488,3000,station wagon,manual,131,passat,150000,diesel,volkswagen,no,17.67
24491,1000,small car,manual,58,twingo,150000,petrol,renault,no,18.92
24495,17888,station wagon,manual,150,v60,50000,petrol,volvo,no,5.42
24497,1000,small car,manual,60,corsa,150000,petrol,opel,no,23.58
24498,1450,limousine,manual,101,astra,150000,petrol,opel,no,17.92
24501,3099,small car,manual,68,1_reihe,90000,petrol,peugeot,no,12.92
24502,17900,station wagon,manual,156,c_klasse,50000,petrol,mercedes_benz,no,9.58
24503,400,small car,manual,75,1_reihe,150000,petrol,peugeot,no,22.5
24505,2500,limousine,manual,101,passat,150000,petrol,volkswagen,no,21.08
24506,1590,limousine,manual,82,a_klasse,150000,petrol,mercedes_benz,no,20.5
24507,2999,small car,manual,65,clio,125000,petrol,renault,no,10.17
24510,5000,suv,manual,75,caddy,125000,petrol,volkswagen,no,29.58
24513,13590,cabrio,automatic,231,slk,125000,petrol,mercedes_benz,no,12.25
24514,10500,bus,manual,170,touran,90000,diesel,volkswagen,no,11.75
24515,2000,coupe,manual,140,3er,150000,petrol,bmw,no,21.67
24516,8250,limousine,manual,101,astra,50000,petrol,opel,no,7.75
24517,5250,station wagon,manual,145,focus,150000,petrol,ford,no,13.25
24518,4450,small car,manual,69,ibiza,125000,petrol,seat,no,9.0
24519,5500,limousine,manual,109,c_reihe,150000,diesel,volvo,no,10.25
24520,8000,small car,manual,97,fiesta,70000,petrol,ford,no,6.42
24522,6449,station wagon,manual,179,a6,150000,diesel,audi,no,12.0
24523,650,limousine,manual,150,a6,150000,petrol,audi,no,24.58
24524,28000,cabrio,manual,50,others,125000,petrol,volkswagen,no,45.42
24525,1350,station wagon,manual,75,2_reihe,150000,petrol,peugeot,no,15.25
24527,15400,limousine,automatic,105,golf,80000,diesel,volkswagen,no,5.17
24528,2300,coupe,manual,116,astra,150000,petrol,opel,no,18.75
24529,8258,station wagon,manual,140,golf,150000,diesel,volkswagen,no,8.83
24532,3000,bus,manual,87,ducato,150000,diesel,fiat,no,15.75
24533,2700,small car,automatic,68,forfour,150000,diesel,smart,no,12.25
24536,2999,limousine,manual,112,megane,70000,petrol,renault,no,10.33
24537,10500,bus,manual,102,caddy,50000,diesel,volkswagen,no,6.75
24538,2300,small car,manual,65,yaris,150000,petrol,toyota,no,14.25
24539,1999,small car,manual,82,getz,150000,diesel,hyundai,no,14.33
24542,500,small car,manual,55,corsa,150000,petrol,opel,no,21.33
24543,750,limousine,manual,75,colt,150000,petrol,mitsubishi,no,23.75
24544,19000,coupe,automatic,179,a5,125000,petrol,audi,no,7.58
24545,10000,limousine,automatic,218,300c,150000,diesel,chrysler,no,13.0
24546,600,small car,manual,75,polo,150000,petrol,volkswagen,yes,22.08
24547,6500,bus,automatic,136,others,150000,diesel,citroen,no,8.17
24549,2150,small car,manual,60,punto,125000,petrol,fiat,no,17.33
24550,500,small car,manual,58,clio,150000,petrol,renault,yes,16.58
24551,47500,suv,automatic,231,x_reihe,5000,diesel,bmw,no,3.83
24552,23500,bus,manual,140,transporter,90000,diesel,volkswagen,no,6.5
24553,7990,small car,manual,60,up,30000,petrol,volkswagen,no,6.75
24554,6400,limousine,manual,105,passat,80000,diesel,volkswagen,no,7.67
24556,3300,limousine,manual,150,a3,150000,petrol,audi,no,19.25
24558,2750,small car,manual,50,lupo,125000,petrol,volkswagen,no,15.25
24560,2500,station wagon,manual,64,fabia,150000,petrol,skoda,no,12.08
24561,2790,cabrio,manual,163,slk,150000,petrol,mercedes_benz,no,18.08
24563,1950,coupe,automatic,163,c_klasse,150000,petrol,mercedes_benz,no,17.25
24566,38200,suv,manual,190,x_reihe,5000,diesel,bmw,no,4.17
24568,850,station wagon,manual,135,vectra,150000,petrol,opel,no,19.75
24569,1690,limousine,manual,75,golf,150000,petrol,volkswagen,no,16.25
24570,1399,station wagon,manual,110,passat,150000,diesel,volkswagen,yes,20.58
24576,49999,coupe,automatic,340,tt,50000,petrol,audi,no,6.83
24577,19890,suv,automatic,200,xc_reihe,150000,diesel,volvo,no,7.83
24579,1650,limousine,manual,75,golf,150000,petrol,volkswagen,no,19.42
24580,2250,small car,manual,60,polo,125000,petrol,volkswagen,no,17.58
24583,12000,limousine,automatic,231,3er,150000,diesel,bmw,no,12.08
24585,10000,limousine,manual,177,a4,150000,diesel,audi,no,6.25
24586,8889,station wagon,automatic,190,e_klasse,150000,diesel,mercedes_benz,no,13.58
24587,10999,limousine,automatic,177,5er,150000,diesel,bmw,no,13.17
24589,850,station wagon,automatic,150,a4,150000,diesel,audi,yes,20.5
24591,8990,bus,manual,105,golf,50000,petrol,volkswagen,no,7.33
24593,8999,limousine,manual,75,others,20000,petrol,opel,no,36.25
24594,1700,station wagon,manual,116,focus,150000,diesel,ford,no,17.75
24597,3500,station wagon,manual,131,passat,150000,diesel,volkswagen,no,14.25
24598,1390,bus,manual,110,transporter,150000,petrol,volkswagen,no,23.92
24599,6800,bus,manual,151,transporter,150000,diesel,volkswagen,no,19.0
24601,4500,station wagon,automatic,170,touran,150000,diesel,volkswagen,no,11.67
24602,2200,small car,manual,75,2_reihe,90000,petrol,peugeot,no,23.25
24603,750,small car,manual,75,fiesta,150000,petrol,ford,no,19.83
24604,1350,station wagon,manual,101,a4,150000,petrol,audi,no,20.25
24605,2000,cabrio,manual,95,ka,125000,petrol,ford,no,15.0
24606,2800,small car,manual,60,punto,80000,petrol,fiat,no,13.25
24608,12490,limousine,automatic,272,s_klasse,150000,petrol,mercedes_benz,no,12.25
24612,3400,limousine,manual,150,3er,150000,petrol,bmw,no,18.67
24613,1222,small car,manual,82,a_klasse,150000,petrol,mercedes_benz,no,20.5
24615,1199,small car,manual,60,punto,150000,petrol,fiat,no,21.83
24618,26500,limousine,automatic,170,c_klasse,60000,diesel,mercedes_benz,no,7.67
24621,9890,small car,manual,90,jazz,5000,petrol,honda,no,5.0
24624,5990,limousine,manual,60,others,150000,diesel,mercedes_benz,no,41.25
24625,8900,station wagon,automatic,286,5er,150000,petrol,bmw,no,15.58
24630,1200,limousine,manual,125,octavia,150000,petrol,skoda,no,20.17
24631,650,station wagon,automatic,125,a4,150000,petrol,audi,yes,21.33
24632,2800,limousine,manual,209,others,150000,petrol,audi,no,18.33
24634,1800,station wagon,manual,109,focus,150000,diesel,ford,yes,13.58
24635,5800,coupe,manual,150,rx_reihe,100000,petrol,mazda,no,30.58
24636,9490,limousine,manual,104,leon,40000,petrol,seat,no,6.75
24637,2180,station wagon,manual,101,golf,150000,diesel,volkswagen,no,16.58
24639,5400,limousine,manual,102,leon,125000,petrol,seat,no,12.33
24641,2345,small car,manual,65,picanto,125000,petrol,kia,no,11.25
24644,3400,bus,manual,122,vito,150000,diesel,mercedes_benz,no,17.42
24645,2850,station wagon,automatic,115,passat,150000,petrol,volkswagen,no,18.0
24646,3999,limousine,manual,116,golf,150000,petrol,volkswagen,no,14.92
24647,5100,coupe,automatic,122,c_klasse,150000,diesel,mercedes_benz,no,16.0
24648,5800,station wagon,automatic,150,c_klasse,150000,diesel,mercedes_benz,no,13.67
24649,990,small car,manual,60,others,125000,petrol,citroen,no,17.83
24654,700,limousine,manual,75,astra,125000,petrol,opel,no,21.83
24655,25990,limousine,automatic,184,3er,50000,diesel,bmw,no,6.67
24656,8000,bus,manual,102,transporter,150000,diesel,volkswagen,no,17.33
24657,5200,small car,manual,75,polo,150000,diesel,volkswagen,no,7.5
24661,2100,small car,manual,54,polo,90000,petrol,volkswagen,no,15.08
24662,6100,bus,manual,75,berlingo,30000,petrol,citroen,no,9.83
24663,3990,cabrio,manual,136,3_reihe,150000,petrol,peugeot,no,14.75
24664,800,small car,manual,75,golf,150000,petrol,volkswagen,no,23.5
24665,900,small car,manual,65,corsa,150000,petrol,opel,yes,18.5
24667,500,small car,manual,39,others,150000,petrol,fiat,no,25.75
24668,1000,station wagon,automatic,113,laguna,150000,petrol,renault,no,20.75
24669,990,cabrio,manual,90,golf,125000,petrol,volkswagen,no,23.5
24672,6150,limousine,automatic,150,3er,150000,petrol,bmw,no,19.33
24673,950,limousine,manual,75,golf,150000,petrol,volkswagen,no,19.0
24674,3800,limousine,manual,80,focus,150000,petrol,ford,no,14.0
24675,6699,limousine,manual,110,others,150000,petrol,saab,no,35.42
24678,7200,cabrio,manual,197,others,150000,petrol,mercedes_benz,no,16.58
24680,999,small car,manual,90,cordoba,150000,diesel,seat,no,18.67
24681,3800,bus,manual,128,others,150000,lpg,toyota,no,18.33
24682,2999,limousine,manual,105,3er,90000,petrol,bmw,no,18.58
24684,1400,limousine,automatic,116,vectra,150000,petrol,opel,no,18.67
24686,2950,small car,automatic,75,polo,125000,petrol,volkswagen,no,14.75
24687,5600,small car,manual,69,500,70000,petrol,fiat,no,10.17
24689,9990,cabrio,manual,150,2_reihe,50000,petrol,peugeot,no,10.42
24691,27500,limousine,automatic,143,x_reihe,20000,diesel,bmw,no,3.33
24692,4250,limousine,manual,105,golf,150000,diesel,volkswagen,no,13.42
24693,8700,limousine,manual,105,golf,150000,diesel,volkswagen,no,7.83
24695,6999,station wagon,manual,177,3er,150000,diesel,bmw,no,11.92
24697,2500,small car,manual,68,1_reihe,150000,petrol,peugeot,no,11.42
24701,1500,limousine,manual,82,a_klasse,100000,petrol,mercedes_benz,no,19.17
24702,2500,small car,automatic,65,others,80000,petrol,honda,no,18.75
24703,2000,limousine,manual,144,omega,150000,petrol,opel,yes,20.0
24704,13780,bus,manual,140,touran,90000,petrol,volkswagen,no,8.17
24708,29800,suv,automatic,340,touareg,80000,diesel,volkswagen,no,8.58
24709,300,small car,manual,75,others,150000,petrol,toyota,no,21.5
24710,16750,limousine,automatic,143,x_reihe,60000,diesel,bmw,no,7.42
24711,2900,bus,manual,150,espace,150000,diesel,renault,no,14.17
24713,13999,cabrio,manual,150,3er,90000,diesel,bmw,no,12.5
24715,1430,small car,manual,65,corsa,150000,diesel,opel,yes,16.25
24716,1700,small car,manual,60,ibiza,125000,petrol,seat,no,18.0
24717,1250,small car,manual,50,polo,150000,petrol,volkswagen,no,18.25
24718,11499,station wagon,manual,170,a4,150000,diesel,audi,no,11.5
24719,2490,station wagon,manual,101,golf,150000,diesel,volkswagen,no,16.0
24720,10500,station wagon,manual,143,3er,150000,diesel,bmw,no,10.5
24722,5300,limousine,manual,80,golf,150000,petrol,volkswagen,no,11.5
24723,8800,limousine,automatic,241,others,150000,petrol,mercedes_benz,no,37.42
24724,1750,limousine,automatic,125,a4,150000,petrol,audi,no,23.75
24726,11500,bus,manual,151,transporter,150000,diesel,volkswagen,no,18.08
24727,650,limousine,manual,102,3er,150000,petrol,bmw,no,21.25
24728,2450,cabrio,automatic,54,fortwo,90000,petrol,smart,no,17.67
24729,8000,small car,manual,174,cooper,125000,petrol,mini,no,11.0
24730,11450,cabrio,automatic,170,a4,70000,petrol,audi,no,13.42
24731,2945,small car,manual,77,others,150000,petrol,fiat,no,12.5
24733,1990,limousine,manual,101,golf,150000,diesel,volkswagen,no,17.0
24734,5333,suv,manual,150,others,150000,lpg,mazda,no,12.42
24735,4800,station wagon,manual,150,passat,150000,petrol,volkswagen,no,14.5
24736,1200,limousine,manual,100,focus,150000,petrol,ford,yes,20.33
24737,4500,small car,manual,99,yaris,60000,petrol,toyota,yes,7.67
24740,14199,station wagon,automatic,160,insignia,150000,diesel,opel,no,7.42
24741,1800,small car,manual,58,corsa,150000,petrol,opel,no,17.42
24742,11450,coupe,automatic,170,cc,150000,diesel,volkswagen,no,10.92
24743,999,limousine,manual,54,golf,150000,petrol,volkswagen,no,29.0
24744,2490,limousine,manual,121,others,125000,petrol,chevrolet,no,12.83
24745,2900,small car,manual,80,corsa,125000,petrol,opel,no,13.0
24747,550,bus,manual,88,vito,150000,diesel,mercedes_benz,no,18.5
24748,24000,coupe,manual,239,a5,90000,diesel,audi,no,10.17
24749,5890,small car,manual,83,fiesta,125000,petrol,ford,no,9.42
24750,650,coupe,manual,102,3er,150000,petrol,bmw,no,23.83
24753,550,small car,manual,61,twingo,150000,petrol,renault,no,17.25
24754,1100,limousine,manual,136,c5,150000,petrol,citroen,yes,16.92
24755,6700,limousine,manual,150,a3,150000,lpg,audi,no,19.5
24756,4250,small car,manual,69,ka,90000,petrol,ford,no,9.58
24758,21900,station wagon,automatic,239,a6,125000,diesel,audi,no,9.0
24761,8750,station wagon,manual,170,a4,150000,diesel,audi,no,11.92
24764,2750,bus,manual,118,almera,150000,petrol,nissan,no,14.75
24765,3999,station wagon,manual,170,e_klasse,150000,diesel,mercedes_benz,no,17.5
24766,21300,limousine,manual,150,beetle,20000,petrol,volkswagen,no,3.42
24767,5250,limousine,manual,120,bravo,100000,petrol,fiat,no,9.5
24769,2700,bus,manual,94,combo,150000,cng,opel,no,11.17
24770,700,limousine,manual,116,vectra,150000,petrol,opel,yes,19.83
24771,750,suv,automatic,85,terios,100000,petrol,daihatsu,yes,17.25
24773,6500,cabrio,manual,197,slk,150000,petrol,mercedes_benz,no,18.75
24774,5445,coupe,manual,88,others,125000,petrol,lancia,no,44.33
24775,3790,station wagon,automatic,170,3er,150000,petrol,bmw,no,18.0
24776,1800,station wagon,automatic,118,3er,150000,petrol,bmw,yes,18.58
24777,4400,cabrio,manual,125,others,150000,petrol,audi,no,21.58
24778,6900,station wagon,automatic,184,signum,125000,diesel,opel,no,11.75
24779,4490,small car,automatic,71,fortwo,90000,petrol,smart,no,8.83
24781,25900,bus,automatic,140,alhambra,50000,diesel,seat,no,4.75
24782,1900,limousine,manual,116,c_klasse,150000,diesel,mercedes_benz,no,17.58
24783,6000,suv,manual,180,a6,150000,diesel,audi,no,18.83
24784,799,station wagon,manual,90,others,150000,petrol,hyundai,no,20.42
24785,5999,limousine,manual,140,passat,150000,diesel,volkswagen,no,12.75
24786,4500,bus,manual,90,meriva,100000,petrol,opel,no,11.42
24787,950,small car,manual,45,corsa,150000,petrol,opel,no,21.75
24789,18950,limousine,automatic,170,golf,50000,diesel,volkswagen,no,6.33
24790,4999,limousine,automatic,224,e_klasse,150000,petrol,mercedes_benz,yes,16.0
24791,8499,limousine,manual,150,3er,125000,petrol,bmw,no,12.92
24793,8399,limousine,manual,110,golf,125000,diesel,volkswagen,no,11.0
24795,2450,cabrio,manual,75,golf,150000,petrol,volkswagen,no,22.25
24796,4500,limousine,manual,105,golf,150000,diesel,volkswagen,no,14.42
24800,1250,small car,manual,60,polo,150000,petrol,volkswagen,no,21.67
24802,4500,small car,manual,60,ibiza,70000,petrol,seat,no,10.58
24803,4100,bus,manual,101,touran,150000,diesel,volkswagen,no,14.42
24804,2550,small car,automatic,54,fortwo,125000,petrol,smart,no,16.33
24806,500,limousine,manual,90,golf,150000,petrol,volkswagen,no,22.5
24810,9900,limousine,manual,226,focus,90000,petrol,ford,no,11.42
24812,3000,station wagon,automatic,143,e_klasse,150000,diesel,mercedes_benz,no,19.75
24813,3200,small car,manual,76,twingo,125000,petrol,renault,no,8.17
24814,1190,small car,manual,73,c2,150000,petrol,citroen,no,13.42
24815,1799,small car,manual,75,astra,125000,petrol,opel,no,17.42
24817,4500,limousine,manual,150,bravo,150000,diesel,fiat,no,10.42
24818,17500,limousine,manual,129,5er,150000,petrol,bmw,no,31.5
24819,6799,cabrio,manual,107,golf,100000,petrol,volkswagen,no,27.17
24822,1700,small car,manual,68,getz,150000,petrol,hyundai,no,10.25
24824,4350,limousine,manual,105,astra,150000,petrol,opel,no,11.67
24827,34500,bus,automatic,179,transporter,100000,diesel,volkswagen,no,7.17
24829,1800,limousine,manual,100,a3,150000,petrol,audi,no,21.0
24830,3800,cabrio,manual,110,mx_reihe,125000,petrol,mazda,no,14.17
24831,14450,limousine,manual,143,3er,70000,diesel,bmw,no,7.42
24832,25900,limousine,manual,370,lancer,60000,petrol,mitsubishi,no,13.42
24834,1500,coupe,automatic,136,clk,150000,petrol,mercedes_benz,no,20.33
24836,8999,limousine,automatic,224,a6,150000,diesel,audi,no,13.33
24837,1950,limousine,manual,193,a4,150000,lpg,audi,no,19.25
24838,6000,limousine,manual,105,golf,150000,diesel,volkswagen,no,11.33
24839,1999,limousine,manual,101,focus,125000,diesel,ford,no,13.17
24841,700,limousine,manual,102,3er,150000,petrol,bmw,yes,19.58
24842,1650,station wagon,automatic,125,vectra,150000,petrol,opel,no,17.25
24843,29990,limousine,automatic,170,e_klasse,30000,diesel,mercedes_benz,no,4.75
24844,750,station wagon,manual,133,100,150000,petrol,audi,yes,28.83
24845,1300,small car,manual,60,micra,150000,petrol,nissan,no,17.67
24847,4190,limousine,manual,101,astra,150000,diesel,opel,no,12.33
24848,23200,bus,automatic,165,zafira,50000,diesel,opel,no,4.67
24851,4200,limousine,manual,97,auris,150000,petrol,toyota,no,11.58
24852,2699,small car,manual,82,a_klasse,125000,petrol,mercedes_benz,no,17.67
24853,3699,station wagon,automatic,170,c_klasse,150000,diesel,mercedes_benz,no,16.67
24854,39500,suv,automatic,256,range_rover_sport,60000,diesel,land_rover,no,7.0
24855,8000,station wagon,manual,204,a4,150000,diesel,audi,no,13.5
24856,7000,station wagon,manual,150,laguna,150000,diesel,renault,no,8.5
24858,3490,cabrio,manual,109,2_reihe,150000,petrol,peugeot,no,14.33
24859,10328,cabrio,automatic,192,3er,80000,petrol,bmw,no,21.5
24860,850,small car,automatic,60,polo,125000,petrol,volkswagen,no,21.33
24863,1500,bus,manual,69,others,150000,diesel,citroen,no,16.42
24865,300,small car,manual,55,others,150000,lpg,citroen,yes,17.08
24866,4200,limousine,automatic,163,c_klasse,125000,petrol,mercedes_benz,no,17.08
24867,3999,small car,manual,76,punto,100000,lpg,fiat,no,8.83
24868,2490,small car,manual,54,fox,80000,petrol,volkswagen,no,12.58
24870,22250,coupe,manual,204,1er,80000,diesel,bmw,no,7.58
24871,7777,coupe,automatic,150,e_klasse,150000,petrol,mercedes_benz,no,22.25
24872,12999,coupe,manual,306,3er,150000,petrol,bmw,no,10.17
24875,300,station wagon,manual,116,impreza,150000,petrol,subaru,yes,21.58
24880,15590,station wagon,automatic,163,5er,150000,diesel,bmw,no,10.5
24881,1000,limousine,automatic,196,others,150000,petrol,volvo,yes,16.75
24882,8900,limousine,manual,105,golf,90000,diesel,volkswagen,no,9.67
24884,9980,small car,manual,211,cooper,125000,petrol,mini,no,10.67
24886,9500,bus,manual,131,others,125000,diesel,renault,no,7.08
24889,650,small car,manual,60,corsa,150000,petrol,opel,yes,16.33
24890,650,station wagon,manual,116,passat,150000,petrol,volkswagen,no,22.5
24891,5800,small car,manual,75,twingo,70000,petrol,renault,no,7.17
24893,2450,bus,manual,122,sprinter,150000,diesel,mercedes_benz,no,20.0
24897,8200,limousine,manual,143,1er,150000,diesel,bmw,no,11.0
24898,1200,small car,manual,73,c2,150000,petrol,citroen,no,14.42
24899,1100,small car,manual,56,corsa,150000,petrol,opel,no,17.83
24900,16900,station wagon,automatic,450,others,150000,petrol,audi,no,17.0
24902,14999,limousine,automatic,177,1er,125000,diesel,bmw,no,7.17
24903,1000,limousine,manual,103,stilo,150000,petrol,fiat,no,15.42
24904,1699,limousine,manual,102,a_klasse,150000,petrol,mercedes_benz,no,19.25
24906,7750,station wagon,manual,131,megane,125000,diesel,renault,no,8.92
24907,999,station wagon,manual,125,passat,150000,petrol,volkswagen,no,19.83
24909,7200,bus,automatic,136,b_klasse,150000,petrol,mercedes_benz,no,13.58
24910,5950,cabrio,automatic,45,fortwo,100000,diesel,smart,no,9.67
24911,28490,limousine,automatic,184,1er,30000,diesel,bmw,no,5.0
24913,1750,coupe,manual,116,beetle,150000,petrol,volkswagen,no,19.33
24914,3800,limousine,manual,118,3er,150000,petrol,bmw,no,18.42
24919,28900,station wagon,automatic,265,e_klasse,125000,diesel,mercedes_benz,no,6.08
24920,3250,station wagon,manual,131,mondeo,150000,diesel,ford,no,11.25
24921,4400,limousine,manual,140,a3,150000,diesel,audi,no,15.75
24922,7000,bus,manual,174,transporter,150000,diesel,volkswagen,no,13.42
24925,9000,limousine,automatic,177,a6,150000,lpg,audi,no,15.0
24926,1900,coupe,manual,84,astra,125000,petrol,opel,no,17.08
24927,689,small car,manual,90,tigra,150000,petrol,opel,no,23.58
24929,3300,station wagon,manual,102,passat,150000,petrol,volkswagen,no,17.58
24930,9600,limousine,manual,226,focus,125000,petrol,ford,no,12.33
24931,490,small car,manual,90,tigra,150000,petrol,opel,no,22.92
24932,700,small car,manual,60,ka,125000,petrol,ford,yes,16.25
24934,1750,small car,manual,109,2_reihe,150000,petrol,peugeot,no,15.0
24935,4950,small car,manual,75,polo,90000,petrol,volkswagen,no,14.58
24936,2000,limousine,manual,150,3er,150000,petrol,bmw,no,21.58
24937,4990,limousine,automatic,116,3er,50000,petrol,bmw,no,16.08
24938,32500,cabrio,automatic,306,3er,60000,petrol,bmw,no,7.75
24939,10300,suv,manual,250,cayenne,150000,petrol,porsche,no,13.75
24940,3700,station wagon,manual,121,6_reihe,150000,diesel,mazda,no,13.25
24942,12500,limousine,automatic,170,e_klasse,150000,diesel,mercedes_benz,no,11.58
24945,700,station wagon,manual,101,vectra,150000,petrol,opel,no,21.58
24946,23456,station wagon,manual,177,5er,80000,diesel,bmw,no,8.25
24948,12900,limousine,automatic,326,a8,150000,diesel,audi,no,12.75
24949,1399,limousine,automatic,197,others,150000,petrol,hyundai,no,15.33
24950,16350,small car,automatic,122,cooper,40000,petrol,mini,no,6.75
24951,5454,station wagon,manual,179,a6,150000,diesel,audi,no,18.75
24952,2450,small car,manual,60,polo,150000,petrol,volkswagen,no,17.83
24953,4799,limousine,manual,143,c_klasse,125000,petrol,mercedes_benz,no,15.08
24958,2200,small car,manual,75,twingo,150000,petrol,renault,no,16.83
24959,48000,cabrio,manual,280,911,60000,petrol,porsche,no,12.75
24960,1200,small car,manual,60,polo,150000,petrol,volkswagen,no,20.17
24962,7800,station wagon,manual,122,octavia,100000,petrol,skoda,no,9.75
24965,9290,small car,manual,86,polo,40000,petrol,volkswagen,no,8.42
24966,3200,bus,manual,101,vivaro,150000,diesel,opel,no,18.0
24967,1500,station wagon,automatic,143,e_klasse,150000,diesel,mercedes_benz,no,18.17
24968,6200,station wagon,automatic,170,a3,150000,diesel,audi,no,12.67
24969,3100,limousine,manual,125,astra,150000,petrol,opel,no,14.92
24970,8500,bus,automatic,140,touran,150000,diesel,volkswagen,no,13.92
24971,2495,limousine,automatic,170,5er,150000,petrol,bmw,no,18.08
24973,3900,station wagon,manual,223,ptcruiser,150000,petrol,chrysler,no,14.33
24974,20250,coupe,automatic,179,a5,125000,petrol,audi,no,7.33
24975,8888,limousine,manual,265,a3,150000,petrol,audi,no,18.08
24977,5199,station wagon,manual,69,fabia,90000,petrol,skoda,no,9.17
24978,28399,limousine,automatic,239,q7,150000,diesel,audi,no,8.67
24979,11950,station wagon,manual,163,6_reihe,125000,diesel,mazda,no,7.25
24980,500,limousine,manual,124,e_klasse,20000,petrol,mercedes_benz,yes,28.92
24981,900,station wagon,manual,75,astra,150000,petrol,opel,no,20.67
24984,8900,cabrio,manual,163,slk,150000,petrol,mercedes_benz,no,14.75
24985,6000,station wagon,manual,140,passat,150000,diesel,volkswagen,no,14.0
24986,6950,station wagon,automatic,150,e_klasse,150000,diesel,mercedes_benz,no,14.75
24987,2500,small car,manual,101,polo,150000,diesel,volkswagen,no,15.33
24988,18700,coupe,manual,211,a5,125000,petrol,audi,no,7.58
24989,1050,bus,manual,59,kangoo,150000,diesel,renault,yes,17.0
24990,2800,bus,manual,80,zafira,125000,diesel,opel,no,18.5
24991,3100,coupe,manual,143,c_klasse,150000,petrol,mercedes_benz,no,14.08
24993,16000,coupe,automatic,292,others,60000,petrol,mercedes_benz,no,11.42
24994,5100,station wagon,manual,170,c_klasse,150000,diesel,mercedes_benz,no,16.75
24995,18700,coupe,manual,211,a5,125000,petrol,audi,no,7.58
24996,1000,bus,manual,75,kangoo,150000,petrol,renault,no,19.25
24997,1500,coupe,manual,193,mustang,150000,petrol,ford,yes,19.67
24998,5999,cabrio,automatic,70,fortwo,150000,diesel,smart,no,12.0
24999,15900,station wagon,automatic,170,c_klasse,60000,diesel,mercedes_benz,no,8.83
25001,800,limousine,manual,86,corolla,150000,petrol,toyota,no,20.17
25002,1700,small car,manual,50,twingo,150000,petrol,renault,no,13.25
25004,8499,station wagon,manual,177,laguna,150000,diesel,renault,no,10.5
25006,990,limousine,manual,105,3er,150000,petrol,bmw,yes,18.92
25007,1980,station wagon,manual,170,5er,150000,petrol,bmw,no,17.67
25009,500,small car,manual,50,lupo,150000,petrol,volkswagen,yes,19.5
25011,12900,limousine,automatic,239,phaeton,150000,diesel,volkswagen,no,9.92
25012,23950,bus,automatic,140,alhambra,30000,diesel,seat,no,5.33
25014,1950,cabrio,manual,136,2_reihe,150000,petrol,peugeot,no,17.25
25015,8290,small car,manual,120,2_reihe,70000,petrol,peugeot,no,6.17
25017,1790,bus,manual,65,others,150000,diesel,kia,no,21.42
25019,5600,station wagon,manual,90,astra,90000,petrol,opel,no,9.75
25020,1395,small car,manual,60,1_reihe,125000,petrol,peugeot,no,17.58
25021,25950,limousine,automatic,184,5er,70000,petrol,bmw,no,7.92
25023,13900,limousine,automatic,224,e_klasse,80000,diesel,mercedes_benz,no,12.58
25024,900,limousine,manual,75,lanos,90000,petrol,daewoo,no,18.67
25025,2500,limousine,manual,150,5er,150000,petrol,bmw,no,18.42
25026,949,small car,manual,60,punto,100000,petrol,fiat,no,19.42
25027,2850,bus,manual,95,kangoo,150000,petrol,renault,no,16.5
25029,25990,limousine,automatic,170,e_klasse,40000,diesel,mercedes_benz,no,6.5
25030,3200,limousine,manual,131,golf,150000,diesel,volkswagen,no,15.75
25031,17800,suv,automatic,190,m_klasse,150000,diesel,mercedes_benz,no,10.08
25032,550,station wagon,automatic,101,focus,150000,lpg,ford,no,15.25
25037,4199,small car,manual,68,c1,80000,petrol,citroen,no,8.42
25039,680,small car,manual,45,polo,150000,petrol,volkswagen,no,26.58
25040,20399,suv,automatic,224,m_klasse,150000,diesel,mercedes_benz,no,12.5
25041,1300,limousine,automatic,163,a6,150000,diesel,audi,yes,17.08
25042,1900,bus,manual,78,transporter,150000,diesel,volkswagen,yes,23.75
25045,15500,station wagon,automatic,160,insignia,125000,diesel,opel,no,7.25
25047,23500,limousine,automatic,170,e_klasse,60000,diesel,mercedes_benz,no,8.83
25048,1500,small car,manual,102,3er,150000,petrol,bmw,no,20.25
25049,10500,station wagon,automatic,190,e_klasse,150000,diesel,mercedes_benz,no,12.5
25051,12500,small car,manual,109,cooper,70000,diesel,mini,no,9.58
25052,5000,suv,manual,114,x_trail,125000,diesel,nissan,no,15.17
25054,25500,limousine,automatic,170,e_klasse,60000,diesel,mercedes_benz,no,7.17
25060,900,limousine,automatic,115,impreza,150000,petrol,subaru,no,21.33
25061,2300,station wagon,manual,101,vectra,150000,petrol,opel,no,16.25
25062,1700,cabrio,manual,75,astra,150000,petrol,opel,no,21.58
25063,1250,coupe,manual,125,others,150000,petrol,ford,no,20.67
25067,7200,limousine,manual,170,c_klasse,150000,diesel,mercedes_benz,no,11.0
25069,1800,limousine,manual,110,a4,150000,diesel,audi,no,20.17
25070,10900,limousine,manual,116,1er,90000,diesel,bmw,no,8.5
25071,4000,cabrio,manual,75,kaefer,125000,petrol,volkswagen,no,44.58
25073,7000,limousine,automatic,150,golf,100000,petrol,volkswagen,no,14.5
25075,1850,station wagon,automatic,150,3er,150000,petrol,bmw,yes,18.33
25076,3500,station wagon,automatic,163,a6,150000,diesel,audi,no,14.42
25079,2899,bus,manual,125,zafira,150000,petrol,opel,no,15.42
25080,1550,station wagon,manual,131,mondeo,150000,diesel,ford,no,16.42
25085,235,bus,manual,104,megane,150000,petrol,renault,yes,19.0
25086,686,small car,manual,60,polo,150000,petrol,volkswagen,no,23.75
25087,1999,station wagon,automatic,115,c_klasse,150000,diesel,mercedes_benz,no,16.0
25088,1800,station wagon,manual,116,bora,150000,diesel,volkswagen,no,20.0
25089,13000,limousine,manual,166,3er,150000,diesel,bmw,no,8.42
25090,11000,coupe,manual,231,3er,150000,petrol,bmw,no,14.08
25091,8999,limousine,manual,122,golf,150000,petrol,volkswagen,no,9.17
25092,5200,bus,manual,140,golf,150000,diesel,volkswagen,no,13.83
25093,6200,bus,manual,115,sharan,150000,diesel,volkswagen,no,12.92
25096,4590,station wagon,manual,140,passat,150000,diesel,volkswagen,yes,10.42
25098,3500,limousine,manual,129,c_klasse,125000,petrol,mercedes_benz,no,16.33
25099,4000,limousine,manual,140,a3,150000,diesel,audi,no,12.5
25100,4199,station wagon,manual,131,passat,150000,diesel,volkswagen,no,16.25
25101,350,limousine,manual,60,golf,150000,petrol,volkswagen,no,21.58
25102,2800,limousine,manual,75,golf,150000,petrol,volkswagen,no,15.92
25103,4699,bus,manual,109,sprinter,150000,diesel,mercedes_benz,no,12.75
25104,21990,limousine,manual,235,golf,50000,petrol,volkswagen,no,6.25
25105,37900,cabrio,automatic,400,z_reihe,60000,petrol,bmw,no,7.67
25106,7300,limousine,manual,95,a_klasse,30000,petrol,mercedes_benz,no,13.33
25109,1800,limousine,automatic,174,a4,150000,petrol,audi,no,23.67
25110,17600,station wagon,manual,190,a6,150000,diesel,audi,no,7.67
25111,750,station wagon,manual,122,c_klasse,150000,petrol,mercedes_benz,no,21.33
25112,6990,cabrio,manual,150,eos,90000,petrol,volkswagen,no,12.42
25113,1000,small car,manual,75,2_reihe,150000,petrol,peugeot,no,18.58
25115,1650,small car,manual,68,fabia,150000,petrol,skoda,no,18.83
25117,2490,limousine,manual,116,3er,150000,petrol,bmw,no,15.83
25118,600,bus,manual,63,others,150000,petrol,mazda,no,17.42
25119,12000,station wagon,manual,145,vivaro,150000,diesel,opel,no,10.08
25120,2399,limousine,manual,75,golf,150000,petrol,volkswagen,no,16.25
25121,800,station wagon,automatic,193,a6,150000,petrol,audi,no,20.5
25125,10950,station wagon,manual,143,3er,150000,diesel,bmw,no,10.17
25127,3300,bus,manual,111,almera,150000,diesel,nissan,no,15.0
25128,10900,station wagon,automatic,122,passat,50000,petrol,volkswagen,no,10.58
25130,11000,station wagon,manual,200,octavia,150000,petrol,skoda,no,8.67
25131,3950,limousine,manual,80,focus,125000,petrol,ford,no,11.25
25133,4900,coupe,manual,116,cooper,150000,petrol,mini,no,15.42
25134,27900,station wagon,automatic,143,3er,40000,diesel,bmw,no,5.17
25135,1990,limousine,automatic,155,vectra,150000,petrol,opel,no,14.17
25136,10499,cabrio,manual,200,eos,100000,petrol,volkswagen,no,12.92
25139,49900,coupe,automatic,457,c_klasse,40000,petrol,mercedes_benz,no,4.17
25140,28000,station wagon,automatic,231,e_klasse,125000,diesel,mercedes_benz,no,8.17
25141,899,small car,manual,58,twingo,125000,petrol,renault,no,18.0
25147,4500,small car,manual,75,1_reihe,50000,petrol,peugeot,no,9.67
25148,7400,station wagon,automatic,333,5er,150000,petrol,bmw,no,14.42
25149,650,small car,manual,75,2_reihe,150000,petrol,peugeot,no,16.33
25150,1900,small car,manual,40,polo,150000,petrol,volkswagen,no,15.42
25151,11500,coupe,manual,160,passat,125000,petrol,volkswagen,no,10.5
25153,5000,cabrio,manual,174,golf,150000,petrol,volkswagen,no,24.83
25154,2450,limousine,manual,231,3er,150000,petrol,bmw,yes,17.25
25155,950,small car,manual,54,micra,150000,petrol,nissan,no,19.42
25157,13900,cabrio,manual,131,others,100000,petrol,fiat,no,37.75
25158,750,limousine,manual,116,vectra,150000,petrol,opel,no,18.58
25159,1450,bus,manual,102,scenic,150000,diesel,renault,no,16.58
25160,1100,small car,manual,58,twingo,150000,petrol,renault,no,16.25
25161,4750,bus,manual,101,others,150000,diesel,citroen,no,12.58
25162,13950,cabrio,manual,98,one,80000,petrol,mini,no,7.25
25164,3400,station wagon,manual,120,laguna,150000,diesel,renault,no,13.83
25165,3500,coupe,manual,129,c_klasse,150000,petrol,mercedes_benz,no,16.17
25166,3900,station wagon,manual,131,a4,150000,diesel,audi,no,14.17
25168,600,small car,manual,65,corsa,125000,petrol,opel,yes,19.0
25169,240,limousine,manual,68,golf,150000,diesel,volkswagen,yes,28.33
25172,980,small car,manual,75,fiesta,150000,petrol,ford,no,17.17
25175,4600,suv,manual,177,pajero,150000,petrol,mitsubishi,no,19.42
25177,650,small car,manual,65,corsa,150000,petrol,opel,no,20.67
25178,850,small car,manual,50,corsa,150000,petrol,opel,no,18.75
25179,6900,station wagon,manual,102,caddy,100000,petrol,volkswagen,no,11.83
25181,2199,station wagon,manual,105,golf,150000,petrol,volkswagen,no,16.5
25183,5500,station wagon,automatic,177,e_klasse,150000,diesel,mercedes_benz,no,15.42
25184,5990,small car,manual,69,500,90000,petrol,fiat,no,9.42
25185,6300,limousine,automatic,122,e_klasse,150000,diesel,mercedes_benz,no,12.33
25186,2500,limousine,manual,125,vectra,150000,petrol,opel,no,16.08
25187,1250,small car,manual,58,corsa,150000,petrol,opel,no,17.42
25188,2100,station wagon,manual,113,megane,150000,petrol,renault,no,13.25
25189,6450,small car,manual,60,polo,80000,petrol,volkswagen,no,8.08
25190,16480,small car,manual,90,i_reihe,5000,diesel,hyundai,no,4.0
25191,7200,small car,manual,69,corsa,70000,petrol,opel,no,6.25
25192,6450,limousine,manual,150,3er,150000,diesel,bmw,no,14.5
25193,2600,small car,manual,60,2_reihe,150000,petrol,peugeot,no,13.08
25195,1150,small car,manual,75,twingo,150000,petrol,renault,no,15.42
25196,5900,cabrio,manual,125,tigra,60000,petrol,opel,no,13.25
25199,4250,limousine,manual,97,corolla,125000,petrol,toyota,no,13.58
25200,8700,limousine,automatic,95,a_klasse,30000,petrol,mercedes_benz,no,10.58
25201,25999,coupe,automatic,280,leon,10000,petrol,seat,no,3.58
25202,9499,limousine,manual,200,golf,125000,petrol,volkswagen,no,12.75
25203,12735,limousine,manual,136,1er,80000,petrol,bmw,no,5.17
25205,1800,small car,manual,75,fox,125000,petrol,volkswagen,yes,10.08
25210,1690,limousine,automatic,122,c_klasse,150000,petrol,mercedes_benz,no,19.92
25212,650,small car,manual,75,corsa,150000,petrol,opel,no,17.58
25215,1200,cabrio,manual,75,golf,150000,petrol,volkswagen,no,19.25
25218,16800,limousine,manual,184,3er,80000,diesel,bmw,no,7.08
25221,12500,coupe,automatic,284,others,100000,petrol,jaguar,no,18.92
25223,600,bus,manual,110,sharan,150000,diesel,volkswagen,yes,18.0
25224,19300,limousine,manual,211,golf,70000,petrol,volkswagen,no,8.67
25225,2950,station wagon,manual,163,5er,150000,diesel,bmw,no,15.83
25227,2700,station wagon,manual,101,golf,125000,petrol,volkswagen,no,19.83
25228,8500,suv,automatic,150,rav,100000,petrol,toyota,no,13.25
25229,4800,coupe,automatic,115,3er,125000,petrol,bmw,no,29.5
25230,6800,station wagon,manual,105,octavia,125000,diesel,skoda,no,10.08
25231,7950,station wagon,automatic,131,insignia,150000,diesel,opel,no,8.75
25233,1500,station wagon,automatic,150,a4,150000,diesel,audi,yes,20.5
25235,2999,limousine,manual,101,a3,150000,petrol,audi,no,19.92
25236,16800,coupe,manual,218,3er,150000,petrol,bmw,no,11.17
25237,1849,station wagon,manual,116,v40,150000,petrol,volvo,no,21.0
25238,12900,station wagon,manual,150,tiguan,70000,petrol,volkswagen,no,9.17
25239,21000,limousine,manual,235,golf,40000,petrol,volkswagen,no,6.08
25240,3000,small car,manual,101,polo,150000,diesel,volkswagen,no,16.42
25242,900,station wagon,manual,90,passat,150000,diesel,volkswagen,no,20.92
25243,14999,coupe,manual,160,scirocco,50000,petrol,volkswagen,no,5.42
25244,1200,bus,manual,116,others,150000,petrol,citroen,no,17.75
25245,2200,small car,manual,50,fortwo,150000,petrol,smart,no,15.58
25246,2000,coupe,manual,102,3er,150000,petrol,bmw,no,20.67
25247,4440,small car,automatic,87,sirion,150000,petrol,daihatsu,no,11.83
25248,16999,limousine,manual,239,a6,150000,diesel,audi,no,9.33
25251,35500,limousine,automatic,371,a8,150000,petrol,audi,no,7.75
25253,2390,limousine,manual,125,others,150000,diesel,saab,no,16.5
25255,600,station wagon,manual,116,vectra,150000,petrol,opel,yes,20.25
25256,19000,limousine,manual,140,golf,150000,diesel,volkswagen,no,7.0
25257,9950,bus,manual,170,touran,150000,diesel,volkswagen,no,11.67
25258,5600,bus,automatic,116,sprinter,150000,diesel,mercedes_benz,no,17.17
25259,9500,cabrio,manual,143,3er,100000,petrol,bmw,no,14.25
25260,3490,cabrio,manual,136,2_reihe,90000,petrol,peugeot,no,15.5
25261,8999,limousine,manual,122,1er,125000,petrol,bmw,no,10.08
25263,1450,station wagon,manual,170,5er,150000,petrol,bmw,no,21.58
25264,1000,small car,manual,55,twingo,100000,petrol,renault,no,21.17
25265,2300,bus,manual,75,modus,125000,petrol,renault,no,13.08
25269,11999,limousine,automatic,231,5er,150000,diesel,bmw,no,12.33
25271,5250,others,manual,90,a2,150000,diesel,audi,no,14.75
25272,3500,station wagon,automatic,179,a6,150000,diesel,audi,no,13.08
25273,8999,small car,manual,201,clio,90000,petrol,renault,no,8.5
25274,850,limousine,manual,75,golf,150000,petrol,volkswagen,no,21.0
25276,1999,small car,manual,64,polo,150000,petrol,volkswagen,no,15.92
25280,3200,limousine,manual,105,3_reihe,150000,petrol,mazda,no,14.75
25281,1890,small car,manual,60,fabia,150000,petrol,skoda,no,16.42
25282,12990,limousine,manual,211,golf,125000,petrol,volkswagen,no,8.25
25283,1950,small car,manual,75,polo,125000,petrol,volkswagen,no,17.33
25285,890,limousine,manual,102,a_klasse,150000,petrol,mercedes_benz,no,20.75
25286,6000,limousine,manual,200,a3,150000,petrol,audi,no,13.75
25289,829,small car,manual,65,corsa,150000,petrol,opel,no,18.17
25290,6450,limousine,automatic,116,c_klasse,150000,diesel,mercedes_benz,no,15.25
25291,7490,bus,automatic,125,others,80000,petrol,mercedes_benz,no,14.5
25292,11900,cabrio,manual,231,z_reihe,100000,petrol,bmw,no,15.42
25294,8299,bus,manual,105,golf,90000,diesel,volkswagen,no,10.17
25295,10450,limousine,manual,86,golf,70000,petrol,volkswagen,no,6.08
25296,4990,small car,manual,82,fiesta,50000,petrol,ford,no,9.67
25297,12000,limousine,manual,131,megane,70000,petrol,renault,no,7.92
25298,1500,station wagon,manual,150,5er,150000,petrol,bmw,no,21.58
25299,1650,small car,manual,75,golf,150000,petrol,volkswagen,no,21.0
25305,870,small car,manual,54,corsa,80000,petrol,opel,no,20.42
25306,2500,limousine,manual,116,3er,150000,petrol,bmw,no,15.92
25307,2990,station wagon,manual,90,combo,150000,petrol,opel,no,12.33
25311,1600,limousine,manual,90,laguna,90000,petrol,renault,no,21.42
25312,900,small car,manual,60,ibiza,150000,petrol,seat,no,16.17
25314,17990,cabrio,manual,200,tt,40000,petrol,audi,no,10.5
25315,40000,cabrio,manual,101,others,20000,petrol,smart,no,15.58
25316,14790,station wagon,manual,143,a4,125000,diesel,audi,no,7.92
25317,499,coupe,manual,90,others,150000,petrol,hyundai,yes,18.25
25318,7500,limousine,automatic,177,5er,150000,diesel,bmw,no,14.92
25319,600,limousine,manual,150,passat,150000,petrol,volkswagen,yes,22.83
25320,7299,limousine,manual,86,rio,60000,petrol,kia,no,6.42
25321,8250,small car,manual,120,cooper,60000,petrol,mini,no,11.67
25322,11750,limousine,automatic,190,a6,150000,diesel,audi,no,10.83
25323,5899,cabrio,manual,193,3er,125000,petrol,bmw,no,21.5
25324,16899,bus,automatic,105,golf,40000,diesel,volkswagen,no,5.92
25325,10500,cabrio,manual,140,a4,150000,diesel,audi,no,12.5
25328,3490,station wagon,manual,75,fabia,100000,diesel,skoda,no,13.83
25329,6500,limousine,manual,122,3er,150000,petrol,bmw,no,36.67
25331,999,limousine,manual,101,astra,150000,petrol,opel,no,19.83
25333,1000,limousine,automatic,102,a_klasse,125000,petrol,mercedes_benz,no,16.17
25334,1800,station wagon,manual,60,cordoba,40000,petrol,seat,no,19.67
25337,5200,suv,automatic,220,xc_reihe,150000,diesel,volvo,yes,9.25
25339,36000,bus,manual,140,transporter,60000,diesel,volkswagen,no,5.75
25340,1999,limousine,manual,80,stilo,70000,petrol,fiat,no,16.42
25342,5450,small car,manual,80,corsa,30000,petrol,opel,no,9.5
25343,4950,others,manual,77,i_reihe,90000,petrol,hyundai,no,9.75
25344,2150,small car,manual,60,golf,80000,petrol,volkswagen,no,22.0
25345,12700,limousine,automatic,177,1er,150000,diesel,bmw,no,9.08
25346,4400,limousine,automatic,179,others,150000,petrol,mercedes_benz,no,31.83
25347,10200,limousine,manual,129,3er,80000,petrol,bmw,no,12.92
25348,14500,small car,automatic,185,a1,125000,petrol,audi,no,6.08
25349,1999,station wagon,manual,110,a4,150000,diesel,audi,no,19.75
25350,6899,station wagon,automatic,140,a6,150000,diesel,audi,no,10.42
25351,13900,limousine,manual,250,golf,125000,petrol,volkswagen,no,12.08
25355,450,station wagon,manual,116,3er,150000,petrol,bmw,no,24.0
25356,5900,cabrio,manual,150,spider,125000,petrol,alfa_romeo,no,16.58
25359,26399,station wagon,manual,150,passat,20000,diesel,volkswagen,no,3.17
25360,2000,small car,manual,156,ibiza,150000,petrol,seat,yes,18.25
25361,3850,station wagon,manual,147,avensis,125000,petrol,toyota,yes,13.08
25363,2470,limousine,manual,101,a3,150000,petrol,audi,no,23.0
25364,1200,limousine,manual,101,3_reihe,150000,petrol,mazda,no,16.83
25367,550,small car,manual,131,fiesta,150000,petrol,ford,no,25.25
25368,16750,station wagon,manual,145,others,70000,diesel,renault,no,8.33
25370,11350,station wagon,manual,99,ceed,20000,petrol,kia,no,4.42
25371,400,station wagon,manual,115,mondeo,150000,petrol,ford,no,20.17
25372,600,small car,manual,45,corsa,150000,petrol,opel,no,23.08
25373,490,limousine,manual,101,passat,5000,petrol,volkswagen,no,21.5
25375,1150,small car,manual,75,twingo,150000,petrol,renault,no,17.67
25376,350,others,manual,51,others,150000,diesel,peugeot,yes,18.25
25377,1600,station wagon,automatic,125,c_klasse,150000,diesel,mercedes_benz,no,19.67
25379,998,cabrio,manual,110,mx_reihe,150000,petrol,mazda,no,17.25
25381,10900,station wagon,manual,177,3er,150000,diesel,bmw,no,10.83
25383,5200,small car,manual,86,ibiza,100000,petrol,seat,no,9.5
25385,5300,bus,manual,110,transporter,150000,petrol,volkswagen,no,23.5
25388,13450,station wagon,automatic,163,a4,100000,petrol,audi,no,15.58
25390,2500,station wagon,manual,193,a6,150000,petrol,audi,no,20.25
25391,55555,station wagon,automatic,367,others,20000,petrol,audi,no,3.5
25392,790,station wagon,automatic,132,4_reihe,150000,petrol,peugeot,no,20.5
25393,1400,small car,manual,48,arosa,150000,petrol,seat,no,18.08
25395,1399,limousine,manual,90,golf,150000,diesel,volkswagen,no,22.0
25396,10900,limousine,manual,105,golf,125000,diesel,volkswagen,no,7.58
25398,11000,limousine,automatic,185,golf,20000,diesel,volkswagen,no,4.83
25400,8200,limousine,manual,116,focus,125000,diesel,ford,no,7.5
25402,6000,bus,automatic,150,zafira,150000,diesel,opel,no,12.42
25403,3200,bus,manual,102,transporter,150000,diesel,volkswagen,no,20.08
25405,500,station wagon,manual,143,5er,150000,diesel,bmw,no,24.42
25408,999,station wagon,manual,122,156,150000,petrol,alfa_romeo,yes,15.0
25410,4490,suv,manual,141,tucson,150000,lpg,hyundai,no,11.58
25413,6900,bus,manual,131,sharan,150000,diesel,volkswagen,no,14.25
25415,1800,cabrio,manual,136,2_reihe,150000,petrol,peugeot,no,16.08
25416,8900,limousine,automatic,130,a4,60000,petrol,audi,no,13.58
25419,1799,bus,manual,82,kangoo,150000,diesel,renault,no,13.5
25420,3199,small car,manual,69,fiesta,150000,petrol,ford,no,10.08
25421,2600,bus,manual,60,others,150000,petrol,seat,no,23.0
25422,21400,suv,manual,136,others,40000,diesel,opel,no,3.5
25423,33000,bus,automatic,174,transporter,150000,diesel,volkswagen,no,11.25
25424,750,small car,automatic,54,micra,125000,petrol,nissan,no,20.08
25425,5800,small car,manual,60,fiesta,60000,petrol,ford,no,9.0
25426,1000,bus,manual,150,alhambra,150000,petrol,seat,no,19.25
25427,12800,bus,manual,86,roomster,20000,petrol,skoda,no,4.83
25428,1250,station wagon,manual,113,others,125000,petrol,fiat,no,18.25
25429,3000,limousine,manual,110,bora,150000,petrol,volkswagen,no,15.25
25430,17500,small car,manual,75,fabia,20000,petrol,skoda,no,3.17
25432,9300,limousine,manual,143,1er,150000,diesel,bmw,no,10.33
25433,900,small car,manual,60,ka,150000,petrol,ford,no,16.5
25434,24399,suv,automatic,204,touareg,125000,diesel,volkswagen,no,6.92
25436,1750,small car,manual,75,polo,125000,petrol,volkswagen,yes,19.5
25437,600,small car,manual,52,twingo,150000,petrol,renault,no,20.33
25438,6700,small car,manual,86,ibiza,100000,petrol,seat,no,8.0
25439,950,station wagon,manual,141,c_klasse,150000,petrol,mercedes_benz,yes,14.0
25440,3000,limousine,manual,192,3er,150000,petrol,bmw,no,27.08
25442,2500,station wagon,automatic,183,a6,150000,diesel,audi,yes,18.17
25443,1990,limousine,manual,90,golf,150000,diesel,volkswagen,no,19.83
25444,11900,coupe,manual,125,a3,60000,petrol,audi,no,8.67
25446,43390,coupe,manual,421,mustang,5000,petrol,ford,no,2.33
25447,29950,suv,automatic,170,q5,100000,diesel,audi,no,6.08
25450,1100,small car,manual,65,ibiza,150000,petrol,seat,no,16.42
25452,2550,limousine,manual,125,astra,150000,petrol,opel,no,13.25
25453,6250,bus,automatic,120,zafira,150000,diesel,opel,no,12.58
25454,5900,small car,manual,90,corsa,40000,petrol,opel,no,9.83
25459,1950,station wagon,manual,136,3er,150000,diesel,bmw,no,18.5
25460,3900,station wagon,manual,90,corolla,150000,diesel,toyota,no,13.08
25461,24250,coupe,manual,245,others,150000,petrol,porsche,no,10.67
25462,4350,limousine,manual,116,3er,125000,petrol,bmw,no,15.25
25464,19000,bus,manual,140,caddy,70000,diesel,volkswagen,no,6.33
25465,1849,limousine,manual,101,focus,125000,petrol,ford,no,15.25
25466,3990,small car,manual,87,yaris,90000,petrol,toyota,no,11.0
25468,749,small car,manual,54,lupo,150000,petrol,volkswagen,no,19.5
25469,8150,limousine,manual,80,golf,40000,petrol,volkswagen,no,11.33
25470,1100,small car,manual,75,twingo,150000,petrol,renault,yes,17.25
25471,2500,small car,manual,75,a_klasse,125000,petrol,mercedes_benz,no,16.42
25472,2200,limousine,automatic,170,stilo,150000,petrol,fiat,no,16.92
25474,1299,station wagon,manual,75,golf,150000,petrol,volkswagen,no,15.33
25475,17599,suv,manual,160,tiguan,40000,petrol,volkswagen,no,7.75
25476,40900,limousine,automatic,177,q5,50000,diesel,audi,no,5.67
25477,11500,bus,manual,131,transporter,150000,diesel,volkswagen,no,12.5
25478,13000,coupe,manual,150,impreza,150000,diesel,subaru,no,9.5
25480,5699,limousine,automatic,122,c_klasse,150000,diesel,mercedes_benz,no,13.25
25481,1490,station wagon,manual,101,focus,150000,petrol,ford,no,17.25
25482,1100,limousine,manual,75,golf,125000,petrol,volkswagen,yes,24.33
25484,8750,limousine,manual,122,3er,150000,diesel,bmw,no,12.67
25485,850,coupe,manual,90,golf,150000,petrol,volkswagen,yes,28.92
25486,5699,station wagon,automatic,163,c_klasse,150000,petrol,mercedes_benz,no,14.67
25487,550,limousine,manual,170,mondeo,150000,petrol,ford,no,17.58
25488,1100,limousine,manual,82,a_klasse,150000,petrol,mercedes_benz,no,20.92
25490,7999,station wagon,manual,143,3er,150000,diesel,bmw,no,11.75
25492,2499,station wagon,manual,144,v70,150000,petrol,volvo,no,21.83
25494,1999,limousine,automatic,163,a6,150000,diesel,audi,no,14.33
25497,289,small car,manual,60,golf,150000,petrol,volkswagen,no,22.92
25498,200,others,manual,75,others,125000,petrol,ford,no,21.08
25499,3300,cabrio,manual,120,2_reihe,90000,petrol,peugeot,yes,11.42
25502,1200,small car,manual,75,clio,150000,petrol,renault,no,19.0
25503,5500,station wagon,manual,116,a4,150000,diesel,audi,no,12.42
25504,1450,limousine,manual,75,focus,150000,petrol,ford,no,18.75
25505,999,station wagon,manual,95,e_klasse,150000,diesel,mercedes_benz,yes,30.5
25507,1100,limousine,manual,101,passat,150000,petrol,volkswagen,no,20.58
25508,17990,suv,manual,150,cr_reihe,70000,diesel,honda,no,6.75
25509,8250,limousine,manual,328,golf,150000,petrol,volkswagen,no,13.58
25511,4775,limousine,manual,125,a3,150000,petrol,audi,no,17.58
25512,650,limousine,manual,122,c_klasse,150000,petrol,mercedes_benz,no,23.58
25513,12500,small car,manual,105,polo,50000,diesel,volkswagen,no,6.33
25514,4950,cabrio,manual,113,megane,150000,petrol,renault,no,14.33
25518,1300,limousine,manual,131,others,150000,petrol,saab,no,18.67
25519,10600,station wagon,automatic,140,a3,150000,diesel,audi,no,10.92
25520,799,small car,manual,54,twingo,150000,petrol,renault,no,21.83
25521,2990,station wagon,manual,101,passat,150000,diesel,volkswagen,no,16.17
25523,4190,limousine,manual,166,156,100000,petrol,alfa_romeo,no,14.5
25524,800,limousine,automatic,193,7er,150000,petrol,bmw,no,23.92
25525,12000,limousine,manual,122,1er,80000,petrol,bmw,no,10.0
25530,6100,limousine,manual,136,others,150000,petrol,mercedes_benz,no,34.25
25531,9750,station wagon,automatic,170,passat,150000,diesel,volkswagen,no,11.75
25532,750,small car,automatic,75,corsa,150000,petrol,opel,yes,17.25
25533,1200,station wagon,manual,113,3er,150000,petrol,bmw,no,26.5
25534,10000,station wagon,automatic,102,caddy,30000,diesel,volkswagen,no,4.67
25535,6899,bus,manual,131,meriva,150000,diesel,opel,no,7.5
25540,1480,limousine,manual,105,3er,150000,petrol,bmw,no,19.25
25541,1600,limousine,manual,170,5er,150000,petrol,bmw,no,21.67
25542,6500,limousine,manual,143,1er,100000,petrol,bmw,no,11.42
25544,13000,suv,automatic,239,q5,60000,diesel,audi,no,7.5
25545,5800,small car,manual,60,up,50000,petrol,volkswagen,no,5.08
25548,2200,station wagon,manual,200,v70,150000,petrol,volvo,no,16.75
25552,9300,limousine,manual,163,3er,125000,diesel,bmw,no,11.58
25553,3300,station wagon,automatic,170,e_klasse,150000,diesel,mercedes_benz,no,15.67
25556,37800,suv,automatic,340,q7,125000,diesel,audi,no,7.83
25557,9000,coupe,automatic,224,clk,150000,diesel,mercedes_benz,no,11.0
25558,5500,bus,manual,151,transporter,150000,diesel,volkswagen,no,19.0
25559,12900,limousine,manual,170,1er,70000,petrol,bmw,no,10.08
25560,12800,coupe,manual,170,passat,150000,diesel,volkswagen,no,8.83
25561,21500,station wagon,manual,265,others,70000,petrol,audi,no,11.0
25562,6499,cabrio,manual,170,a4,150000,petrol,audi,no,15.25
25563,3750,limousine,manual,101,golf,150000,diesel,volkswagen,no,16.67
25564,4500,station wagon,manual,131,a6,150000,diesel,audi,yes,18.0
25567,800,small car,manual,90,others,150000,petrol,toyota,no,22.58
25568,3100,limousine,manual,101,a3,150000,petrol,audi,no,19.92
25570,18900,suv,automatic,239,touareg,100000,diesel,volkswagen,no,10.75
25572,4499,station wagon,manual,125,v50,150000,petrol,volvo,no,12.17
25573,780,small car,manual,54,seicento,150000,petrol,fiat,no,16.08
25576,3100,small car,manual,75,clio,80000,petrol,renault,no,12.67
25577,2650,limousine,manual,90,golf,150000,diesel,volkswagen,no,20.67
25579,3450,coupe,automatic,165,c_klasse,150000,petrol,mercedes_benz,no,16.0
25580,26500,limousine,manual,156,c_klasse,50000,petrol,mercedes_benz,yes,4.83
25582,1150,bus,manual,86,transit,150000,diesel,ford,no,21.5
25583,5500,cabrio,automatic,154,others,150000,petrol,saab,yes,18.42
25585,300,small car,manual,45,corsa,70000,petrol,opel,no,24.0
25586,1450,small car,manual,69,others,150000,diesel,suzuki,yes,14.25
25587,1000,limousine,manual,101,octavia,150000,petrol,skoda,no,17.25
25588,450,limousine,manual,116,mondeo,150000,petrol,ford,no,18.33
25589,4499,small car,manual,101,polo,150000,diesel,volkswagen,no,11.25
25590,599,small car,automatic,57,fortwo,150000,diesel,smart,yes,18.0
25591,6490,station wagon,manual,140,a4,150000,diesel,audi,no,12.17
25592,8700,limousine,automatic,140,golf,70000,diesel,volkswagen,no,14.75
25593,2900,suv,manual,111,freelander,150000,diesel,land_rover,no,15.83
25594,800,limousine,manual,118,3er,150000,petrol,bmw,yes,17.67
25595,11400,bus,automatic,140,touran,150000,petrol,volkswagen,no,9.25
25596,26999,coupe,automatic,245,others,150000,diesel,audi,no,7.42
25598,34500,suv,automatic,231,m_klasse,150000,diesel,mercedes_benz,no,7.5
25600,8900,station wagon,manual,150,zafira,125000,diesel,opel,no,12.58
25603,920,station wagon,manual,116,focus,150000,petrol,ford,no,18.25
25604,2200,station wagon,manual,136,ptcruiser,125000,petrol,chrysler,no,14.33
25606,2850,limousine,manual,122,vectra,150000,petrol,opel,no,14.25
25607,9499,cabrio,manual,163,others,150000,petrol,audi,no,14.25
25609,2600,limousine,manual,131,a4,150000,diesel,audi,no,14.5
25610,2500,limousine,manual,193,passat,150000,petrol,volkswagen,no,21.75
25614,250,small car,manual,55,fiesta,20000,diesel,ford,yes,21.83
25615,7000,limousine,manual,224,others,150000,petrol,audi,no,16.17
25616,1100,small car,manual,58,corsa,150000,petrol,opel,no,17.17
25617,5950,limousine,automatic,184,3er,150000,diesel,bmw,no,17.17
25619,3600,small car,manual,125,corsa,150000,petrol,opel,no,12.08
25621,6249,limousine,automatic,150,octavia,150000,petrol,skoda,no,13.92
25622,1900,small car,manual,75,corsa,150000,diesel,opel,no,16.17
25624,2599,station wagon,manual,126,others,150000,lpg,kia,no,14.67
25626,1750,cabrio,automatic,136,clk,150000,petrol,mercedes_benz,no,19.42
25627,3000,limousine,manual,101,a4,150000,petrol,audi,no,19.58
25628,1200,small car,manual,60,corsa,150000,petrol,opel,no,19.25
25629,2000,suv,automatic,140,sorento,150000,diesel,kia,no,12.08
25630,5490,coupe,manual,136,calibra,150000,petrol,opel,no,23.75
25633,18000,bus,manual,86,caddy,20000,petrol,volkswagen,no,5.75
25635,2500,small car,manual,60,lupo,150000,diesel,volkswagen,no,17.58
25636,4200,station wagon,manual,175,signum,150000,petrol,opel,no,15.0
25637,1300,limousine,manual,118,3er,150000,petrol,bmw,no,20.92
25638,5000,small car,manual,86,ibiza,150000,petrol,seat,no,9.08
25639,5150,bus,manual,140,zafira,150000,petrol,opel,no,11.42
25641,5750,bus,manual,75,caddy,150000,diesel,volkswagen,no,7.08
25642,1400,small car,manual,75,cordoba,150000,petrol,seat,no,18.83
25643,12390,bus,automatic,109,b_klasse,80000,diesel,mercedes_benz,no,8.92
25644,9999,station wagon,manual,174,clubman,90000,petrol,mini,no,11.83
25645,1650,coupe,manual,133,900,150000,petrol,saab,no,24.83
25646,550,limousine,manual,245,3er,150000,diesel,bmw,no,9.67
25648,6000,suv,manual,152,rav,150000,petrol,toyota,no,9.75
25649,3200,small car,manual,75,2_reihe,80000,petrol,peugeot,no,13.25
25655,549,small car,manual,58,seicento,150000,petrol,fiat,no,17.33
25656,9699,bus,manual,170,touran,150000,diesel,volkswagen,yes,11.08
25657,6800,limousine,manual,80,golf,90000,petrol,volkswagen,no,11.58
25658,1300,bus,manual,77,transporter,150000,diesel,volkswagen,no,24.17
25660,1990,bus,automatic,116,zafira,150000,petrol,opel,no,19.5
25661,2500,station wagon,manual,107,3_reihe,150000,diesel,peugeot,no,16.58
25663,19490,suv,manual,90,others,5000,petrol,renault,no,2.17
25666,7900,cabrio,automatic,279,clk,150000,petrol,mercedes_benz,no,18.25
25667,3599,bus,manual,125,zafira,150000,petrol,opel,no,14.25
25669,3200,small car,manual,75,clio,90000,petrol,renault,no,9.5
25670,7700,bus,manual,140,touran,150000,diesel,volkswagen,no,10.25
25671,990,station wagon,manual,116,focus,150000,diesel,ford,yes,13.5
25672,21500,suv,automatic,120,g_klasse,150000,diesel,mercedes_benz,no,19.25
25673,650,small car,manual,40,500,70000,petrol,fiat,no,25.42
25674,7050,limousine,manual,125,leon,125000,petrol,seat,no,8.83
25676,550,small car,manual,60,polo,150000,petrol,volkswagen,no,23.08
25677,3299,limousine,manual,131,a4,150000,petrol,audi,no,17.5
25678,4950,station wagon,automatic,150,3er,150000,diesel,bmw,no,14.08
25679,5900,station wagon,automatic,192,3er,150000,petrol,bmw,no,13.58
25680,6850,coupe,manual,200,astra,125000,petrol,opel,no,12.33
25681,7490,bus,manual,110,transit,150000,diesel,ford,no,10.92
25682,12900,coupe,manual,163,clk,50000,petrol,mercedes_benz,no,13.42
25684,990,bus,manual,90,megane,150000,petrol,renault,no,20.83
25685,10590,limousine,manual,105,others,30000,petrol,skoda,no,4.33
25686,3590,small car,manual,116,cooper,150000,petrol,mini,no,14.5
25690,9900,cabrio,manual,231,z_reihe,150000,petrol,bmw,no,13.25
25692,6750,small car,manual,60,fiesta,40000,petrol,ford,no,9.83
25694,10450,limousine,manual,143,3er,150000,diesel,bmw,no,10.5
25696,13500,suv,automatic,140,others,30000,petrol,kia,no,6.67
25698,1300,bus,manual,114,espace,150000,petrol,renault,no,20.17
25699,1850,small car,manual,58,corsa,150000,petrol,opel,no,17.17
25700,2500,limousine,manual,116,others,150000,diesel,rover,yes,19.08
25702,19800,suv,manual,163,kuga,60000,diesel,ford,no,8.92
25703,5300,station wagon,manual,136,v50,150000,diesel,volvo,no,13.0
25705,1500,station wagon,manual,75,golf,150000,petrol,volkswagen,no,15.5
25706,4800,limousine,automatic,140,others,150000,lpg,volvo,no,16.08
25707,6500,small car,automatic,54,fortwo,60000,diesel,smart,no,7.42
25708,8800,small car,manual,60,polo,40000,petrol,volkswagen,no,6.08
25711,7300,small car,manual,75,citigo,20000,petrol,skoda,no,6.75
25712,1790,bus,manual,95,kangoo,150000,petrol,renault,no,17.75
25714,3900,cabrio,manual,210,3er,150000,petrol,bmw,no,21.83
25715,1300,limousine,manual,80,fusion,150000,petrol,ford,yes,15.67
25717,18990,cabrio,manual,160,mx_reihe,20000,petrol,mazda,no,4.33
25719,6000,small car,manual,60,up,125000,petrol,volkswagen,no,6.67
25720,8995,small car,manual,75,one,40000,petrol,mini,no,7.0
25722,2450,limousine,manual,129,avensis,150000,petrol,toyota,no,18.75
25723,1650,small car,manual,101,golf,150000,petrol,volkswagen,no,20.5
25724,800,station wagon,manual,150,c_klasse,150000,petrol,mercedes_benz,no,21.33
25725,9690,bus,automatic,170,touran,150000,diesel,volkswagen,no,11.67
25728,1999,station wagon,automatic,155,c5,150000,diesel,citroen,no,16.42
25729,1500,limousine,manual,179,a3,150000,petrol,audi,no,21.33
25732,5250,limousine,manual,140,vectra,125000,petrol,opel,no,11.75
25734,200,station wagon,manual,90,mondeo,150000,petrol,ford,yes,20.5
25735,3800,small car,manual,80,fusion,100000,petrol,ford,no,13.83
25740,5499,coupe,automatic,170,3er,150000,petrol,bmw,no,15.75
25741,899,small car,manual,75,almera,150000,petrol,nissan,no,19.33
25742,3050,bus,manual,120,c_max,150000,petrol,ford,no,16.0
25743,6950,limousine,manual,105,a3,125000,diesel,audi,no,13.5
25744,10000,limousine,manual,160,astra,150000,diesel,opel,no,8.25
25748,950,limousine,automatic,116,civic,125000,petrol,honda,no,21.83
25749,12000,limousine,automatic,250,golf,150000,petrol,volkswagen,no,13.92
25750,5999,station wagon,automatic,109,1_reihe,40000,petrol,peugeot,no,9.5
25751,22990,station wagon,manual,140,q3,60000,diesel,audi,no,5.17
25755,3199,station wagon,manual,150,a4,150000,diesel,audi,no,19.67
25756,13900,station wagon,automatic,170,passat,150000,diesel,volkswagen,no,8.58
25757,5700,small car,manual,140,golf,150000,diesel,volkswagen,no,13.92
25762,18500,limousine,automatic,340,s_klasse,150000,petrol,mercedes_benz,no,13.0
25764,5000,cabrio,automatic,82,roadster,150000,petrol,smart,no,15.83
25766,6000,bus,manual,102,transporter,150000,diesel,volkswagen,no,11.5
25767,13499,limousine,manual,163,3er,125000,diesel,bmw,no,11.17
25768,7800,cabrio,manual,163,slk,80000,petrol,mercedes_benz,no,18.25
25769,4990,bus,manual,69,roomster,70000,petrol,skoda,no,10.25
25770,1900,small car,manual,54,panda,150000,petrol,fiat,no,12.5
25771,2300,limousine,manual,150,3er,125000,petrol,bmw,no,20.83
25772,2900,station wagon,manual,111,others,150000,lpg,volvo,no,25.08
25773,65700,coupe,manual,231,911,125000,petrol,porsche,no,31.5
25774,17900,bus,automatic,150,viano,125000,diesel,mercedes_benz,no,10.0
25775,2800,station wagon,manual,163,e_klasse,150000,petrol,mercedes_benz,no,17.08
25776,8950,suv,automatic,150,captiva,100000,diesel,chevrolet,no,10.67
25781,27950,station wagon,automatic,179,a3,30000,petrol,audi,no,3.17
25784,4199,station wagon,manual,131,a4,150000,diesel,audi,no,16.75
25785,41999,coupe,automatic,313,others,60000,diesel,audi,no,6.67
25786,22900,limousine,manual,91,others,70000,petrol,citroen,no,50.42
25787,2350,others,automatic,140,3er,150000,petrol,bmw,no,23.08
25788,5450,station wagon,manual,120,croma,150000,diesel,fiat,no,10.5
25789,19900,coupe,automatic,190,a5,150000,diesel,audi,no,10.33
25790,1350,limousine,manual,73,r19,90000,petrol,renault,yes,23.67
25791,16849,station wagon,automatic,232,a6,125000,diesel,audi,no,11.83
25792,25990,station wagon,automatic,179,a3,50000,petrol,audi,no,5.42
25793,2600,limousine,manual,109,a_klasse,150000,diesel,mercedes_benz,yes,13.08
25797,3499,small car,manual,101,clio,125000,petrol,renault,no,11.83
25798,2750,coupe,manual,129,c_klasse,150000,petrol,mercedes_benz,yes,17.33
25800,9750,limousine,manual,102,golf,125000,petrol,volkswagen,no,9.83
25802,1550,limousine,manual,90,almera,150000,petrol,nissan,no,17.0
25803,800,small car,manual,54,clio,60000,petrol,renault,no,25.83
25804,12300,limousine,manual,218,3er,150000,petrol,bmw,no,12.08
25805,2490,limousine,manual,101,passat,150000,petrol,volkswagen,no,19.33
25806,8500,small car,manual,133,twingo,30000,petrol,renault,no,8.75
25807,2999,limousine,automatic,114,almera,70000,petrol,nissan,no,17.67
25808,900,limousine,manual,108,others,150000,petrol,mercedes_benz,yes,26.42
25809,7250,small car,manual,108,a_klasse,80000,diesel,mercedes_benz,no,12.92
25811,999,small car,manual,54,corsa,150000,petrol,opel,no,18.58
25813,199,small car,manual,60,corsa,150000,petrol,opel,yes,21.17
25817,1950,station wagon,manual,105,golf,150000,petrol,volkswagen,no,18.5
25818,13900,cabrio,automatic,231,z_reihe,90000,petrol,bmw,no,15.5
25820,12000,station wagon,automatic,140,passat,125000,diesel,volkswagen,no,10.75
25822,450,station wagon,manual,150,a4,150000,diesel,audi,yes,18.25
25823,2800,limousine,manual,143,3er,150000,petrol,bmw,no,16.75
25824,3400,limousine,manual,109,3_reihe,150000,diesel,mazda,no,13.25
25825,1950,station wagon,automatic,125,c_klasse,150000,diesel,mercedes_benz,no,20.75
25826,7290,limousine,manual,179,a6,150000,diesel,audi,no,13.17
25827,3500,station wagon,manual,101,bora,125000,petrol,volkswagen,no,15.33
25828,1699,limousine,manual,226,others,150000,petrol,alfa_romeo,no,17.5
25829,35000,station wagon,automatic,204,a6,60000,diesel,audi,no,6.17
25832,2449,station wagon,manual,150,a6,150000,diesel,audi,no,20.83
25833,1099,small car,manual,60,fiesta,150000,petrol,ford,no,19.75
25834,5250,limousine,manual,101,focus,150000,petrol,ford,no,10.67
25835,4000,bus,automatic,140,touran,150000,diesel,volkswagen,no,14.83
25836,2850,bus,manual,90,galaxy,150000,diesel,ford,no,19.0
25837,1700,limousine,manual,150,5er,150000,petrol,bmw,no,20.33
25838,11199,station wagon,manual,140,a3,125000,diesel,audi,no,10.0
25842,5600,coupe,manual,143,c_klasse,125000,petrol,mercedes_benz,no,15.58
25845,95000,cabrio,automatic,170,sl,125000,petrol,mercedes_benz,no,48.83
25846,1200,limousine,manual,110,golf,150000,diesel,volkswagen,no,20.75
25848,3750,station wagon,automatic,163,a6,150000,diesel,audi,no,15.83
25850,9250,cabrio,manual,126,mx_reihe,80000,petrol,mazda,no,10.58
25851,38800,coupe,automatic,230,tt,20000,petrol,audi,no,3.17
25852,1400,station wagon,automatic,116,passat,150000,diesel,volkswagen,no,18.58
25853,20888,bus,manual,140,transit,125000,diesel,ford,no,6.25
25854,1500,small car,manual,60,clio,50000,petrol,renault,no,20.25
25856,2500,limousine,manual,116,3er,150000,petrol,bmw,no,16.58
25857,6500,small car,manual,77,punto,60000,petrol,fiat,no,6.25
25858,20880,limousine,manual,184,3er,40000,diesel,bmw,no,6.33
25859,7499,station wagon,automatic,224,e_klasse,150000,diesel,mercedes_benz,no,13.42
25860,800,small car,manual,50,fiesta,150000,petrol,ford,no,17.17
25861,1190,small car,manual,60,corsa,60000,petrol,opel,no,20.0
25863,2149,cabrio,manual,109,2_reihe,150000,petrol,peugeot,no,15.5
25864,5500,limousine,manual,80,a_klasse,150000,diesel,mercedes_benz,no,11.08
25865,31500,bus,manual,140,transporter,150000,diesel,volkswagen,no,7.08
25866,900,limousine,manual,75,almera,150000,petrol,nissan,no,19.5
25867,5500,station wagon,automatic,140,passat,150000,diesel,volkswagen,no,11.83
25868,8900,cabrio,automatic,163,slk,150000,petrol,mercedes_benz,no,14.33
25869,6490,small car,manual,125,swift,125000,petrol,suzuki,no,10.25
25870,8500,coupe,manual,209,others,150000,diesel,alfa_romeo,no,11.0
25871,23950,suv,automatic,364,others,70000,petrol,ford,no,7.58
25874,3999,suv,automatic,163,m_klasse,150000,diesel,mercedes_benz,no,16.5
25875,700,small car,manual,60,fiesta,125000,petrol,ford,no,19.75
25877,38900,bus,automatic,204,transporter,50000,petrol,volkswagen,no,6.25
25878,1500,cabrio,manual,150,others,150000,petrol,saab,yes,18.75
25880,950,small car,manual,75,2_reihe,150000,petrol,peugeot,no,16.58
25883,1200,station wagon,automatic,177,e_klasse,150000,diesel,mercedes_benz,no,21.92
25884,6500,limousine,manual,105,jetta,150000,diesel,volkswagen,no,12.83
25886,2650,station wagon,automatic,170,others,150000,diesel,mercedes_benz,no,16.83
25887,10200,small car,manual,174,cooper,100000,petrol,mini,no,11.33
25888,300,limousine,manual,75,ibiza,150000,petrol,seat,no,16.33
25890,55000,limousine,automatic,457,c_klasse,50000,petrol,mercedes_benz,no,6.25
25893,4950,limousine,manual,175,vectra,150000,lpg,opel,yes,11.92
25895,11900,limousine,manual,122,1er,60000,petrol,bmw,no,8.83
25896,3500,small car,manual,64,polo,150000,petrol,volkswagen,no,13.92
25897,4250,small car,manual,69,polo,150000,diesel,volkswagen,no,13.83
25899,4000,limousine,manual,150,147,150000,diesel,alfa_romeo,no,11.83
25903,7500,small car,manual,34,kaefer,90000,petrol,volkswagen,no,34.42
25905,1200,cabrio,manual,121,3_reihe,125000,petrol,peugeot,no,22.75
25906,2500,limousine,manual,150,a3,150000,petrol,audi,no,21.33
25907,4999,cabrio,manual,150,others,150000,petrol,saab,no,14.25
25908,6999,limousine,manual,140,golf,80000,diesel,volkswagen,no,14.5
25909,1900,station wagon,manual,68,fabia,150000,petrol,skoda,no,17.58
25910,10400,small car,manual,90,polo,80000,diesel,volkswagen,no,5.25
25911,7500,coupe,manual,105,astra,60000,petrol,opel,no,11.92
25912,3200,station wagon,manual,101,focus,150000,petrol,ford,no,11.58
25913,7500,coupe,manual,129,3er,100000,petrol,bmw,no,33.58
25914,5555,small car,manual,80,fusion,90000,petrol,ford,no,11.58
25915,10700,station wagon,manual,177,3er,125000,diesel,bmw,no,10.33
25917,700,suv,manual,105,others,150000,petrol,honda,yes,19.33
25918,1200,small car,manual,75,clio,150000,petrol,renault,no,21.0
25919,8590,bus,manual,145,c_max,40000,petrol,ford,no,10.08
25920,6500,station wagon,manual,204,c_klasse,150000,petrol,mercedes_benz,no,13.92
25921,2800,station wagon,manual,101,passat,150000,diesel,volkswagen,no,14.25
25923,12600,cabrio,automatic,163,slk,125000,petrol,mercedes_benz,no,10.08
25924,800,small car,manual,55,fiesta,150000,petrol,ford,no,19.17
25925,3700,station wagon,manual,73,1_reihe,80000,petrol,peugeot,no,13.83
25929,2350,station wagon,manual,211,omega,150000,petrol,opel,no,20.42
25930,27500,limousine,automatic,184,x_reihe,40000,diesel,bmw,no,5.25
25932,2490,small car,manual,131,ibiza,150000,diesel,seat,no,15.5
25934,5990,station wagon,automatic,177,e_klasse,150000,diesel,mercedes_benz,no,13.08
25935,8400,small car,manual,94,swift,40000,petrol,suzuki,no,5.42
25938,20800,station wagon,automatic,239,a6,125000,diesel,audi,no,8.58
25940,2333,limousine,manual,150,3er,100000,petrol,bmw,no,27.5
25941,6000,limousine,automatic,298,s_type,150000,lpg,jaguar,no,16.92
25942,2700,coupe,manual,147,astra,150000,petrol,opel,no,16.67
25943,4990,limousine,manual,116,3er,150000,petrol,bmw,no,16.42
25944,2000,limousine,manual,109,others,150000,petrol,mercedes_benz,no,27.5
25945,3380,small car,manual,75,2_reihe,125000,petrol,peugeot,no,12.17
25947,1599,small car,manual,58,corsa,150000,petrol,opel,no,17.67
25948,8500,small car,manual,150,polo,90000,petrol,volkswagen,no,12.58
25949,1750,station wagon,automatic,150,omega,150000,diesel,opel,no,15.17
25950,999,small car,manual,58,corsa,150000,petrol,opel,no,16.42
25951,4490,limousine,manual,102,golf,150000,petrol,volkswagen,no,13.33
25952,500,station wagon,manual,116,vectra,150000,petrol,opel,no,18.25
25954,3500,bus,manual,90,berlingo,150000,diesel,citroen,no,12.67
25955,5100,coupe,automatic,71,fortwo,60000,petrol,smart,no,8.83
25956,4990,coupe,manual,200,others,50000,petrol,volkswagen,no,27.33
25959,3200,station wagon,manual,150,3er,150000,diesel,bmw,no,14.17
25960,4000,bus,automatic,200,others,150000,lpg,ford,no,25.25
25961,1950,small car,manual,54,polo,150000,petrol,volkswagen,no,16.92
25963,7250,bus,automatic,116,vito,150000,diesel,mercedes_benz,no,9.42
25964,3500,bus,manual,100,zafira,150000,cng,opel,no,14.33
25965,850,small car,manual,60,corsa,150000,petrol,opel,no,21.33
25967,15600,limousine,manual,211,golf,90000,petrol,volkswagen,no,8.75
25969,3750,limousine,manual,150,a6,150000,diesel,audi,no,18.08
25970,2250,station wagon,manual,140,v70,150000,petrol,volvo,no,16.25
25972,4500,bus,manual,116,alhambra,150000,diesel,seat,no,13.33
25974,12450,station wagon,automatic,224,e_klasse,150000,diesel,mercedes_benz,no,10.5
25975,4900,limousine,manual,150,megane,150000,diesel,renault,no,11.92
25976,4500,limousine,manual,105,astra,100000,petrol,opel,no,14.83
25977,999,small car,manual,75,corsa,150000,diesel,opel,yes,15.25
25978,2650,small car,manual,80,corsa,150000,petrol,opel,no,13.08
25979,1800,small car,manual,75,corsa,150000,petrol,opel,yes,14.17
25980,800,station wagon,manual,101,passat,150000,petrol,volkswagen,no,20.58
25981,15780,limousine,manual,120,a4,125000,diesel,audi,no,6.92
25982,4250,station wagon,manual,177,avensis,150000,diesel,toyota,no,13.0
25984,6500,bus,manual,131,transporter,150000,diesel,volkswagen,no,13.75
25985,2599,cabrio,manual,54,others,80000,petrol,volkswagen,no,49.83
25986,4490,bus,manual,105,meriva,90000,petrol,opel,no,12.92
25987,2000,limousine,manual,163,laguna,150000,petrol,renault,no,13.08
25988,4500,station wagon,manual,101,fabia,125000,diesel,skoda,no,13.75
25989,690,limousine,manual,75,golf,150000,diesel,volkswagen,no,26.58
25991,999,small car,manual,60,polo,150000,petrol,volkswagen,no,18.33
25992,20499,suv,manual,405,cayenne,150000,petrol,porsche,no,11.83
25993,3899,station wagon,manual,185,signum,150000,diesel,opel,no,14.0
25996,3799,small car,manual,37,others,30000,petrol,fiat,no,44.33
25997,3500,cabrio,manual,113,3er,150000,petrol,bmw,no,26.25
25998,5300,station wagon,manual,136,focus,150000,diesel,ford,no,10.08
25999,12400,suv,manual,160,yeti,90000,petrol,skoda,no,7.25
26000,2700,bus,automatic,140,touran,150000,diesel,volkswagen,yes,12.17
26002,13990,coupe,automatic,190,a5,150000,diesel,audi,no,10.17
26003,6499,limousine,automatic,170,golf,150000,diesel,volkswagen,no,12.83
26004,10500,suv,automatic,150,captiva,100000,diesel,chevrolet,no,11.25
26005,1500,small car,manual,60,ka,125000,petrol,ford,no,15.25
26006,11000,coupe,manual,218,3er,150000,petrol,bmw,no,12.83
26008,8000,cabrio,manual,140,a4,150000,diesel,audi,yes,11.75
26011,8290,bus,manual,95,b_klasse,125000,petrol,mercedes_benz,no,10.58
26012,7490,cabrio,manual,192,3er,150000,petrol,bmw,no,14.17
26013,6490,limousine,manual,105,a3,150000,diesel,audi,no,10.33
26015,2400,limousine,manual,105,toledo,150000,petrol,seat,no,16.25
26016,11980,limousine,manual,122,golf,60000,petrol,volkswagen,no,7.33
26017,1800,station wagon,manual,110,passat,150000,diesel,volkswagen,no,21.67
26018,2450,bus,manual,75,others,150000,diesel,nissan,no,21.0
26019,26000,bus,automatic,283,others,40000,lpg,lancia,no,4.5
26020,12800,small car,manual,60,polo,20000,petrol,volkswagen,no,5.0
26021,750,small car,manual,50,fiesta,150000,petrol,ford,no,18.33
26022,15750,station wagon,automatic,150,vito,125000,diesel,mercedes_benz,no,10.92
26023,4500,station wagon,manual,110,corolla,70000,petrol,toyota,no,14.08
26024,3980,cabrio,automatic,193,slk,150000,petrol,mercedes_benz,no,20.58
26025,10850,station wagon,manual,232,a6,150000,diesel,audi,yes,12.0
26026,13999,limousine,automatic,333,7er,125000,petrol,bmw,no,15.25
26029,350,small car,manual,26,601,50000,petrol,trabant,yes,30.92
26031,1500,station wagon,manual,116,astra,150000,petrol,opel,no,18.08
26033,13489,limousine,manual,105,others,30000,diesel,skoda,no,5.25
26034,7490,station wagon,manual,38,others,90000,petrol,renault,no,35.0
26035,3400,limousine,manual,118,3er,150000,petrol,bmw,no,19.08
26038,3799,small car,manual,65,yaris,125000,petrol,toyota,no,13.5
26039,13550,station wagon,manual,190,a6,150000,diesel,audi,yes,8.83
26043,2300,limousine,manual,75,golf,150000,petrol,volkswagen,no,15.25
26044,500,limousine,manual,150,3er,150000,petrol,bmw,yes,22.08
26045,6600,cabrio,manual,163,others,150000,petrol,audi,no,14.25
26046,2250,limousine,automatic,160,a6,5000,petrol,audi,no,19.83
26047,2499,station wagon,manual,84,astra,150000,petrol,opel,no,15.25
26048,3500,limousine,automatic,150,a6,150000,petrol,audi,no,20.5
26050,6900,suv,manual,141,sportage,90000,petrol,kia,no,13.5
26051,7800,station wagon,manual,102,a4,125000,petrol,audi,no,10.08
26053,400,limousine,manual,110,a4,150000,petrol,audi,yes,22.0
26055,1700,small car,manual,75,clio,150000,petrol,renault,no,15.67
26056,500,station wagon,manual,101,vectra,150000,petrol,opel,yes,19.58
26057,1850,limousine,manual,114,almera,100000,petrol,nissan,no,17.5
26059,900,small car,manual,58,twingo,150000,petrol,renault,no,20.83
26061,7300,limousine,manual,200,passat,125000,petrol,volkswagen,no,12.67
26062,4700,small car,manual,64,polo,125000,petrol,volkswagen,no,13.25
26063,23900,suv,automatic,204,glk,150000,diesel,mercedes_benz,no,9.0
26066,1000,small car,manual,54,twingo,150000,petrol,renault,no,21.67
26067,12500,suv,manual,116,others,150000,diesel,mitsubishi,no,17.0
26068,19300,bus,manual,140,touran,20000,petrol,volkswagen,no,5.0
26069,16790,station wagon,manual,132,auris,20000,petrol,toyota,no,4.75
26071,7800,limousine,manual,160,golf,125000,cng,volkswagen,no,9.67
26072,1300,small car,manual,58,sirion,150000,petrol,daihatsu,no,17.25
26074,2200,limousine,manual,170,850,150000,petrol,volvo,no,25.42
26076,6200,limousine,manual,245,5er,150000,petrol,bmw,no,20.92
26077,1399,small car,manual,50,fiesta,125000,petrol,ford,no,18.08
26078,5300,station wagon,manual,140,passat,150000,diesel,volkswagen,no,10.33
26079,390,small car,manual,54,seicento,125000,petrol,fiat,no,13.33
26081,1900,small car,manual,60,fiesta,150000,petrol,ford,no,12.08
26083,2500,bus,manual,102,transporter,150000,diesel,volkswagen,no,18.42
26084,5600,small car,manual,77,punto,90000,petrol,fiat,no,8.5
26086,1799,small car,manual,58,twingo,100000,petrol,renault,no,13.58
26087,1600,bus,manual,84,transporter,150000,petrol,volkswagen,no,24.5
26088,10500,bus,manual,105,touran,150000,diesel,volkswagen,no,10.0
26089,1300,small car,manual,35,others,90000,petrol,fiat,no,22.0
26090,12590,cabrio,manual,170,3er,90000,petrol,bmw,no,13.67
26096,57250,coupe,manual,355,911,50000,petrol,porsche,no,10.83
26097,3600,limousine,manual,75,fabia,90000,petrol,skoda,no,14.58
26099,5499,bus,manual,110,5_reihe,150000,diesel,mazda,no,12.92
26100,2800,coupe,manual,125,astra,5000,diesel,opel,no,15.25
26101,11500,small car,manual,105,a1,150000,diesel,audi,no,8.58
26104,9950,limousine,manual,131,s_klasse,20000,petrol,mercedes_benz,no,52.75
26106,6200,bus,manual,94,zafira,150000,cng,opel,no,10.67
26108,8000,limousine,automatic,163,3er,150000,diesel,bmw,no,13.92
26109,899,small car,automatic,50,cuore,125000,petrol,daihatsu,no,15.17
26110,5999,suv,manual,109,c_max,150000,petrol,ford,no,11.67
26112,13900,station wagon,automatic,235,5er,150000,diesel,bmw,no,11.92
26113,4500,limousine,automatic,286,7er,150000,petrol,bmw,no,22.42
26114,2000,limousine,manual,126,others,150000,diesel,mercedes_benz,no,19.42
26116,2800,bus,manual,69,others,80000,diesel,fiat,no,18.83
26118,10800,limousine,automatic,218,3er,50000,petrol,bmw,no,13.58
26119,7650,limousine,manual,122,1er,125000,petrol,bmw,no,10.25
26120,11350,suv,manual,107,duster,30000,diesel,dacia,no,8.67
26121,5300,bus,automatic,95,musa,125000,petrol,lancia,no,11.42
26122,3000,suv,automatic,163,m_klasse,150000,diesel,mercedes_benz,yes,16.0
26123,500,small car,manual,50,lupo,150000,petrol,volkswagen,no,19.75
26124,15800,cabrio,manual,131,megane,60000,petrol,renault,no,6.33
26126,999,small car,manual,75,twingo,150000,petrol,renault,no,17.42
26127,1299,small car,manual,50,polo,100000,petrol,volkswagen,no,21.25
26131,1200,coupe,manual,102,3er,150000,petrol,bmw,yes,19.33
26133,2600,bus,manual,90,berlingo,150000,diesel,citroen,no,16.83
26134,12450,bus,automatic,170,touran,90000,petrol,volkswagen,no,10.83
26135,2999,cabrio,manual,150,3er,150000,petrol,bmw,no,24.08
26137,700,limousine,manual,90,6_reihe,150000,petrol,mazda,yes,20.83
26138,2950,limousine,manual,75,astra,150000,petrol,opel,no,19.58
26139,10500,limousine,automatic,177,a6,80000,petrol,audi,no,14.83
26140,1800,small car,manual,76,others,150000,petrol,suzuki,no,15.17
26142,10500,limousine,manual,143,3er,150000,diesel,bmw,no,8.42
26143,4800,cabrio,manual,50,kaefer,80000,petrol,volkswagen,no,35.42
26144,5500,cabrio,manual,118,z_reihe,150000,petrol,bmw,no,19.92
26146,595,station wagon,manual,90,80,150000,petrol,audi,no,26.92
26147,7999,small car,manual,69,500,20000,petrol,fiat,no,4.92
26148,14990,limousine,manual,204,1er,125000,diesel,bmw,no,8.67
26149,32300,bus,automatic,179,transporter,125000,diesel,volkswagen,no,7.25
26150,6300,bus,manual,109,vito,150000,diesel,mercedes_benz,no,13.17
26151,9999,cabrio,automatic,177,sl,40000,petrol,mercedes_benz,no,41.83
26152,4500,small car,manual,60,corsa,70000,petrol,opel,no,10.25
26153,8800,limousine,automatic,150,e_klasse,150000,diesel,mercedes_benz,no,13.17
26154,1450,limousine,manual,125,golf,150000,petrol,volkswagen,no,19.08
26155,2850,limousine,manual,105,3er,150000,petrol,bmw,yes,17.42
26156,7980,limousine,manual,70,corsa,30000,petrol,opel,no,5.75
26158,1190,station wagon,manual,116,3er,150000,lpg,bmw,no,21.08
26161,9950,bus,manual,116,vito,150000,diesel,mercedes_benz,no,11.83
26162,850,small car,manual,50,polo,150000,petrol,volkswagen,yes,17.25
26163,1850,station wagon,manual,101,focus,150000,petrol,ford,no,13.33
26166,480,limousine,manual,189,omega,70000,petrol,opel,yes,17.75
26167,200,others,manual,90,others,80000,petrol,daihatsu,yes,20.5
26171,475,small car,manual,50,lupo,150000,petrol,volkswagen,no,18.0
26172,13000,bus,manual,109,b_klasse,90000,diesel,mercedes_benz,no,7.17
26174,11300,small car,manual,156,others,50000,petrol,citroen,no,9.0
26176,650,limousine,manual,101,astra,150000,petrol,opel,no,23.0
26178,4000,station wagon,manual,143,a4,150000,diesel,audi,no,9.67
26179,1000,station wagon,manual,140,v40,150000,petrol,volvo,no,22.92
26180,1299,bus,manual,64,caddy,150000,diesel,volkswagen,no,16.25
26181,13300,limousine,manual,143,1er,70000,petrol,bmw,no,7.42
26182,6800,station wagon,manual,170,passat,150000,diesel,volkswagen,no,8.08
26183,2400,station wagon,manual,130,megane,150000,diesel,renault,no,12.0
26184,35499,limousine,automatic,265,others,150000,diesel,mercedes_benz,no,7.17
26185,17490,limousine,manual,177,x_reihe,60000,diesel,bmw,no,8.33
26188,16950,limousine,manual,205,s60,150000,diesel,volvo,no,7.25
26189,3350,bus,manual,101,zafira,150000,petrol,opel,no,17.25
26190,3400,station wagon,manual,116,c_klasse,150000,diesel,mercedes_benz,no,15.25
26192,12500,coupe,automatic,306,others,30000,petrol,hyundai,no,8.75
26196,1350,small car,manual,75,golf,150000,petrol,volkswagen,no,19.58
26198,14999,suv,manual,115,others,40000,diesel,peugeot,no,6.0
26199,30000,cabrio,automatic,333,others,125000,petrol,audi,no,7.08
26202,7900,suv,manual,163,m_klasse,150000,diesel,mercedes_benz,no,15.5
26204,2390,small car,manual,150,corsa,125000,petrol,opel,yes,25.5
26208,2350,limousine,manual,105,focus,80000,petrol,ford,no,19.0
26209,790,limousine,manual,55,golf,150000,petrol,volkswagen,no,28.92
26210,4200,coupe,manual,190,astra,125000,petrol,opel,no,17.5
26211,3100,small car,manual,75,polo,150000,diesel,volkswagen,no,16.92
26213,34999,limousine,automatic,239,q5,125000,diesel,audi,no,7.0
26214,7500,coupe,automatic,71,fortwo,40000,petrol,smart,no,5.17
26216,3750,station wagon,manual,131,passat,150000,diesel,volkswagen,no,17.58
26219,3500,station wagon,manual,116,passat,150000,petrol,volkswagen,no,15.5
26220,1380,cabrio,manual,101,golf,150000,petrol,volkswagen,no,19.0
26221,1750,limousine,manual,75,golf,150000,petrol,volkswagen,no,20.42
26223,3500,bus,manual,140,touran,150000,diesel,volkswagen,no,14.58
26226,2700,station wagon,manual,136,3_reihe,150000,petrol,peugeot,no,15.58
26227,7500,cabrio,manual,111,megane,70000,petrol,renault,no,11.42
26228,600,bus,manual,60,combo,150000,diesel,opel,no,20.67
26229,1700,limousine,manual,105,3er,150000,petrol,bmw,no,18.67
26230,1200,small car,manual,58,corsa,150000,petrol,opel,no,17.75
26231,10950,small car,manual,86,polo,30000,petrol,volkswagen,no,7.67
26232,6750,limousine,manual,140,astra,150000,petrol,opel,no,12.33
26233,7500,limousine,automatic,204,others,150000,diesel,mercedes_benz,no,15.92
26236,1450,small car,manual,75,polo,150000,petrol,volkswagen,no,22.92
26237,1450,station wagon,manual,125,a4,150000,lpg,audi,no,19.42
26238,700,limousine,manual,75,golf,100000,petrol,volkswagen,yes,24.0
26239,4300,station wagon,manual,140,a3,150000,diesel,audi,yes,13.58
26240,14540,bus,automatic,150,viano,150000,diesel,mercedes_benz,no,12.67
26241,2350,limousine,manual,150,golf,150000,diesel,volkswagen,no,16.67
26242,1600,coupe,manual,107,megane,150000,petrol,renault,no,16.17
26245,5999,small car,manual,75,twingo,30000,petrol,renault,no,5.5
26246,1650,small car,manual,60,fiesta,70000,petrol,ford,no,15.67
26247,1399,limousine,manual,101,focus,150000,petrol,ford,no,19.42
26252,2449,station wagon,manual,144,v70,150000,petrol,volvo,no,20.08
26253,750,small car,manual,75,clio,150000,petrol,renault,yes,16.83
26254,15900,limousine,automatic,170,golf,150000,diesel,volkswagen,no,8.67
26255,14999,station wagon,automatic,184,c_klasse,125000,petrol,mercedes_benz,no,10.17
26256,2000,small car,manual,105,a_klasse,100000,petrol,mercedes_benz,no,18.08
26258,13000,cabrio,manual,231,z_reihe,150000,petrol,bmw,no,15.5
26259,2800,bus,manual,90,others,150000,diesel,peugeot,no,15.0
26260,8500,cabrio,automatic,101,others,125000,petrol,chrysler,no,33.58
26261,2750,station wagon,manual,70,fabia,150000,diesel,skoda,no,11.92
26262,2800,station wagon,manual,101,fabia,150000,diesel,skoda,no,12.08
26263,890,small car,manual,50,lupo,80000,petrol,volkswagen,yes,18.67
26264,6000,limousine,automatic,177,3er,125000,diesel,bmw,no,9.67
26265,22500,limousine,automatic,170,q5,150000,diesel,audi,no,8.5
26266,34000,suv,automatic,190,range_rover_evoque,70000,diesel,land_rover,no,6.67
26268,16500,limousine,automatic,250,golf,125000,petrol,volkswagen,no,11.5
26269,11499,limousine,manual,160,golf,100000,petrol,volkswagen,no,9.67
26270,12000,suv,manual,143,x_reihe,150000,diesel,bmw,no,8.25
26272,12449,cabrio,manual,224,tt,100000,petrol,audi,no,16.33
26274,4690,small car,manual,69,polo,80000,petrol,volkswagen,no,11.92
26275,830,station wagon,manual,116,mondeo,150000,diesel,ford,no,17.83
26276,7600,cabrio,manual,150,others,125000,petrol,audi,no,18.67
26278,500,small car,manual,60,corsa,150000,petrol,opel,no,19.25
26280,4750,station wagon,automatic,204,others,150000,diesel,mercedes_benz,no,15.0
26284,1600,limousine,manual,150,passat,150000,petrol,volkswagen,no,20.5
26285,2800,cabrio,manual,116,3er,150000,petrol,bmw,no,19.67
26286,4444,station wagon,automatic,193,5er,150000,diesel,bmw,no,15.17
26287,2450,limousine,manual,110,a4,150000,diesel,audi,no,19.58
26288,3650,small car,manual,69,fiesta,100000,petrol,ford,no,11.83
26291,2800,coupe,manual,150,others,150000,diesel,alfa_romeo,no,14.17
26292,3700,cabrio,automatic,143,ptcruiser,125000,petrol,chrysler,no,13.33
26293,16200,station wagon,automatic,204,e_klasse,150000,diesel,mercedes_benz,no,8.75
26294,1000,limousine,manual,101,passat,150000,petrol,volkswagen,no,19.58
26295,7850,station wagon,automatic,140,a4,150000,diesel,audi,no,11.33
26297,2900,bus,manual,68,transporter,150000,diesel,volkswagen,no,21.17
26298,1050,small car,manual,58,twingo,125000,petrol,renault,no,17.08
26300,1800,small car,manual,110,almera,150000,diesel,nissan,no,17.33
26302,1750,limousine,manual,150,passat,150000,diesel,volkswagen,no,18.5
26304,900,limousine,manual,101,vectra,100000,petrol,opel,no,21.0
26305,1350,bus,manual,60,fiesta,100000,diesel,ford,no,17.25
26306,4100,small car,manual,91,sirion,100000,petrol,daihatsu,no,12.0
26307,1750,cabrio,automatic,143,others,125000,petrol,chrysler,no,27.0
26309,6900,station wagon,automatic,136,others,150000,petrol,mercedes_benz,no,36.58
26310,3999,cabrio,manual,116,golf,100000,petrol,volkswagen,no,17.83
26311,3999,limousine,manual,109,others,150000,petrol,mercedes_benz,no,27.08
26314,7800,station wagon,automatic,163,c_klasse,125000,petrol,mercedes_benz,no,12.83
26316,1100,limousine,manual,122,carisma,150000,petrol,mitsubishi,no,19.0
26318,10900,small car,manual,86,a1,60000,petrol,audi,no,6.5
26320,4799,limousine,manual,95,colt,100000,petrol,mitsubishi,no,8.33
26321,3800,station wagon,manual,145,c_max,150000,petrol,ford,no,15.0
26323,6999,cabrio,manual,136,3_reihe,50000,petrol,peugeot,no,15.0
26324,13500,limousine,manual,170,c_klasse,150000,diesel,mercedes_benz,no,8.5
26325,999,limousine,manual,111,mondeo,150000,petrol,ford,no,22.42
26326,8500,bus,manual,105,touran,150000,diesel,volkswagen,no,14.75
26327,21490,suv,automatic,239,q5,125000,diesel,audi,no,9.33
26328,5500,limousine,manual,90,golf,125000,petrol,volkswagen,no,14.67
26329,1000,station wagon,automatic,122,c_klasse,150000,petrol,mercedes_benz,yes,21.58
26330,3290,bus,manual,90,transit,150000,diesel,ford,no,12.58
26331,1299,small car,manual,75,corsa,150000,petrol,opel,no,15.17
26333,6800,small car,manual,60,up,30000,petrol,volkswagen,no,6.0
26334,1350,cabrio,manual,90,golf,150000,petrol,volkswagen,no,21.08
26338,3100,limousine,manual,101,astra,150000,diesel,opel,no,15.0
26340,1850,limousine,automatic,115,octavia,150000,petrol,skoda,no,20.0
26342,10500,suv,manual,110,juke,125000,diesel,nissan,no,6.08
26343,600,limousine,manual,120,others,70000,petrol,rover,yes,18.17
26344,2000,suv,manual,82,niva,90000,lpg,lada,no,9.5
26345,6990,small car,manual,90,corsa,60000,petrol,opel,no,8.67
26346,100,station wagon,manual,110,6_reihe,150000,diesel,mazda,yes,17.92
26347,19900,limousine,manual,170,a6,60000,petrol,audi,no,9.08
26348,5899,bus,automatic,140,b_klasse,150000,diesel,mercedes_benz,no,13.58
26353,4900,station wagon,manual,140,a4,150000,diesel,audi,no,12.42
26356,150,small car,automatic,60,corsa,70000,petrol,opel,yes,26.08
26358,300,small car,manual,50,arosa,150000,petrol,seat,yes,21.75
26359,9500,station wagon,automatic,163,5er,150000,diesel,bmw,no,11.33
26360,3000,bus,manual,116,sharan,150000,diesel,volkswagen,no,16.42
26361,9800,station wagon,manual,143,3er,150000,diesel,bmw,no,9.17
26365,1700,cabrio,manual,109,2_reihe,150000,petrol,peugeot,no,14.25
26366,3590,limousine,automatic,304,s_klasse,150000,lpg,mercedes_benz,no,19.17
26367,550,station wagon,manual,90,escort,150000,petrol,ford,no,21.83
26368,4250,small car,manual,69,yaris,125000,petrol,toyota,no,9.75
26369,5500,limousine,manual,150,3_reihe,125000,petrol,mazda,no,11.5
26372,4000,limousine,manual,163,a6,150000,diesel,audi,no,15.0
26373,1600,station wagon,manual,116,focus,150000,petrol,ford,no,19.5
26379,1490,small car,manual,50,lupo,150000,petrol,volkswagen,no,19.17
26380,5000,bus,automatic,102,golf,150000,petrol,volkswagen,no,12.5
26381,20450,limousine,automatic,163,others,60000,diesel,citroen,no,5.5
26385,6499,small car,manual,109,2_reihe,40000,diesel,peugeot,no,9.5
26387,1900,small car,manual,54,polo,150000,petrol,volkswagen,no,16.33
26388,1950,small car,manual,60,fiesta,150000,petrol,ford,no,15.08
26394,750,small car,manual,45,corsa,150000,petrol,opel,no,22.5
26396,9800,station wagon,manual,120,a4,150000,petrol,audi,no,9.08
26397,1200,station wagon,manual,116,primera,150000,petrol,nissan,no,12.83
26398,5990,station wagon,manual,105,astra,125000,petrol,opel,no,11.92
26399,990,small car,manual,135,2_reihe,150000,lpg,peugeot,no,20.0
26400,1590,limousine,manual,69,fiesta,150000,petrol,ford,no,13.25
26401,16590,cabrio,manual,143,1er,40000,diesel,bmw,no,9.17
26403,2500,limousine,automatic,130,a4,150000,petrol,audi,no,17.08
26404,1100,small car,manual,50,arosa,150000,petrol,seat,no,19.25
26405,11800,limousine,automatic,224,a6,150000,diesel,audi,no,13.42
26406,5700,cabrio,automatic,71,fortwo,60000,petrol,smart,no,10.0
26408,11490,limousine,manual,125,focus,30000,petrol,ford,no,5.25
26409,1190,small car,automatic,56,sirion,125000,petrol,daihatsu,no,21.0
26411,17600,suv,manual,143,x_reihe,80000,diesel,bmw,no,8.0
26412,25700,coupe,manual,170,a5,20000,petrol,audi,no,4.08
26413,3450,limousine,manual,102,octavia,150000,petrol,skoda,no,13.25
26414,500,small car,manual,90,corsa,150000,petrol,opel,no,20.25
26415,1950,small car,manual,75,clio,125000,petrol,renault,no,21.0
26416,7900,limousine,manual,150,e_klasse,150000,diesel,mercedes_benz,no,16.67
26418,11500,limousine,manual,116,1er,80000,diesel,bmw,no,8.67
26419,299,bus,automatic,114,scenic,150000,petrol,renault,no,20.58
26420,850,limousine,manual,60,golf,150000,petrol,volkswagen,no,22.75
26421,5600,station wagon,manual,125,focus,150000,petrol,ford,no,10.58
26422,2800,limousine,manual,68,fiesta,150000,diesel,ford,no,12.33
26423,7200,limousine,manual,170,golf,150000,diesel,volkswagen,no,11.75
26426,27899,coupe,automatic,286,3er,125000,diesel,bmw,no,7.42
26427,30000,limousine,automatic,179,a6,40000,petrol,audi,no,4.17
26428,22000,limousine,automatic,170,others,100000,diesel,mercedes_benz,no,8.83
26429,3399,station wagon,manual,150,a4,150000,diesel,audi,no,18.92
26431,7000,limousine,automatic,150,others,150000,diesel,mercedes_benz,no,13.33
26432,5450,bus,manual,116,sharan,150000,diesel,volkswagen,no,10.08
26433,2200,small car,manual,86,yaris,150000,petrol,toyota,no,18.83
26434,11500,cabrio,automatic,163,slk,125000,petrol,mercedes_benz,no,14.33
26445,7000,station wagon,automatic,231,5er,150000,diesel,bmw,no,12.5
26446,4300,station wagon,manual,125,forester,150000,petrol,subaru,no,14.83
26447,9999,bus,automatic,131,transporter,150000,diesel,volkswagen,no,14.0
26448,7990,station wagon,manual,95,focus,150000,diesel,ford,no,7.67
26452,1199,limousine,manual,115,focus,150000,petrol,ford,no,17.17
26453,2900,small car,manual,88,2_reihe,125000,petrol,peugeot,no,11.83
26454,11490,bus,automatic,109,b_klasse,70000,diesel,mercedes_benz,no,9.33
26455,4250,small car,manual,75,2_reihe,30000,petrol,peugeot,no,14.0
26456,6399,bus,automatic,116,sharan,150000,diesel,volkswagen,no,13.33
26457,1350,limousine,manual,105,3er,150000,petrol,bmw,yes,18.42
26459,2490,limousine,manual,150,e_klasse,150000,petrol,mercedes_benz,no,24.92
26461,7800,bus,manual,102,transporter,150000,diesel,volkswagen,no,9.17
26462,1299,limousine,automatic,102,a_klasse,150000,petrol,mercedes_benz,no,18.25
26463,1700,small car,manual,80,fiesta,150000,petrol,ford,no,15.25
26465,6749,limousine,manual,163,1er,150000,diesel,bmw,no,14.0
26467,4500,suv,manual,109,grand,150000,diesel,suzuki,no,14.92
26468,9700,limousine,manual,141,others,60000,petrol,chevrolet,no,7.67
26469,3690,coupe,manual,150,3er,150000,petrol,bmw,no,18.25
26470,25500,limousine,automatic,204,x_reihe,50000,diesel,bmw,no,7.92
26472,600,small car,manual,60,ka,90000,petrol,ford,no,13.58
26473,6999,cabrio,manual,116,one,150000,petrol,mini,no,13.58
26474,1000,small car,manual,82,almera,150000,diesel,nissan,yes,14.92
26475,5550,limousine,automatic,150,e_klasse,150000,diesel,mercedes_benz,no,16.5
26478,24750,coupe,automatic,239,a5,80000,diesel,audi,no,8.92
26482,13500,cabrio,manual,200,tt,60000,petrol,audi,no,10.75
26484,12900,cabrio,automatic,306,sl,150000,petrol,mercedes_benz,no,16.25
26485,2950,station wagon,manual,193,5er,150000,diesel,bmw,no,17.83
26486,10500,cabrio,automatic,190,a4,150000,diesel,audi,no,12.0
26488,3650,bus,manual,80,roomster,150000,diesel,skoda,no,11.75
26489,11111,limousine,manual,226,focus,150000,petrol,ford,no,12.42
26490,11499,limousine,automatic,143,1er,150000,diesel,bmw,no,11.83
26491,1050,bus,manual,101,zafira,150000,diesel,opel,yes,15.75
26493,1000,limousine,manual,105,3er,150000,petrol,bmw,yes,17.67
26495,6200,small car,manual,87,sandero,80000,petrol,dacia,no,8.17
26496,8990,station wagon,manual,102,caddy,60000,petrol,volkswagen,no,9.25
26499,150,station wagon,manual,115,v40,150000,petrol,volvo,yes,20.08
26500,1199,station wagon,manual,116,focus,150000,petrol,ford,no,19.58
26501,1050,station wagon,automatic,125,a4,150000,petrol,audi,no,22.25
26503,1499,limousine,automatic,207,laguna,150000,petrol,renault,no,16.17
26505,2299,station wagon,manual,103,stilo,150000,petrol,fiat,no,13.33
26510,1950,bus,manual,115,others,125000,petrol,citroen,no,16.25
26511,1690,small car,manual,72,others,125000,petrol,chevrolet,no,13.33
26512,900,limousine,manual,150,golf,150000,diesel,volkswagen,no,17.25
26514,2500,station wagon,automatic,150,others,150000,petrol,mercedes_benz,no,23.42
26515,6449,station wagon,manual,102,a3,125000,petrol,audi,no,12.67
26517,4100,cabrio,automatic,101,golf,125000,petrol,volkswagen,no,18.33
26519,7999,bus,automatic,116,b_klasse,125000,petrol,mercedes_benz,no,12.5
26520,46500,suv,automatic,258,m_klasse,50000,diesel,mercedes_benz,no,6.92
26522,29999,limousine,automatic,150,a3,60000,diesel,audi,no,5.17
26524,500,small car,manual,75,polo,150000,petrol,volkswagen,no,23.75
26525,6500,station wagon,manual,105,passat,150000,diesel,volkswagen,no,8.5
26526,3300,cabrio,manual,116,golf,150000,petrol,volkswagen,no,16.5
26527,3950,bus,manual,120,c_max,150000,petrol,ford,no,14.5
26528,5000,limousine,manual,111,megane,70000,petrol,renault,no,8.75
26529,599,limousine,manual,101,a4,40000,petrol,audi,no,19.75
26530,3200,small car,manual,65,punto,125000,petrol,fiat,no,9.33
26532,2599,station wagon,manual,163,a6,150000,diesel,audi,yes,14.17
26533,1690,coupe,manual,125,others,125000,petrol,ford,no,20.08
26536,42500,suv,automatic,241,grand,70000,diesel,jeep,no,5.5
26537,400,station wagon,manual,105,passat,150000,petrol,volkswagen,yes,20.0
26539,2450,station wagon,manual,101,passat,150000,diesel,volkswagen,no,13.42
26541,41650,suv,automatic,245,touareg,40000,diesel,volkswagen,no,4.58
26542,3650,small car,manual,60,fiesta,80000,petrol,ford,no,10.58
26543,600,small car,manual,60,punto,150000,petrol,fiat,no,16.58
26544,1800,small car,manual,58,corsa,150000,petrol,opel,no,17.5
26547,3256,bus,manual,131,sharan,150000,diesel,volkswagen,no,13.33
26548,15950,small car,manual,122,a1,70000,petrol,audi,no,6.25
26549,8900,suv,manual,129,grand,150000,diesel,suzuki,no,11.17
26550,8200,small car,manual,87,corsa,50000,petrol,opel,no,6.33
26551,4950,station wagon,manual,111,megane,125000,petrol,renault,no,12.75
26553,5100,bus,manual,177,verso,150000,diesel,toyota,yes,12.92
26556,31900,suv,automatic,245,x_reihe,70000,diesel,bmw,no,7.0
26558,4200,bus,manual,101,meriva,150000,diesel,opel,no,9.17
26559,3999,small car,manual,80,corsa,125000,lpg,opel,no,11.58
26560,490,small car,manual,60,polo,150000,petrol,volkswagen,no,19.75
26562,8000,bus,manual,170,others,150000,diesel,peugeot,no,10.42
26563,200,limousine,manual,90,80,150000,petrol,audi,no,27.5
26564,3100,small car,manual,95,forfour,70000,petrol,smart,no,12.5
26566,3300,small car,manual,76,twingo,125000,petrol,renault,no,12.0
26567,1200,limousine,manual,101,passat,150000,petrol,volkswagen,no,20.67
26569,749,small car,manual,54,twingo,150000,petrol,renault,no,22.83
26573,3100,small car,manual,101,polo,150000,diesel,volkswagen,no,11.25
26575,600,small car,automatic,75,twingo,150000,petrol,renault,no,16.08
26576,1150,bus,manual,116,others,150000,petrol,citroen,no,16.08
26577,16900,station wagon,automatic,140,passat,80000,diesel,volkswagen,no,7.58
26578,950,limousine,manual,110,others,150000,diesel,mercedes_benz,no,27.83
26580,550,station wagon,automatic,204,e_klasse,150000,petrol,mercedes_benz,no,21.58
26582,3490,limousine,manual,150,golf,150000,petrol,volkswagen,no,17.58
26584,4550,limousine,manual,75,golf,150000,diesel,volkswagen,no,12.5
26585,5900,limousine,automatic,193,s_klasse,150000,petrol,mercedes_benz,no,25.83
26586,499,small car,manual,50,fiesta,125000,petrol,ford,yes,20.67
26588,800,station wagon,manual,122,c_klasse,150000,petrol,mercedes_benz,no,22.42
26590,25900,suv,automatic,170,q5,100000,diesel,audi,no,6.5
26591,5800,station wagon,manual,170,passat,150000,diesel,volkswagen,no,12.42
26592,1499,bus,manual,101,others,150000,petrol,mazda,no,16.92
26593,2828,small car,manual,75,polo,70000,diesel,volkswagen,no,16.5
26595,9900,small car,manual,18,500,30000,petrol,fiat,no,48.0
26598,4350,limousine,manual,140,astra,150000,petrol,opel,no,12.25
26599,7000,small car,automatic,87,yaris,50000,petrol,toyota,no,10.67
26600,2100,small car,manual,75,sandero,150000,petrol,dacia,no,9.5
26602,5950,bus,manual,136,verso,150000,diesel,toyota,no,12.0
26603,990,limousine,manual,75,80,150000,petrol,audi,yes,32.5
26606,2599,small car,manual,64,polo,90000,petrol,volkswagen,no,15.83
26607,1699,limousine,manual,75,golf,150000,petrol,volkswagen,no,20.5
26609,10990,small car,manual,60,polo,20000,petrol,volkswagen,no,4.58
26610,15249,station wagon,manual,90,clio,40000,diesel,renault,no,4.67
26611,3950,coupe,manual,170,3er,150000,petrol,bmw,no,17.67
26612,9240,suv,manual,140,kuga,125000,diesel,ford,yes,7.33
26613,2400,small car,manual,75,2_reihe,125000,petrol,peugeot,no,17.67
26614,850,limousine,manual,116,3er,150000,petrol,bmw,no,21.25
26615,6500,station wagon,manual,177,avensis,150000,diesel,toyota,yes,11.58
26616,2750,small car,manual,82,fiesta,100000,petrol,ford,no,9.25
26618,13500,cabrio,manual,163,slk,80000,petrol,mercedes_benz,no,13.5
26619,9990,station wagon,manual,105,golf,80000,diesel,volkswagen,no,7.5
26620,600,small car,manual,75,others,150000,petrol,citroen,no,17.75
26623,2350,limousine,manual,90,civic,125000,petrol,honda,no,19.25
26625,6499,station wagon,automatic,200,a4,125000,petrol,audi,no,13.92
26626,2350,limousine,manual,125,a_klasse,150000,petrol,mercedes_benz,no,17.33
26629,3000,station wagon,manual,136,c_klasse,150000,petrol,mercedes_benz,no,20.58
26631,900,limousine,manual,150,5er,150000,petrol,bmw,yes,20.17
26632,600,small car,manual,45,polo,150000,petrol,volkswagen,yes,27.17
26633,13755,suv,manual,170,tiguan,125000,diesel,volkswagen,no,9.58
26637,1299,small car,manual,54,micra,125000,petrol,nissan,no,18.25
26638,23900,limousine,automatic,235,5er,80000,diesel,bmw,no,10.75
26640,5200,bus,manual,105,touran,150000,diesel,volkswagen,no,15.83
26645,1580,small car,manual,60,punto,150000,petrol,fiat,no,13.42
26646,3450,station wagon,automatic,143,e_klasse,150000,diesel,mercedes_benz,no,16.08
26648,15999,limousine,manual,125,leon,20000,petrol,seat,no,5.25
26649,2999,coupe,manual,150,calibra,150000,petrol,opel,no,27.92
26650,2999,station wagon,manual,90,golf,150000,diesel,volkswagen,no,18.42
26651,15500,suv,automatic,150,qashqai,70000,diesel,nissan,no,8.33
26652,4600,limousine,automatic,101,golf,150000,diesel,volkswagen,no,17.0
26653,3400,limousine,manual,75,golf,5000,petrol,volkswagen,no,16.5
26654,3200,small car,manual,55,fox,80000,petrol,volkswagen,no,12.92
26655,2990,limousine,manual,116,c_klasse,150000,diesel,mercedes_benz,no,17.33
26656,2200,limousine,manual,118,3er,125000,petrol,bmw,no,20.92
26657,4999,small car,manual,86,ibiza,100000,petrol,seat,no,10.75
26659,14900,suv,manual,122,tiguan,60000,petrol,volkswagen,no,6.67
26660,11200,bus,automatic,136,b_klasse,60000,petrol,mercedes_benz,no,10.25
26662,1000,station wagon,manual,144,850,150000,petrol,volvo,no,22.67
26664,1490,small car,manual,75,golf,150000,petrol,volkswagen,no,20.5
26665,5400,station wagon,automatic,218,5er,150000,diesel,bmw,yes,13.75
26666,5800,station wagon,manual,122,c_klasse,150000,diesel,mercedes_benz,no,12.58
26667,3900,limousine,manual,204,golf,150000,petrol,volkswagen,no,19.33
26668,700,bus,manual,91,others,150000,petrol,daihatsu,no,17.0
26669,16100,suv,manual,173,cx_reihe,90000,diesel,mazda,no,7.17
26670,300,station wagon,manual,107,laguna,125000,petrol,renault,yes,20.58
26671,5450,limousine,manual,74,golf,90000,petrol,volkswagen,no,12.08
26673,600,limousine,manual,100,focus,150000,petrol,ford,no,19.42
26674,11300,suv,automatic,340,cayenne,150000,petrol,porsche,no,12.33
26675,4999,small car,manual,86,ibiza,125000,petrol,seat,no,10.33
26676,550,limousine,manual,75,golf,150000,petrol,volkswagen,no,23.17
26677,14700,station wagon,manual,178,laguna,70000,diesel,renault,no,8.58
26679,16390,bus,manual,170,others,100000,diesel,fiat,no,8.0
26681,1950,coupe,automatic,193,clk,150000,petrol,mercedes_benz,no,19.58
26682,1690,limousine,manual,116,astra,100000,petrol,opel,no,21.08
26684,3100,bus,manual,83,note,150000,petrol,nissan,yes,11.5
26686,40000,cabrio,manual,113,spider,30000,petrol,alfa_romeo,no,49.25
26687,3000,coupe,manual,125,others,150000,petrol,porsche,yes,38.33
26688,3900,limousine,automatic,136,c_klasse,60000,petrol,mercedes_benz,no,21.08
26689,550,small car,manual,103,others,150000,petrol,rover,yes,17.17
26691,4650,bus,manual,82,sprinter,150000,diesel,mercedes_benz,no,14.67
26692,7800,small car,manual,69,polo,50000,petrol,volkswagen,yes,8.83
26693,1590,small car,manual,58,clio,100000,petrol,renault,no,19.83
26695,33950,limousine,automatic,320,m_reihe,20000,petrol,bmw,no,3.17
26697,8499,bus,automatic,105,touran,100000,diesel,volkswagen,no,12.0
26698,5490,station wagon,automatic,192,5er,150000,petrol,bmw,no,16.5
26700,3333,bus,manual,150,espace,150000,diesel,renault,no,12.17
26702,6490,limousine,manual,150,passat,125000,petrol,volkswagen,no,13.58
26703,4000,coupe,manual,184,tt,150000,petrol,audi,no,18.83
26704,5500,limousine,manual,155,accord,150000,petrol,honda,no,13.17
26706,35500,suv,automatic,256,range_rover_sport,125000,diesel,land_rover,no,6.42
26707,1050,small car,manual,54,corsa,125000,petrol,opel,no,22.83
26708,4500,limousine,manual,116,focus,100000,petrol,ford,no,12.0
26710,3199,small car,manual,65,picanto,50000,petrol,kia,no,12.5
26711,1400,bus,manual,120,scenic,150000,diesel,renault,no,14.08
26713,1000,station wagon,manual,131,mondeo,150000,diesel,ford,yes,13.33
26715,4900,station wagon,manual,140,passat,150000,diesel,volkswagen,no,14.0
26716,4700,limousine,automatic,150,others,150000,diesel,mercedes_benz,yes,16.17
26717,14200,bus,manual,105,roomster,20000,petrol,skoda,no,3.08
26719,590,small car,manual,54,corsa,150000,petrol,opel,no,21.5
26722,3000,limousine,manual,75,astra,90000,petrol,opel,no,19.25
26724,950,station wagon,automatic,143,e_klasse,150000,diesel,mercedes_benz,no,19.83
26725,500,station wagon,manual,115,80,150000,petrol,audi,no,25.83
26726,1300,limousine,automatic,193,a6,150000,petrol,audi,yes,21.25
26727,6500,suv,manual,152,rav,150000,petrol,toyota,no,12.83
26728,2250,coupe,manual,131,golf,150000,diesel,volkswagen,yes,16.75
26729,4450,station wagon,manual,140,vectra,150000,petrol,opel,no,10.25
26733,400,station wagon,manual,90,escort,150000,petrol,ford,yes,20.5
26734,3200,limousine,manual,147,vectra,150000,petrol,opel,no,15.42
26735,600,limousine,manual,90,80,150000,petrol,audi,yes,27.25
26736,1500,bus,manual,87,others,150000,diesel,mitsubishi,no,17.75
26739,490,small car,manual,54,corsa,150000,petrol,opel,no,21.92
26741,5100,station wagon,manual,150,astra,150000,diesel,opel,no,10.33
26743,10500,suv,automatic,163,m_klasse,150000,diesel,mercedes_benz,no,13.5
26744,8290,suv,manual,86,jimny,60000,petrol,suzuki,no,11.92
26745,2400,small car,manual,64,polo,150000,petrol,volkswagen,no,16.83
26746,17990,small car,manual,182,fiesta,20000,petrol,ford,no,3.25
26747,4299,coupe,manual,211,beetle,150000,petrol,volkswagen,no,18.5
26749,5200,limousine,manual,143,lancer,150000,petrol,mitsubishi,no,10.67
26750,13800,small car,automatic,174,cooper,60000,petrol,mini,no,9.92
26751,4999,station wagon,automatic,204,e_klasse,150000,diesel,mercedes_benz,no,15.58
26752,18900,station wagon,automatic,239,a6,125000,diesel,audi,no,8.58
26753,18490,coupe,manual,178,laguna,60000,diesel,renault,no,5.75
26759,500,coupe,automatic,150,3er,150000,petrol,bmw,no,26.5
26760,490,others,manual,55,berlingo,150000,petrol,citroen,yes,20.33
26761,1700,station wagon,automatic,125,c_klasse,5000,diesel,mercedes_benz,no,19.67
26762,900,station wagon,manual,136,omega,150000,petrol,opel,no,20.08
26763,3699,cabrio,manual,147,astra,150000,petrol,opel,no,16.58
26764,9450,coupe,manual,213,others,80000,petrol,hyundai,no,9.0
26766,3000,limousine,manual,165,a6,150000,petrol,audi,no,17.08
26767,6500,station wagon,manual,122,3er,150000,diesel,bmw,no,12.58
26771,1250,limousine,manual,75,civic,125000,petrol,honda,no,20.0
26772,300,small car,manual,40,corsa,150000,petrol,opel,no,19.83
26773,3150,small car,manual,76,twingo,125000,petrol,renault,no,11.83
26774,750,small car,manual,58,corsa,150000,petrol,opel,no,16.92
26775,1690,limousine,manual,105,3er,150000,petrol,bmw,no,18.83
26777,2899,limousine,manual,75,golf,100000,petrol,volkswagen,no,15.5
26778,3500,limousine,automatic,150,passat,150000,petrol,volkswagen,no,18.08
26783,1500,small car,automatic,80,fusion,100000,petrol,ford,no,15.67
26787,4790,bus,manual,140,touran,150000,diesel,volkswagen,no,14.5
26788,7250,station wagon,automatic,150,a3,150000,petrol,audi,no,14.0
26789,15700,cabrio,manual,122,cooper,50000,petrol,mini,no,7.33
26790,4900,bus,manual,102,vito,150000,diesel,mercedes_benz,no,15.58
26793,5299,bus,manual,120,others,150000,diesel,renault,no,11.92
26795,2400,station wagon,automatic,170,e_klasse,150000,petrol,mercedes_benz,no,18.08
26798,3399,small car,manual,101,polo,125000,petrol,volkswagen,no,15.25
26799,2450,limousine,manual,105,golf,150000,petrol,volkswagen,no,15.17
26800,36440,suv,automatic,245,q7,100000,diesel,audi,no,6.42
26803,1450,limousine,manual,90,a_klasse,150000,diesel,mercedes_benz,no,19.42
26806,500,small car,manual,75,fiesta,100000,petrol,ford,no,22.92
26807,11200,station wagon,automatic,163,5er,150000,diesel,bmw,no,11.33
26808,3100,limousine,manual,110,civic,150000,petrol,honda,no,13.5
26809,1400,small car,manual,90,a_klasse,150000,diesel,mercedes_benz,yes,14.17
26811,4400,cabrio,automatic,163,clk,150000,petrol,mercedes_benz,no,18.75
26814,950,bus,manual,121,others,150000,petrol,peugeot,no,23.5
26816,1350,limousine,manual,150,3er,150000,petrol,bmw,no,27.25
26817,4100,limousine,manual,76,twingo,30000,petrol,renault,no,10.25
26819,23500,cabrio,automatic,306,sl,80000,petrol,mercedes_benz,no,16.92
26822,3000,station wagon,manual,75,caddy,150000,petrol,volkswagen,no,14.25
26825,39000,cabrio,automatic,310,boxster,70000,petrol,porsche,no,9.33
26826,22500,bus,manual,140,touran,20000,diesel,volkswagen,no,3.17
26827,3800,limousine,manual,125,astra,150000,petrol,opel,no,15.0
26831,2800,limousine,manual,75,golf,150000,petrol,volkswagen,no,15.67
26833,35999,coupe,manual,457,others,125000,petrol,chevrolet,no,10.5
26834,850,coupe,manual,90,megane,150000,petrol,renault,no,20.75
26837,8400,limousine,manual,116,focus,90000,diesel,ford,no,6.17
26838,9590,bus,manual,105,touran,125000,diesel,volkswagen,no,9.17
26839,10990,limousine,automatic,224,e_klasse,150000,diesel,mercedes_benz,no,12.0
26840,2400,limousine,manual,136,5er,150000,diesel,bmw,no,18.75
26843,3200,small car,manual,63,micra,100000,petrol,nissan,no,8.08
26844,16900,station wagon,automatic,231,c_klasse,125000,petrol,mercedes_benz,no,9.08
26846,9900,small car,manual,69,polo,70000,petrol,volkswagen,no,6.42
26847,7550,small car,manual,73,clio,30000,petrol,renault,no,4.33
26849,750,station wagon,manual,136,v40,150000,petrol,volvo,no,18.17
26850,2050,station wagon,manual,102,3er,150000,petrol,bmw,no,21.67
26853,5900,limousine,manual,170,5er,150000,petrol,bmw,no,15.67
26855,10800,limousine,automatic,207,s_type,150000,diesel,jaguar,no,12.83
26859,3390,coupe,manual,140,3er,150000,petrol,bmw,no,24.75
26862,5200,limousine,automatic,272,7er,150000,petrol,bmw,no,14.83
26864,19999,suv,automatic,200,pajero,100000,diesel,mitsubishi,no,8.83
26865,3500,bus,manual,125,meriva,150000,diesel,opel,no,11.92
26867,1800,small car,manual,75,lupo,150000,petrol,volkswagen,no,20.0
26868,3200,limousine,manual,101,golf,150000,diesel,volkswagen,no,17.0
26869,6200,limousine,automatic,200,1er,150000,diesel,bmw,no,15.0
26870,58399,suv,automatic,313,others,10000,diesel,audi,no,3.5
26872,32500,station wagon,automatic,204,a6,80000,diesel,audi,no,6.33
26873,8000,limousine,manual,99,i_reihe,50000,petrol,hyundai,no,5.58
26874,990,limousine,manual,115,3er,150000,petrol,bmw,yes,16.75
26875,10000,station wagon,manual,270,a6,150000,diesel,audi,no,10.83
26876,5990,limousine,automatic,116,a_klasse,100000,petrol,mercedes_benz,no,13.33
26877,1200,small car,manual,58,corsa,125000,petrol,opel,no,16.17
26878,1100,limousine,manual,80,fiesta,150000,petrol,ford,yes,16.5
26879,3500,cabrio,manual,113,megane,150000,petrol,renault,no,14.58
26880,3100,bus,manual,116,sharan,150000,diesel,volkswagen,no,17.25
26881,4500,limousine,automatic,143,c_klasse,150000,diesel,mercedes_benz,no,17.67
26883,3300,limousine,automatic,193,a8,150000,petrol,audi,no,18.83
26884,6999,limousine,manual,109,c_reihe,150000,diesel,volvo,no,8.25
26887,3900,station wagon,manual,190,passat,150000,petrol,volkswagen,no,26.17
26889,5199,limousine,manual,101,focus,125000,petrol,ford,no,9.5
26890,3000,small car,manual,192,corsa,70000,petrol,opel,no,10.58
26891,2900,station wagon,manual,165,a6,150000,petrol,audi,no,19.25
26893,8500,bus,manual,130,scenic,60000,petrol,renault,no,7.5
26894,4350,limousine,manual,105,golf,150000,diesel,volkswagen,no,13.75
26895,5500,limousine,manual,122,c_klasse,150000,diesel,mercedes_benz,no,13.25
26896,9450,suv,automatic,141,qashqai,125000,petrol,nissan,no,9.75
26897,5950,limousine,manual,80,golf,125000,petrol,volkswagen,no,12.92
26899,650,limousine,manual,150,5er,150000,petrol,bmw,no,23.92
26903,6299,small car,manual,60,fiesta,80000,petrol,ford,no,8.83
26904,2600,limousine,manual,90,civic,125000,petrol,honda,no,20.75
26905,25000,suv,automatic,184,x_reihe,80000,diesel,bmw,no,6.83
26906,2200,small car,manual,60,lupo,150000,petrol,volkswagen,no,16.67
26907,8990,limousine,manual,160,astra,150000,diesel,opel,no,9.0
26908,6490,station wagon,manual,140,a4,150000,diesel,audi,no,12.5
26910,4999,bus,manual,150,touran,150000,petrol,volkswagen,no,13.5
26911,9500,station wagon,manual,105,caddy,125000,diesel,volkswagen,no,9.83
26912,2600,small car,manual,75,kangoo,150000,petrol,renault,no,13.33
26913,1250,bus,manual,110,galaxy,150000,diesel,ford,yes,18.92
26914,5999,station wagon,manual,218,5er,150000,diesel,bmw,no,13.58
26917,4290,limousine,manual,101,focus,125000,petrol,ford,no,11.5
26918,2999,cabrio,manual,109,2_reihe,150000,petrol,peugeot,no,12.33
26919,4399,limousine,manual,116,c_klasse,150000,diesel,mercedes_benz,no,16.58
26922,1600,limousine,manual,65,astra,150000,petrol,opel,no,16.67
26923,1100,coupe,manual,90,tigra,100000,petrol,opel,yes,22.58
26924,1700,cabrio,manual,147,astra,150000,petrol,opel,no,16.42
26925,450,small car,manual,59,ibiza,30000,petrol,seat,no,18.42
26927,5999,bus,manual,90,kangoo,50000,diesel,renault,yes,6.42
26929,999,limousine,automatic,136,omega,100000,petrol,opel,no,24.67
26931,4750,limousine,automatic,260,e_klasse,150000,diesel,mercedes_benz,no,15.5
26934,2000,limousine,manual,109,3_reihe,125000,petrol,peugeot,no,17.92
26935,3200,bus,manual,102,transporter,150000,diesel,volkswagen,no,20.33
26936,399,small car,manual,50,polo,150000,petrol,volkswagen,no,20.08
26937,1550,small car,manual,118,others,150000,petrol,toyota,no,24.67
26938,1380,bus,manual,107,scenic,150000,petrol,renault,no,19.92
26940,15200,station wagon,automatic,177,5er,125000,diesel,bmw,no,10.42
26941,1900,small car,manual,75,lupo,150000,petrol,volkswagen,no,20.83
26942,4600,station wagon,manual,125,focus,125000,petrol,ford,no,12.92
26944,2100,small car,manual,65,picanto,125000,petrol,kia,no,13.25
26945,2480,bus,manual,121,others,150000,petrol,chevrolet,no,13.58
26946,1650,limousine,manual,75,golf,150000,petrol,volkswagen,no,20.25
26947,39500,bus,manual,50,transporter,5000,petrol,volkswagen,yes,58.0
26948,10999,station wagon,automatic,140,a3,150000,diesel,audi,no,9.33
26951,1550,limousine,manual,75,a_klasse,150000,petrol,mercedes_benz,no,18.08
26952,1190,limousine,automatic,184,5er,150000,diesel,bmw,no,19.67
26953,2450,small car,manual,54,micra,50000,petrol,nissan,no,18.33
26954,600,station wagon,automatic,170,omega,150000,petrol,opel,yes,20.0
26957,2000,limousine,manual,140,a3,150000,diesel,audi,yes,15.5
26958,14500,bus,automatic,131,transporter,150000,diesel,volkswagen,no,11.92
26959,1400,station wagon,manual,184,passat,150000,petrol,volkswagen,yes,23.25
26960,18900,cabrio,manual,160,golf,40000,petrol,volkswagen,no,5.17
26961,13900,limousine,automatic,184,c_klasse,90000,petrol,mercedes_benz,no,10.75
26965,650,small car,manual,50,lupo,150000,petrol,volkswagen,no,19.33
26968,2899,station wagon,manual,131,passat,150000,diesel,volkswagen,no,15.75
26969,2900,suv,automatic,140,sorento,150000,diesel,kia,yes,14.83
26970,6400,limousine,manual,66,one,70000,petrol,mini,no,11.17
26971,16999,cabrio,automatic,231,3er,150000,diesel,bmw,no,11.5
26972,2399,small car,manual,75,polo,150000,diesel,volkswagen,no,16.5
26973,11500,coupe,manual,230,golf,125000,petrol,volkswagen,no,10.25
26974,7000,station wagon,manual,143,3er,150000,petrol,bmw,no,10.0
26975,3500,station wagon,manual,193,a4,150000,petrol,audi,yes,21.17
26978,2399,small car,manual,65,micra,150000,petrol,nissan,no,9.08
26980,2750,small car,manual,125,polo,150000,petrol,volkswagen,no,17.08
26981,1150,limousine,manual,90,golf,150000,petrol,volkswagen,no,25.5
26982,1500,cabrio,manual,101,golf,150000,petrol,volkswagen,no,21.0
26983,1850,limousine,manual,75,golf,30000,diesel,volkswagen,no,25.5
26984,2500,cabrio,manual,109,2_reihe,150000,petrol,peugeot,no,15.42
26986,1850,limousine,automatic,72,others,150000,diesel,mercedes_benz,no,30.17
26987,750,limousine,manual,101,astra,150000,petrol,opel,yes,19.25
26988,4999,limousine,manual,102,a3,150000,petrol,audi,no,14.25
26992,6999,cabrio,manual,163,a4,125000,petrol,audi,no,16.08
26993,1450,limousine,manual,101,astra,150000,petrol,opel,no,20.58
26994,10750,small car,manual,90,polo,60000,diesel,volkswagen,no,5.17
26996,4990,small car,manual,102,swift,90000,petrol,suzuki,no,10.5
27000,5999,cabrio,manual,98,golf,150000,petrol,volkswagen,no,26.08
27002,5000,bus,manual,116,verso,150000,diesel,toyota,no,13.42
27005,1999,bus,manual,77,transporter,150000,diesel,volkswagen,no,24.0
27006,4200,station wagon,automatic,286,5er,150000,lpg,bmw,no,21.58
27008,9200,small car,manual,99,yaris,60000,petrol,toyota,no,6.83
27010,750,limousine,manual,102,a_klasse,150000,petrol,mercedes_benz,no,20.75
27011,9500,station wagon,manual,140,passat,150000,diesel,volkswagen,no,8.83
27012,700,limousine,manual,125,carisma,150000,petrol,mitsubishi,yes,19.42
27014,650,small car,manual,60,others,150000,petrol,toyota,no,21.0
27015,500,small car,manual,60,polo,150000,petrol,volkswagen,no,18.83
27016,17996,bus,manual,140,transporter,70000,diesel,volkswagen,no,7.92
27019,150,limousine,manual,75,golf,150000,petrol,volkswagen,no,21.75
27020,5850,cabrio,manual,92,golf,150000,petrol,volkswagen,no,24.08
27021,14500,limousine,automatic,196,others,70000,petrol,saab,no,9.67
27022,1850,station wagon,manual,101,focus,150000,petrol,ford,no,15.5
27023,8800,station wagon,manual,140,v70,125000,petrol,volvo,no,12.92
27025,6350,cabrio,manual,129,3er,150000,petrol,bmw,no,27.58
27027,4999,cabrio,manual,95,ka,30000,petrol,ford,no,14.5
27028,3999,station wagon,manual,163,a6,150000,diesel,audi,no,14.92
27029,16000,limousine,manual,140,leon,60000,petrol,seat,no,5.08
27031,10900,limousine,manual,105,others,60000,diesel,alfa_romeo,no,6.25
27034,1100,bus,manual,107,scenic,150000,petrol,renault,no,19.0
27036,2300,limousine,manual,102,golf,150000,petrol,volkswagen,no,20.0
27037,5950,suv,automatic,184,x_reihe,150000,diesel,bmw,no,16.58
27038,2222,limousine,manual,150,toledo,150000,petrol,seat,no,19.25
27040,999,small car,manual,75,fiesta,80000,petrol,ford,no,18.75
27041,10490,coupe,manual,190,others,100000,petrol,volkswagen,no,27.0
27044,8990,limousine,manual,140,astra,125000,petrol,opel,no,7.42
27045,1800,coupe,automatic,193,clk,150000,lpg,mercedes_benz,no,21.92
27047,570,station wagon,manual,101,vectra,150000,petrol,opel,no,18.42
27048,5500,limousine,automatic,250,passat,150000,petrol,volkswagen,no,12.25
27050,3500,bus,manual,101,vivaro,150000,diesel,opel,no,11.33
27054,11900,cabrio,manual,105,beetle,125000,diesel,volkswagen,no,8.5
27056,1049,limousine,automatic,102,a_klasse,150000,petrol,mercedes_benz,no,19.83
27057,1650,limousine,manual,102,3er,150000,petrol,bmw,no,22.92
27058,15999,station wagon,automatic,231,3er,150000,diesel,bmw,no,10.5
27059,20500,suv,automatic,239,touareg,125000,diesel,volkswagen,no,10.75
27060,1700,limousine,manual,95,a_klasse,150000,diesel,mercedes_benz,no,15.25
27064,2500,coupe,manual,105,civic,150000,petrol,honda,no,23.0
27065,12300,small car,manual,101,others,30000,petrol,opel,no,4.25
27066,1400,suv,automatic,170,others,150000,petrol,ford,no,24.25
27067,6300,limousine,manual,102,golf,100000,petrol,volkswagen,no,12.08
27069,1799,limousine,manual,116,focus,125000,petrol,ford,no,17.5
27070,1200,station wagon,manual,116,focus,150000,petrol,ford,no,18.5
27071,4299,small car,manual,75,fusion,90000,petrol,ford,no,13.0
27072,19200,station wagon,automatic,170,e_klasse,100000,diesel,mercedes_benz,no,8.92
27073,2499,limousine,automatic,122,others,150000,petrol,mercedes_benz,no,26.58
27075,630,suv,manual,128,sportage,150000,petrol,kia,no,21.75
27078,3100,limousine,manual,75,golf,100000,petrol,volkswagen,no,15.25
27080,9900,small car,manual,101,500,30000,petrol,fiat,no,4.25
27082,1380,small car,manual,58,agila,150000,petrol,opel,no,16.67
27083,3299,suv,automatic,163,others,150000,diesel,hyundai,no,13.75
27084,8000,bus,manual,136,others,150000,diesel,lancia,no,10.83
27085,1200,limousine,manual,132,others,150000,petrol,citroen,no,21.58
27086,2999,limousine,automatic,131,golf,150000,diesel,volkswagen,no,15.58
27087,4250,limousine,manual,140,golf,150000,diesel,volkswagen,no,15.83
27088,3800,station wagon,manual,143,6_reihe,150000,diesel,mazda,no,11.08
27090,8900,coupe,manual,163,c_klasse,150000,petrol,mercedes_benz,no,11.25
27091,10590,station wagon,manual,170,octavia,90000,diesel,skoda,no,11.08
27092,1400,limousine,manual,136,vectra,150000,petrol,opel,no,21.0
27096,13750,small car,manual,122,cooper,50000,petrol,mini,no,7.5
27099,9990,bus,manual,140,touran,125000,petrol,volkswagen,no,9.17
27101,6999,station wagon,manual,170,passat,150000,diesel,volkswagen,no,10.83
27102,2999,cabrio,manual,107,megane,90000,petrol,renault,no,18.75
27103,7490,limousine,manual,122,golf,125000,petrol,volkswagen,no,9.58
27104,9900,cabrio,manual,145,focus,70000,petrol,ford,no,9.67
27105,2999,station wagon,manual,131,focus,150000,petrol,ford,no,14.58
27106,7990,station wagon,manual,105,golf,150000,diesel,volkswagen,no,8.83
27107,10999,cabrio,automatic,163,slk,80000,petrol,mercedes_benz,no,14.58
27110,18750,bus,manual,140,touran,40000,petrol,volkswagen,no,6.33
27111,14500,bus,manual,140,c_max,150000,diesel,ford,no,5.42
27112,550,small car,manual,75,polo,150000,petrol,volkswagen,no,23.75
27114,8800,bus,automatic,150,voyager,80000,diesel,chrysler,no,10.0
27116,1520,station wagon,automatic,101,passat,150000,petrol,volkswagen,no,19.67
27117,5800,station wagon,manual,150,3er,150000,diesel,bmw,no,14.58
27118,750,limousine,manual,75,astra,150000,petrol,opel,no,18.33
27119,1400,station wagon,automatic,131,passat,150000,diesel,volkswagen,yes,14.0
27120,5000,station wagon,automatic,163,c_klasse,125000,petrol,mercedes_benz,no,17.25
27122,2200,limousine,manual,75,golf,125000,petrol,volkswagen,no,19.58
27123,22500,bus,automatic,136,b_klasse,60000,diesel,mercedes_benz,no,6.67
27127,8499,station wagon,manual,177,5er,150000,diesel,bmw,no,11.83
27128,750,station wagon,manual,101,astra,150000,petrol,opel,no,22.92
27129,4250,station wagon,manual,116,octavia,150000,petrol,skoda,no,13.5
27130,1500,limousine,automatic,193,c_klasse,150000,petrol,mercedes_benz,no,20.08
27131,23499,suv,automatic,143,x_reihe,30000,diesel,bmw,no,5.0
27132,7300,bus,manual,150,zafira,150000,diesel,opel,no,11.67
27133,200,station wagon,manual,92,a4,150000,petrol,audi,yes,23.83
27134,5149,limousine,manual,82,a_klasse,150000,diesel,mercedes_benz,no,10.58
27135,1500,cabrio,manual,110,scirocco,150000,petrol,volkswagen,no,37.33
27136,20000,coupe,automatic,231,e_klasse,125000,diesel,mercedes_benz,no,9.75
27139,10300,station wagon,automatic,170,passat,125000,diesel,volkswagen,no,12.67
27140,8999,station wagon,manual,150,c_klasse,150000,diesel,mercedes_benz,no,13.33
27142,2500,station wagon,automatic,170,e_klasse,150000,petrol,mercedes_benz,no,18.0
27143,8599,station wagon,automatic,224,e_klasse,125000,petrol,mercedes_benz,no,16.17
27144,2799,small car,manual,83,kalos,80000,petrol,daewoo,no,14.67
27145,7100,limousine,automatic,77,others,70000,hybrid,toyota,yes,11.25
27148,1500,limousine,manual,75,golf,150000,petrol,volkswagen,no,19.75
27149,8499,limousine,automatic,204,e_klasse,150000,diesel,mercedes_benz,no,14.92
27150,999,bus,manual,58,kangoo,150000,petrol,renault,no,17.67
27151,1490,limousine,automatic,115,others,150000,petrol,volvo,no,22.0
27152,899,station wagon,manual,75,2_reihe,150000,petrol,peugeot,no,16.75
27154,8995,station wagon,manual,143,3er,150000,petrol,bmw,no,9.17
27156,4699,small car,manual,68,others,90000,diesel,mazda,no,11.67
27157,3999,station wagon,manual,131,octavia,150000,diesel,skoda,no,15.0
27158,4500,bus,manual,151,transporter,150000,diesel,volkswagen,yes,17.42
27160,3999,station wagon,automatic,143,c_klasse,150000,diesel,mercedes_benz,no,15.83
27161,2300,coupe,manual,180,tt,150000,petrol,audi,no,19.67
27163,2900,limousine,automatic,231,s_klasse,150000,lpg,mercedes_benz,no,27.33
27164,799,station wagon,manual,116,astra,150000,petrol,opel,yes,18.08
27167,3750,small car,manual,67,matiz,70000,lpg,chevrolet,no,11.83
27169,3200,bus,manual,88,transporter,150000,diesel,volkswagen,no,17.75
27170,5485,bus,manual,147,zafira,150000,petrol,opel,no,14.5
27171,1100,limousine,automatic,131,mondeo,100000,petrol,ford,no,18.75
27173,17700,cabrio,manual,163,a4,100000,petrol,audi,no,9.08
27176,5500,bus,manual,110,transporter,150000,petrol,volkswagen,no,23.42
27177,1200,limousine,manual,115,c5,90000,petrol,citroen,no,17.25
27178,8499,small car,manual,201,clio,90000,petrol,renault,no,8.25
27179,999,bus,manual,75,berlingo,150000,diesel,citroen,no,11.25
27180,12500,limousine,manual,150,others,100000,diesel,mitsubishi,no,7.08
27184,42499,station wagon,automatic,190,3er,20000,diesel,bmw,no,3.58
27186,11499,small car,manual,86,a1,70000,petrol,audi,no,7.08
27187,29250,suv,manual,150,q3,10000,diesel,audi,no,3.25
27188,2200,small car,manual,75,fabia,150000,petrol,skoda,no,12.08
27189,890,station wagon,manual,120,laguna,150000,diesel,renault,no,15.17
27190,3750,limousine,manual,116,3er,150000,petrol,bmw,no,15.42
27193,6950,bus,manual,120,ducato,150000,diesel,fiat,yes,10.42
27195,690,coupe,manual,131,others,150000,petrol,ford,no,20.83
27196,11500,station wagon,manual,116,3er,150000,diesel,bmw,no,8.83
27198,16900,suv,automatic,170,tiguan,50000,petrol,volkswagen,no,9.92
27199,5499,limousine,manual,150,astra,150000,diesel,opel,no,12.83
27200,2600,coupe,manual,129,c_klasse,150000,petrol,mercedes_benz,no,17.92
27202,22500,cabrio,automatic,320,sl,50000,petrol,mercedes_benz,no,24.25
27205,1750,small car,manual,63,others,150000,petrol,hyundai,no,14.0
27206,3250,limousine,manual,102,3er,150000,petrol,bmw,no,31.42
27207,600,station wagon,manual,115,focus,150000,petrol,ford,no,17.42
27210,21300,station wagon,automatic,140,passat,50000,diesel,volkswagen,no,5.08
27215,2390,small car,manual,64,ibiza,125000,petrol,seat,no,17.0
27216,1200,small car,manual,70,corsa,150000,petrol,opel,no,19.42
27217,950,small car,manual,54,corsa,125000,petrol,opel,no,20.25
27218,22500,limousine,automatic,170,a4,50000,petrol,audi,no,5.08
27219,7999,station wagon,automatic,140,mondeo,150000,diesel,ford,no,10.92
27220,13350,bus,manual,140,zafira,50000,petrol,opel,no,4.25
27222,2200,station wagon,manual,105,golf,150000,petrol,volkswagen,no,17.58
27223,1599,cabrio,manual,116,3er,150000,petrol,bmw,no,22.42
27224,550,small car,manual,60,fiesta,150000,petrol,ford,no,25.33
27225,600,small car,manual,60,lupo,150000,diesel,volkswagen,yes,19.25
27227,1999,station wagon,manual,101,passat,150000,petrol,volkswagen,no,18.25
27228,6500,small car,manual,105,ibiza,90000,petrol,seat,no,10.75
27229,350,limousine,manual,101,a4,150000,petrol,audi,yes,23.58
27230,2600,suv,manual,111,freelander,150000,diesel,land_rover,yes,14.17
27231,1490,small car,manual,75,ibiza,150000,petrol,seat,no,15.67
27233,400,limousine,manual,44,astra,150000,petrol,opel,no,23.0
27234,4300,limousine,manual,125,mondeo,150000,petrol,ford,no,13.83
27235,21980,limousine,automatic,156,a_klasse,40000,petrol,mercedes_benz,no,5.83
27236,900,small car,manual,75,fiesta,100000,petrol,ford,no,19.08
27237,5200,small car,manual,116,corolla,150000,diesel,toyota,no,15.0
27239,75500,cabrio,automatic,345,911,40000,petrol,porsche,no,7.58
27240,8990,station wagon,manual,170,a6,150000,petrol,audi,no,12.5
27241,2650,limousine,manual,55,2_reihe,150000,petrol,peugeot,no,9.67
27242,24900,cabrio,automatic,245,sl,80000,petrol,mercedes_benz,no,15.25
27246,6950,cabrio,automatic,163,slk,80000,petrol,mercedes_benz,no,18.58
27248,6700,small car,manual,88,corsa,80000,petrol,opel,no,9.33
27252,800,small car,manual,54,micra,150000,petrol,nissan,no,19.42
27254,1200,small car,manual,60,ibiza,150000,petrol,seat,yes,18.33
27258,600,small car,manual,75,golf,150000,petrol,volkswagen,yes,22.08
27259,2590,limousine,manual,105,leon,20000,petrol,seat,no,16.0
27260,8500,coupe,manual,95,a_klasse,60000,petrol,mercedes_benz,no,8.25
27262,17900,limousine,manual,250,insignia,70000,petrol,opel,no,6.5
27264,999,limousine,manual,122,octavia,150000,petrol,skoda,no,19.5
27265,6300,small car,manual,109,i_reihe,70000,petrol,hyundai,no,9.83
27266,1850,station wagon,manual,170,e_klasse,150000,diesel,mercedes_benz,no,16.67
27267,8200,cabrio,manual,120,2_reihe,60000,petrol,peugeot,no,10.42
27268,750,station wagon,manual,75,cordoba,150000,petrol,seat,no,20.92
27269,6290,limousine,manual,102,golf,125000,petrol,volkswagen,no,11.5
27270,1450,station wagon,manual,143,e_klasse,150000,diesel,mercedes_benz,yes,18.25
27272,5900,limousine,manual,105,golf,150000,diesel,volkswagen,no,11.58
27273,5300,small car,manual,68,2_reihe,100000,diesel,peugeot,no,9.75
27274,21999,limousine,automatic,184,5er,125000,diesel,bmw,no,8.75
27275,3300,station wagon,manual,163,passat,150000,diesel,volkswagen,no,14.08
27277,2990,others,manual,44,kaefer,20000,petrol,volkswagen,yes,34.0
27278,10600,suv,automatic,224,m_klasse,150000,diesel,mercedes_benz,yes,10.17
27279,900,limousine,manual,140,3er,150000,petrol,bmw,yes,21.08
27281,7500,bus,manual,125,zafira,150000,diesel,opel,no,11.0
27284,14499,limousine,automatic,170,e_klasse,90000,diesel,mercedes_benz,no,12.75
27285,4350,small car,manual,110,a2,150000,petrol,audi,no,14.67
27286,5450,cabrio,manual,170,3er,150000,petrol,bmw,no,17.5
27288,6500,limousine,automatic,224,e_klasse,90000,petrol,mercedes_benz,no,15.17
27289,1150,limousine,manual,101,astra,150000,petrol,opel,no,19.67
27291,3499,cabrio,manual,116,golf,150000,petrol,volkswagen,no,16.42
27292,2900,station wagon,automatic,155,a4,150000,diesel,audi,no,16.08
27293,6450,limousine,automatic,95,a_klasse,80000,petrol,mercedes_benz,no,11.58
27294,666,bus,manual,84,transporter,150000,petrol,volkswagen,no,24.83
27297,2800,bus,manual,116,sharan,150000,diesel,volkswagen,no,16.83
27298,5200,station wagon,manual,122,ceed,125000,petrol,kia,no,9.5
27299,5900,limousine,automatic,284,others,150000,petrol,jaguar,no,20.67
27300,2700,station wagon,automatic,150,others,150000,diesel,saab,no,13.5
27301,2366,station wagon,manual,136,touran,150000,diesel,volkswagen,no,15.67
27303,3950,limousine,manual,150,a3,150000,petrol,audi,no,17.5
27304,13990,station wagon,manual,177,a4,150000,diesel,audi,no,6.92
27305,500,small car,manual,90,tigra,150000,petrol,opel,no,22.75
27308,800,small car,manual,75,clio,150000,petrol,renault,no,18.33
27310,4250,station wagon,automatic,143,c_klasse,150000,diesel,mercedes_benz,no,16.17
27311,500,station wagon,manual,107,megane,150000,petrol,renault,no,19.58
27312,300,small car,manual,44,ka,150000,petrol,ford,no,20.75
27314,1399,small car,manual,60,arosa,150000,petrol,seat,no,17.25
27315,9900,bus,manual,70,transporter,150000,diesel,volkswagen,no,28.25
27316,10750,station wagon,manual,125,a3,125000,petrol,audi,no,8.42
27318,4100,small car,manual,68,1_reihe,50000,petrol,peugeot,no,8.5
27319,500,small car,manual,55,corsa,150000,petrol,opel,yes,18.67
27323,5490,station wagon,manual,143,3er,150000,petrol,bmw,no,13.42
27325,5000,limousine,manual,75,astra,80000,petrol,opel,no,20.58
27326,9300,limousine,manual,179,a6,150000,diesel,audi,no,13.17
27327,59000,station wagon,automatic,367,others,10000,petrol,audi,no,3.58
27329,100,small car,manual,58,twingo,125000,petrol,renault,yes,20.33
27330,1900,small car,manual,75,corsa,100000,petrol,opel,yes,15.83
27331,8500,limousine,manual,80,golf,60000,petrol,volkswagen,no,9.75
27332,8500,cabrio,manual,69,500,30000,petrol,fiat,no,7.75
27333,8350,suv,automatic,235,m_klasse,150000,petrol,mercedes_benz,no,15.83
27334,4499,small car,automatic,71,fortwo,60000,petrol,smart,no,10.92
27336,6300,limousine,manual,116,1er,125000,petrol,bmw,no,12.17
27338,850,bus,manual,92,others,150000,diesel,fiat,no,21.0
27339,1550,small car,manual,102,3er,150000,petrol,bmw,no,22.67
27340,2600,coupe,manual,200,golf,150000,petrol,volkswagen,yes,20.0
27341,1400,limousine,manual,101,focus,150000,petrol,ford,no,15.75
27342,5200,limousine,automatic,150,e_klasse,150000,petrol,mercedes_benz,no,24.25
27343,8500,suv,automatic,218,x_reihe,150000,diesel,bmw,no,13.92
27344,450,small car,manual,45,corsa,150000,petrol,opel,yes,21.33
27346,2750,station wagon,automatic,170,c_klasse,150000,petrol,mercedes_benz,no,20.67
27348,10900,cabrio,automatic,230,c_reihe,150000,petrol,volvo,no,10.42
27349,4950,small car,manual,65,kaefer,10000,petrol,volkswagen,yes,48.75
27350,2200,limousine,automatic,116,3er,150000,petrol,bmw,yes,16.42
27352,8900,limousine,manual,143,1er,150000,diesel,bmw,no,10.25
27353,1800,suv,automatic,177,grand,150000,petrol,jeep,no,22.58
27354,1300,limousine,automatic,170,5er,150000,petrol,bmw,yes,20.83
27355,17700,limousine,automatic,224,others,150000,diesel,mercedes_benz,no,12.0
27356,600,small car,manual,60,twingo,150000,petrol,renault,no,17.42
27357,2700,bus,manual,145,carnival,125000,diesel,kia,no,16.33
27358,2500,limousine,manual,75,golf,150000,petrol,volkswagen,no,18.17
27359,9500,small car,manual,75,polo,40000,petrol,volkswagen,yes,6.17
27361,6900,small car,manual,86,polo,150000,petrol,volkswagen,no,7.17
27362,16499,limousine,manual,185,3_reihe,50000,diesel,mazda,no,5.25
27363,16400,limousine,automatic,235,x_reihe,150000,diesel,bmw,no,11.17
27364,18490,coupe,manual,163,others,80000,diesel,peugeot,no,6.33
27366,650,station wagon,automatic,179,v70,150000,petrol,volvo,yes,21.33
27367,5700,cabrio,manual,129,3er,150000,petrol,bmw,no,28.33
27371,6490,cabrio,automatic,197,slk,150000,petrol,mercedes_benz,no,18.67
27372,8500,station wagon,manual,344,others,150000,petrol,audi,no,15.42
27374,5650,small car,manual,58,twingo,10000,petrol,renault,no,10.58
27378,2600,small car,manual,54,fox,90000,petrol,volkswagen,no,9.92
27381,1200,limousine,automatic,218,7er,150000,petrol,bmw,yes,24.42
27382,7200,small car,manual,60,up,30000,petrol,volkswagen,no,5.83
27383,650,limousine,manual,90,primera,150000,petrol,nissan,yes,23.08
27384,3970,limousine,automatic,105,golf,150000,diesel,volkswagen,no,14.5
27385,23500,limousine,automatic,292,e_klasse,90000,petrol,mercedes_benz,no,8.75
27387,6000,small car,manual,84,fortwo,60000,petrol,smart,no,7.5
27389,3000,limousine,manual,118,others,150000,petrol,mercedes_benz,no,28.58
27390,32000,limousine,automatic,183,e_klasse,70000,petrol,mercedes_benz,no,10.75
27392,1090,small car,manual,136,2_reihe,150000,petrol,peugeot,no,16.5
27393,4600,small car,manual,60,corsa,125000,petrol,opel,no,10.0
27396,15000,limousine,manual,116,astra,20000,petrol,opel,no,4.83
27399,500,limousine,manual,75,golf,150000,petrol,volkswagen,no,27.58
27400,1999,small car,manual,50,arosa,80000,petrol,seat,no,15.5
27401,10990,suv,manual,197,santa,150000,diesel,hyundai,no,8.5
27402,3200,small car,manual,54,polo,150000,petrol,volkswagen,no,14.0
27403,2000,limousine,manual,131,a3,150000,diesel,audi,no,17.5
27404,3100,limousine,automatic,311,others,150000,petrol,jaguar,no,25.83
27405,2100,station wagon,manual,150,3er,150000,petrol,bmw,no,18.42
27407,3850,station wagon,manual,170,3er,150000,petrol,bmw,no,17.25
27409,2950,station wagon,manual,180,a4,150000,diesel,audi,no,15.08
27410,8800,small car,manual,120,cooper,100000,petrol,mini,no,11.83
27411,14749,station wagon,manual,105,caddy,20000,petrol,volkswagen,no,5.0
27412,6300,limousine,manual,250,golf,150000,petrol,volkswagen,no,13.67
27413,15500,limousine,manual,211,golf,80000,petrol,volkswagen,no,6.83
27415,12500,limousine,manual,116,3er,100000,diesel,bmw,no,7.67
27418,2990,station wagon,manual,101,focus,150000,petrol,ford,no,17.08
27420,8700,limousine,manual,122,1er,70000,petrol,bmw,no,10.67
27422,24490,coupe,manual,170,c_klasse,70000,diesel,mercedes_benz,no,6.17
27423,22000,coupe,automatic,320,others,150000,petrol,porsche,no,27.08
27426,7990,small car,manual,120,others,50000,petrol,alfa_romeo,no,9.33
27429,180,small car,manual,50,fiesta,90000,petrol,ford,yes,19.75
27430,21900,cabrio,manual,211,a5,90000,petrol,audi,no,7.25
27431,19500,limousine,manual,365,golf,80000,petrol,volkswagen,no,8.17
27433,8700,station wagon,automatic,177,5er,150000,diesel,bmw,no,13.17
27435,3999,limousine,automatic,204,e_klasse,150000,lpg,mercedes_benz,no,19.08
27436,12400,limousine,automatic,326,a8,150000,diesel,audi,no,11.5
27437,1000,cabrio,manual,109,2_reihe,80000,petrol,peugeot,yes,14.42
27438,650,limousine,automatic,193,a6,150000,petrol,audi,yes,21.92
27439,1500,station wagon,manual,125,passat,150000,petrol,volkswagen,no,19.92
27440,83000,coupe,manual,286,911,150000,petrol,porsche,no,23.83
27441,3900,station wagon,automatic,150,vectra,150000,diesel,opel,no,12.33
27442,7500,cabrio,manual,260,golf,150000,petrol,volkswagen,no,23.0
27444,11000,station wagon,manual,105,golf,100000,diesel,volkswagen,no,6.92
27445,1500,bus,manual,136,others,150000,diesel,mazda,no,16.0
27449,1299,limousine,automatic,150,a6,150000,petrol,audi,no,23.5
27450,2100,limousine,manual,140,3er,150000,petrol,bmw,no,21.25
27451,6500,suv,manual,174,touareg,150000,diesel,volkswagen,no,14.75
27452,2400,cabrio,manual,136,3er,150000,petrol,bmw,no,22.0
27453,1900,small car,manual,65,micra,150000,petrol,nissan,no,13.42
27454,6001,limousine,automatic,211,others,150000,petrol,jaguar,no,23.25
27455,6950,small car,manual,95,c3,60000,petrol,citroen,no,8.42
27457,3450,bus,manual,98,others,70000,petrol,mitsubishi,no,13.42
27459,5200,small car,manual,68,1_reihe,60000,petrol,peugeot,no,6.08
27460,330,small car,manual,50,polo,150000,petrol,volkswagen,no,19.58
27461,2290,bus,automatic,125,zafira,150000,petrol,opel,no,18.75
27462,650,small car,manual,54,twingo,150000,petrol,renault,yes,20.08
27463,5900,bus,manual,114,vivaro,125000,diesel,opel,no,10.75
27464,14300,limousine,automatic,450,a8,150000,petrol,audi,no,13.75
27468,20650,suv,manual,163,kuga,30000,diesel,ford,no,6.33
27469,13500,limousine,automatic,300,a4,150000,diesel,audi,no,10.83
27471,6990,small car,manual,155,others,100000,petrol,alfa_romeo,no,11.0
27472,16880,small car,automatic,90,a1,60000,diesel,audi,no,5.75
27474,3499,small car,manual,61,fortwo,125000,petrol,smart,no,7.17
27476,2500,station wagon,manual,163,laguna,125000,lpg,renault,no,15.5
27477,850,station wagon,manual,170,omega,150000,petrol,opel,no,18.17
27478,1200,limousine,manual,122,e_klasse,150000,petrol,mercedes_benz,no,25.17
27481,7399,limousine,manual,275,leon,150000,petrol,seat,yes,15.75
27482,39900,station wagon,automatic,300,others,30000,petrol,audi,no,4.42
27483,2350,limousine,manual,125,a4,150000,petrol,audi,no,19.33
27484,8999,limousine,manual,105,3_reihe,60000,petrol,mazda,yes,7.25
27485,5790,small car,manual,80,corsa,60000,petrol,opel,no,9.92
27486,2750,bus,manual,116,almera,150000,petrol,nissan,no,12.17
27487,850,small car,manual,75,twingo,150000,petrol,renault,no,15.92
27488,4199,bus,automatic,253,others,150000,lpg,chrysler,no,15.75
27491,3850,small car,manual,73,1_reihe,125000,petrol,peugeot,no,12.0
27492,7650,station wagon,automatic,224,c_klasse,150000,diesel,mercedes_benz,no,13.83
27493,4201,limousine,manual,160,others,150000,petrol,mercedes_benz,no,29.5
27494,9300,bus,manual,128,others,100000,diesel,kia,no,7.58
27497,680,small car,manual,45,seicento,70000,petrol,fiat,yes,15.5
27498,7800,small car,manual,163,1er,150000,diesel,bmw,no,12.83
27499,400,small car,manual,60,punto,150000,petrol,fiat,yes,17.0
27500,3750,limousine,automatic,170,5er,150000,petrol,bmw,no,17.17
27504,32980,limousine,manual,71,others,30000,petrol,citroen,no,53.67
27505,7000,small car,automatic,71,fortwo,30000,petrol,smart,no,7.25
27506,4230,station wagon,manual,150,astra,150000,diesel,opel,no,13.58
27509,600,small car,manual,101,golf,5000,petrol,volkswagen,yes,21.0
27510,4900,small car,manual,68,aygo,70000,petrol,toyota,no,6.17
27511,9500,bus,manual,140,zafira,50000,petrol,opel,no,10.25
27512,7900,cabrio,automatic,197,others,125000,petrol,mercedes_benz,no,16.75
27513,7500,station wagon,manual,197,3er,150000,diesel,bmw,no,10.5
27517,2499,limousine,automatic,101,golf,70000,petrol,volkswagen,no,20.5
27520,3500,bus,manual,109,vito,150000,diesel,mercedes_benz,no,15.83
27525,1799,limousine,manual,120,laguna,150000,petrol,renault,no,16.42
27526,11990,small car,manual,105,polo,70000,petrol,volkswagen,no,7.83
27527,850,limousine,manual,136,c_klasse,150000,petrol,mercedes_benz,no,23.58
27529,1350,small car,manual,54,seicento,150000,petrol,fiat,no,15.0
27532,900,limousine,manual,150,5er,150000,petrol,bmw,no,19.33
27533,7950,suv,manual,163,cherokee,150000,diesel,jeep,no,13.0
27535,1490,bus,manual,75,kangoo,150000,petrol,renault,no,18.08
27538,800,small car,manual,75,2_reihe,150000,petrol,peugeot,no,18.5
27540,6800,limousine,automatic,150,e_klasse,150000,diesel,mercedes_benz,yes,12.42
27541,6900,bus,manual,150,vito,150000,diesel,mercedes_benz,no,12.75
27542,20750,suv,automatic,163,kuga,80000,diesel,ford,no,6.5
27543,6999,limousine,manual,140,golf,90000,petrol,volkswagen,no,9.25
27545,150,station wagon,manual,75,escort,150000,petrol,ford,yes,21.5
27548,10500,limousine,automatic,231,c_klasse,150000,diesel,mercedes_benz,no,14.33
27549,3890,bus,manual,75,kangoo,125000,petrol,renault,no,12.83
27550,17400,limousine,automatic,211,golf,80000,petrol,volkswagen,no,8.08
27551,2590,limousine,manual,150,5er,150000,petrol,bmw,no,20.75
27552,850,small car,manual,60,polo,150000,petrol,volkswagen,no,19.75
27555,17000,limousine,automatic,204,c_klasse,80000,petrol,mercedes_benz,no,9.5
27556,2550,station wagon,manual,90,others,150000,diesel,ford,no,10.83
27557,3000,cabrio,manual,110,mx_reihe,125000,petrol,mazda,no,14.33
27558,5000,coupe,automatic,116,3er,80000,petrol,bmw,no,17.58
27559,3900,bus,manual,136,touran,150000,diesel,volkswagen,no,15.83
27560,5900,station wagon,manual,136,4_reihe,150000,diesel,peugeot,no,10.5
27561,11290,station wagon,automatic,102,a3,60000,petrol,audi,no,9.67
27562,12950,bus,manual,140,touran,60000,petrol,volkswagen,no,6.17
27566,2500,cabrio,manual,136,2_reihe,150000,petrol,peugeot,no,13.58
27567,900,others,manual,144,carnival,150000,diesel,kia,yes,16.0
27569,1600,limousine,manual,125,3er,150000,petrol,bmw,no,19.0
27572,300,small car,manual,60,punto,125000,petrol,fiat,no,20.92
27574,16500,suv,automatic,232,q7,150000,diesel,audi,no,12.83
27576,1299,small car,manual,60,polo,60000,petrol,volkswagen,no,22.33
27578,7555,small car,manual,110,a2,70000,petrol,audi,no,16.75
27579,3500,station wagon,automatic,193,5er,150000,diesel,bmw,no,14.08
27580,4490,limousine,manual,116,3er,150000,petrol,bmw,no,16.17
27581,3499,limousine,manual,105,astra,150000,petrol,opel,no,13.92
27582,1000,limousine,manual,101,octavia,150000,petrol,skoda,no,20.67
27583,7800,bus,manual,175,galaxy,100000,diesel,ford,no,10.5
27585,3800,station wagon,manual,150,3er,150000,diesel,bmw,no,15.75
27586,3500,limousine,automatic,140,golf,150000,diesel,volkswagen,no,13.58
27590,21900,cabrio,manual,306,1er,100000,petrol,bmw,no,10.58
27592,6290,small car,manual,60,fabia,60000,petrol,skoda,no,7.75
27593,666,small car,manual,60,punto,150000,petrol,fiat,no,20.58
27594,1190,bus,manual,107,scenic,150000,petrol,renault,no,18.92
27595,5999,limousine,automatic,256,a6,150000,petrol,audi,no,12.08
27596,3000,small car,manual,58,twingo,125000,petrol,renault,no,8.33
27598,5800,cabrio,automatic,82,roadster,125000,petrol,smart,no,14.67
27599,19900,limousine,manual,177,x_reihe,60000,diesel,bmw,no,8.67
27600,39979,coupe,automatic,245,others,70000,diesel,audi,no,7.5
27601,12500,coupe,manual,140,passat,150000,diesel,volkswagen,no,10.75
27602,950,station wagon,manual,118,focus,150000,diesel,ford,yes,12.5
27603,6999,limousine,automatic,177,e_klasse,150000,petrol,mercedes_benz,no,15.83
27605,10950,station wagon,manual,163,3er,150000,diesel,bmw,no,6.08
27609,4750,small car,manual,80,ibiza,125000,diesel,seat,no,10.83
27610,2750,limousine,manual,109,3_reihe,150000,diesel,peugeot,yes,13.67
27611,10400,limousine,automatic,114,s60,150000,diesel,volvo,no,6.58
27612,2850,limousine,manual,102,a3,150000,petrol,audi,no,17.25
27613,12990,small car,manual,86,a1,40000,petrol,audi,no,6.33
27614,6300,suv,automatic,165,m_klasse,150000,diesel,mercedes_benz,no,14.5
27615,16990,station wagon,automatic,232,a6,150000,diesel,audi,no,10.42
27619,500,station wagon,manual,114,a6,150000,diesel,audi,no,23.17
27623,17500,station wagon,automatic,235,5er,150000,diesel,bmw,no,9.67
27624,2790,small car,manual,60,fiesta,125000,petrol,ford,no,10.33
27625,17990,bus,automatic,174,transporter,125000,diesel,volkswagen,no,11.58
27627,2990,limousine,manual,111,megane,150000,petrol,renault,no,12.92
27628,6890,small car,manual,69,corsa,50000,petrol,opel,no,7.92
27629,3350,small car,manual,60,fiesta,100000,petrol,ford,no,13.0
27630,12800,bus,manual,110,others,40000,diesel,renault,no,5.92
27631,13650,small car,automatic,75,yaris,70000,hybrid,toyota,no,6.5
27632,4750,small car,automatic,61,fortwo,80000,petrol,smart,no,9.25
27633,600,station wagon,manual,122,c_klasse,150000,petrol,mercedes_benz,yes,21.75
27634,2500,station wagon,automatic,170,v70,150000,petrol,volvo,no,16.42
27635,2500,small car,manual,50,fiesta,30000,petrol,ford,no,29.92
27637,1590,small car,manual,60,polo,150000,petrol,volkswagen,no,17.75
27639,13500,limousine,manual,122,golf,60000,petrol,volkswagen,no,8.67
27642,12000,station wagon,manual,163,3er,150000,diesel,bmw,no,12.33
27644,9500,suv,manual,124,captiva,80000,petrol,chevrolet,no,9.75
27645,16800,bus,manual,131,transporter,150000,diesel,volkswagen,no,10.58
27648,9500,suv,manual,110,duster,100000,diesel,dacia,no,7.42
27649,999,limousine,manual,192,156,150000,lpg,alfa_romeo,no,19.0
27650,5200,small car,manual,68,aygo,90000,petrol,toyota,no,8.0
27651,500,station wagon,manual,140,vectra,150000,petrol,opel,yes,18.75
27656,7500,limousine,automatic,306,s_klasse,150000,lpg,mercedes_benz,no,18.25
27657,500,limousine,manual,75,escort,125000,petrol,ford,no,19.17
27659,5200,suv,automatic,140,sorento,150000,diesel,kia,no,15.92
27660,1100,limousine,manual,102,3er,150000,petrol,bmw,no,20.0
27661,4990,station wagon,manual,163,a6,125000,diesel,audi,no,14.92
27663,6850,station wagon,manual,163,a4,150000,petrol,audi,no,15.0
27664,7250,limousine,manual,122,golf,90000,petrol,volkswagen,no,10.25
27665,7950,limousine,manual,116,1er,150000,petrol,bmw,no,13.67
27666,3200,station wagon,manual,125,mondeo,150000,petrol,ford,no,16.42
27668,10900,station wagon,automatic,235,5er,150000,diesel,bmw,no,9.75
27669,7200,small car,manual,90,ibiza,60000,diesel,seat,no,7.58
27671,1850,limousine,manual,100,passat,150000,petrol,volkswagen,yes,20.17
27674,11450,small car,manual,90,corsa,5000,petrol,opel,no,3.5
27676,850,station wagon,manual,125,mondeo,150000,petrol,ford,yes,17.17
27677,550,limousine,manual,60,golf,150000,petrol,volkswagen,no,25.33
27678,4850,station wagon,manual,177,avensis,150000,diesel,toyota,no,12.33
27679,2600,limousine,automatic,132,e_klasse,150000,petrol,mercedes_benz,no,28.0
27681,1300,small car,manual,60,micra,150000,petrol,nissan,no,19.0
27682,11500,station wagon,automatic,105,a3,125000,diesel,audi,no,9.33
27683,14000,others,manual,150,tiguan,60000,petrol,volkswagen,no,8.83
27684,14999,station wagon,manual,170,a6,80000,petrol,audi,no,13.58
27685,8199,limousine,manual,103,qashqai,90000,diesel,nissan,no,9.5
27686,9500,station wagon,automatic,140,passat,150000,diesel,volkswagen,no,8.67
27688,14499,station wagon,manual,140,caddy,80000,diesel,volkswagen,no,7.33
27690,6900,limousine,automatic,333,7er,150000,lpg,bmw,no,16.0
27691,1500,bus,manual,82,a_klasse,150000,petrol,mercedes_benz,no,20.42
27695,1300,bus,manual,131,others,150000,petrol,mazda,no,16.67
27697,850,small car,automatic,54,micra,150000,petrol,nissan,no,19.17
27701,12850,station wagon,automatic,239,a6,150000,diesel,audi,no,9.08
27703,3950,limousine,manual,173,laguna,150000,diesel,renault,no,12.83
27704,25490,limousine,automatic,245,x_reihe,90000,diesel,bmw,yes,8.58
27705,500,small car,manual,65,clio,150000,diesel,renault,no,15.42
27708,4499,small car,manual,60,polo,60000,petrol,volkswagen,no,17.0
27709,2799,station wagon,manual,136,3er,150000,diesel,bmw,no,17.67
27710,999,small car,manual,45,corsa,125000,petrol,opel,no,20.67
27711,2700,limousine,manual,75,golf,100000,petrol,volkswagen,no,15.67
27712,23800,bus,automatic,179,transporter,150000,diesel,volkswagen,no,8.17
27713,1250,station wagon,manual,60,polo,150000,petrol,volkswagen,no,20.42
27714,15000,limousine,automatic,232,q7,150000,diesel,audi,no,11.67
27716,33499,limousine,automatic,320,1er,40000,petrol,bmw,no,4.67
27717,949,coupe,manual,95,megane,150000,petrol,renault,no,18.75
27718,2999,coupe,manual,115,others,150000,petrol,audi,no,24.92
27719,7800,station wagon,manual,86,fabia,40000,petrol,skoda,no,7.92
27721,13500,limousine,manual,272,5er,150000,petrol,bmw,no,10.08
27722,19990,bus,automatic,204,viano,125000,diesel,mercedes_benz,no,9.42
27723,2750,limousine,manual,140,a3,150000,diesel,audi,no,15.0
27724,1950,limousine,manual,122,c_klasse,150000,petrol,mercedes_benz,no,23.42
27726,3190,small car,automatic,61,lupo,150000,diesel,volkswagen,no,17.92
27727,1290,small car,manual,60,clio,100000,petrol,renault,no,20.25
27730,10950,bus,manual,105,touran,125000,diesel,volkswagen,no,8.75
27732,1999,station wagon,manual,150,a6,150000,diesel,audi,no,18.83
27735,13599,coupe,manual,102,1er,80000,petrol,bmw,no,5.25
27736,7900,limousine,manual,122,octavia,125000,petrol,skoda,no,9.33
27737,13500,small car,manual,90,polo,10000,petrol,volkswagen,no,4.25
27739,3500,station wagon,manual,75,fabia,125000,petrol,skoda,no,12.5
27740,6500,bus,manual,136,others,125000,diesel,mazda,no,13.33
27741,3999,bus,manual,135,scenic,150000,petrol,renault,no,12.75
27742,1450,small car,manual,75,clio,150000,petrol,renault,no,15.75
27743,3999,limousine,manual,82,a_klasse,150000,diesel,mercedes_benz,no,12.17
27744,800,small car,manual,65,corsa,150000,petrol,opel,no,18.83
27745,2000,small car,manual,83,kalos,150000,lpg,daewoo,no,16.92
27746,600,limousine,manual,75,escort,150000,petrol,ford,yes,20.08
27747,1799,limousine,manual,106,golf,150000,petrol,volkswagen,no,18.67
27748,3800,station wagon,manual,120,others,150000,diesel,peugeot,yes,11.67
27749,13500,limousine,manual,184,e_klasse,60000,petrol,mercedes_benz,no,11.5
27750,28900,coupe,manual,320,911,70000,petrol,porsche,no,15.58
27751,500,small car,manual,45,corsa,150000,petrol,opel,no,23.5
27752,4750,bus,manual,102,transporter,150000,diesel,volkswagen,no,21.0
27753,2700,limousine,manual,101,astra,150000,diesel,opel,yes,14.83
27754,8900,bus,manual,85,transit,60000,diesel,ford,no,7.08
27755,14500,limousine,manual,105,golf,90000,diesel,volkswagen,no,6.25
27756,5499,limousine,automatic,170,5er,150000,petrol,bmw,no,16.83
27758,1800,small car,automatic,60,fortwo,125000,petrol,smart,no,17.5
27759,1600,small car,automatic,41,fortwo,150000,diesel,smart,no,18.58
27760,16500,cabrio,automatic,239,a5,150000,diesel,audi,no,10.0
27761,4900,limousine,manual,75,golf,150000,petrol,volkswagen,no,13.42
27762,1999,limousine,manual,101,golf,150000,petrol,volkswagen,no,19.42
27763,900,cabrio,automatic,101,3_reihe,100000,petrol,peugeot,yes,23.5
27764,1600,limousine,automatic,133,c5,150000,diesel,citroen,no,15.08
27766,11800,cabrio,manual,163,slk,70000,petrol,mercedes_benz,no,13.17
27767,5700,cabrio,manual,197,slk,150000,petrol,mercedes_benz,no,18.83
27768,20900,suv,automatic,140,tiguan,50000,diesel,volkswagen,no,7.67
27769,14499,station wagon,manual,170,a4,150000,diesel,audi,no,8.67
27770,8150,limousine,automatic,170,golf,150000,diesel,volkswagen,no,12.92
27773,1000,limousine,manual,101,astra,150000,petrol,opel,no,20.92
27775,61500,cabrio,automatic,421,slk,5000,petrol,mercedes_benz,no,5.17
27776,15400,small car,automatic,170,others,30000,petrol,alfa_romeo,no,4.5
27777,650,station wagon,manual,115,focus,150000,petrol,ford,no,19.75
27778,600,coupe,manual,131,others,150000,petrol,fiat,no,22.58
27779,1599,small car,manual,69,ka,70000,petrol,ford,no,14.92
27782,25500,coupe,automatic,286,6er,150000,diesel,bmw,no,8.42
27783,14500,station wagon,automatic,143,a4,150000,diesel,audi,no,10.33
27784,11850,coupe,manual,177,3er,150000,diesel,bmw,no,10.33
27785,1500,limousine,manual,101,astra,125000,petrol,opel,no,16.42
27787,7200,limousine,automatic,131,a4,100000,petrol,audi,no,14.5
27788,3800,bus,automatic,218,grand,150000,petrol,chrysler,no,17.42
27789,1900,suv,automatic,215,cherokee,150000,petrol,jeep,no,24.33
27791,22499,suv,manual,140,yeti,40000,diesel,skoda,no,4.33
27795,16999,cabrio,manual,204,boxster,125000,petrol,porsche,no,21.42
27797,990,station wagon,manual,90,focus,150000,diesel,ford,no,18.42
27799,22500,small car,automatic,150,golf,30000,diesel,volkswagen,no,5.0
27800,16790,suv,automatic,387,m_klasse,150000,petrol,mercedes_benz,no,11.67
27803,11989,suv,manual,150,tiguan,125000,petrol,volkswagen,no,10.25
27804,17950,bus,manual,105,touran,60000,diesel,volkswagen,no,6.17
27805,2250,limousine,manual,130,mondeo,150000,diesel,ford,yes,16.0
27806,13000,station wagon,automatic,177,3er,150000,diesel,bmw,no,9.75
27807,5150,bus,automatic,140,touran,150000,diesel,volkswagen,no,13.83
27809,2800,bus,manual,128,others,150000,diesel,peugeot,yes,14.0
27810,1000,station wagon,automatic,150,3er,150000,petrol,bmw,no,22.25
27811,9899,limousine,automatic,110,golf,150000,diesel,volkswagen,no,9.67
27812,17500,cabrio,manual,143,1er,90000,diesel,bmw,no,8.25
27813,900,small car,manual,60,corsa,150000,lpg,opel,no,13.58
27814,3149,limousine,manual,184,5er,150000,petrol,bmw,no,20.25
27815,5990,small car,manual,60,up,60000,petrol,volkswagen,no,6.75
27816,3000,cabrio,manual,60,others,150000,petrol,renault,no,20.42
27817,2555,cabrio,manual,136,2_reihe,150000,petrol,peugeot,no,17.58
27819,2450,station wagon,manual,125,vectra,150000,diesel,opel,no,16.0
27820,1800,small car,manual,86,ibiza,150000,petrol,seat,yes,10.42
27821,27900,cabrio,automatic,306,sl,100000,petrol,mercedes_benz,no,13.92
27823,12699,station wagon,automatic,231,3er,150000,diesel,bmw,no,12.58
27824,590,small car,manual,60,corsa,150000,petrol,opel,no,21.58
27825,10500,suv,manual,173,cx_reihe,150000,diesel,mazda,no,8.08
27826,650,limousine,manual,103,bravo,150000,petrol,fiat,yes,19.42
27827,8350,limousine,automatic,163,3er,150000,diesel,bmw,no,13.33
27829,9300,cabrio,manual,86,500,60000,petrol,fiat,no,6.33
27831,15000,station wagon,manual,190,a6,150000,diesel,audi,no,9.75
27833,2000,limousine,manual,125,toledo,150000,petrol,seat,no,20.0
27834,1390,bus,manual,141,others,150000,petrol,opel,no,20.42
27838,2190,small car,manual,64,fiesta,150000,diesel,ford,no,13.83
27839,14950,limousine,automatic,156,c_klasse,70000,petrol,mercedes_benz,no,10.58
27841,13300,coupe,automatic,190,a5,150000,diesel,audi,yes,9.08
27842,1600,small car,manual,50,lupo,150000,petrol,volkswagen,no,16.42
27843,1850,limousine,manual,125,a3,150000,petrol,audi,no,19.42
27844,12500,bus,automatic,140,touran,150000,diesel,volkswagen,no,6.92
27846,12800,small car,manual,135,500,60000,petrol,fiat,no,9.83
27849,2200,cabrio,manual,146,astra,150000,petrol,opel,no,15.33
27850,300,limousine,manual,75,focus,150000,petrol,ford,yes,20.92
27851,1500,station wagon,automatic,150,a4,150000,diesel,audi,no,19.58
27853,700,small car,manual,60,1_reihe,150000,petrol,peugeot,no,19.75
27854,14490,station wagon,automatic,170,c_klasse,125000,diesel,mercedes_benz,no,11.0
27855,2950,station wagon,manual,100,focus,150000,petrol,ford,no,13.67
27856,1499,small car,manual,75,twingo,150000,petrol,renault,no,17.83
27857,1400,limousine,manual,126,focus,5000,petrol,ford,no,19.75
27858,600,limousine,manual,73,3_reihe,150000,petrol,mazda,no,18.33
27859,2350,small car,manual,75,corsa,125000,petrol,opel,yes,15.0
27860,550,small car,manual,50,lupo,150000,petrol,volkswagen,yes,15.25
27863,3500,small car,manual,92,swift,125000,petrol,suzuki,no,10.67
27864,650,coupe,automatic,90,megane,150000,petrol,renault,no,19.67
27865,9999,limousine,automatic,177,5er,150000,diesel,bmw,no,11.58
27866,4990,station wagon,manual,101,vivaro,150000,diesel,opel,no,13.08
27867,15900,limousine,automatic,204,x_reihe,150000,diesel,bmw,no,8.08
27868,5980,limousine,manual,122,1er,150000,diesel,bmw,no,13.0
27869,8600,station wagon,manual,102,a3,50000,petrol,audi,no,12.75
27870,4990,small car,manual,68,aygo,50000,petrol,toyota,no,8.25
27871,2500,bus,manual,116,almera,150000,petrol,nissan,no,15.58
27873,3100,limousine,manual,75,golf,150000,petrol,volkswagen,no,16.42
27874,13900,cabrio,automatic,179,c_reihe,125000,diesel,volvo,no,10.5
27876,250,small car,manual,59,2_reihe,150000,petrol,peugeot,yes,19.0
27879,32500,limousine,automatic,177,a4,20000,diesel,audi,no,4.33
27881,600,limousine,manual,136,astra,150000,petrol,opel,yes,18.25
27882,5300,station wagon,manual,115,astra,125000,petrol,opel,no,10.42
27883,10000,cabrio,manual,170,3er,70000,petrol,bmw,no,16.42
27884,12900,limousine,automatic,320,x_reihe,150000,petrol,bmw,no,13.75
27886,3400,limousine,manual,101,focus,150000,petrol,ford,no,12.25
27887,7777,station wagon,manual,170,a4,150000,diesel,audi,no,11.33
27888,5000,limousine,manual,109,a_klasse,150000,diesel,mercedes_benz,no,11.75
27889,5500,limousine,manual,173,megane,150000,diesel,renault,no,10.25
27890,5750,cabrio,automatic,218,clk,150000,petrol,mercedes_benz,no,19.08
27891,1500,limousine,manual,150,147,150000,petrol,alfa_romeo,yes,17.0
27894,6499,station wagon,manual,110,laguna,150000,diesel,renault,no,11.0
27895,1600,limousine,manual,110,golf,150000,diesel,volkswagen,no,19.83
27896,9900,limousine,manual,143,3er,150000,petrol,bmw,no,10.17
27898,1399,small car,manual,75,fiesta,125000,petrol,ford,no,17.92
27899,2350,small car,manual,58,cuore,100000,petrol,daihatsu,no,12.0
27901,22000,cabrio,manual,260,boxster,70000,petrol,porsche,no,14.83
27902,10500,limousine,manual,150,x_reihe,150000,diesel,bmw,no,11.92
27903,14800,suv,manual,140,tiguan,100000,diesel,volkswagen,no,8.92
27904,2999,small car,manual,69,polo,150000,diesel,volkswagen,yes,10.0
27906,4950,bus,manual,101,touran,150000,diesel,volkswagen,no,14.83
27908,15000,bus,manual,105,touran,20000,petrol,volkswagen,no,4.42
27910,17999,limousine,automatic,156,c_klasse,80000,petrol,mercedes_benz,no,9.58
27911,35900,station wagon,automatic,340,others,50000,petrol,audi,no,6.33
27912,20499,limousine,automatic,211,a4,60000,petrol,audi,no,8.67
27914,10700,station wagon,manual,110,passat,150000,diesel,volkswagen,no,8.75
27916,25500,coupe,manual,165,911,150000,petrol,porsche,no,42.5
27917,4900,coupe,manual,160,others,70000,petrol,porsche,yes,35.75
27922,9900,suv,manual,147,forester,150000,diesel,subaru,no,8.25
27923,2200,station wagon,manual,120,vectra,125000,diesel,opel,yes,11.42
27924,6800,limousine,manual,109,a_klasse,90000,diesel,mercedes_benz,no,9.58
27926,8990,cabrio,manual,170,3er,125000,petrol,bmw,no,15.58
27927,2450,limousine,automatic,116,c_klasse,150000,diesel,mercedes_benz,no,19.0
27928,3499,limousine,manual,116,golf,150000,petrol,volkswagen,no,14.08
27931,18500,limousine,automatic,218,x_reihe,150000,diesel,bmw,no,10.42
27934,1790,small car,manual,75,polo,125000,petrol,volkswagen,no,17.08
27935,1299,cabrio,manual,116,3er,150000,petrol,bmw,yes,23.42
27936,27450,suv,manual,190,range_rover_evoque,70000,diesel,land_rover,no,6.5
27937,950,station wagon,manual,125,c_klasse,150000,diesel,mercedes_benz,yes,20.25
27939,13490,station wagon,manual,101,golf,60000,diesel,volkswagen,no,6.08
27942,13999,small car,manual,211,cooper,90000,petrol,mini,no,9.08
27943,2750,bus,manual,140,altea,150000,diesel,seat,no,14.33
27944,3850,limousine,manual,109,i_reihe,125000,petrol,hyundai,no,9.92
27946,7990,station wagon,manual,131,passat,150000,diesel,volkswagen,no,14.5
27948,2750,limousine,automatic,110,civic,150000,petrol,honda,no,17.92
27949,640,limousine,manual,75,astra,150000,petrol,opel,no,20.67
27950,26900,station wagon,automatic,204,5er,125000,diesel,bmw,no,7.58
27952,10500,station wagon,automatic,170,c_klasse,150000,diesel,mercedes_benz,no,8.08
27954,2499,cabrio,manual,101,ka,150000,petrol,ford,no,14.17
27955,12000,station wagon,manual,184,3er,5000,diesel,bmw,no,7.67
27957,999,small car,manual,50,arosa,150000,petrol,seat,no,15.0
27958,15000,limousine,manual,173,3er,80000,petrol,bmw,no,12.5
27960,6490,coupe,manual,179,tt,125000,petrol,audi,no,19.08
27962,1800,suv,manual,99,others,150000,diesel,nissan,no,24.08
27963,2690,cabrio,automatic,54,fortwo,70000,petrol,smart,no,16.75
27964,3500,cabrio,manual,131,mx_reihe,150000,petrol,mazda,no,21.17
27965,15900,suv,manual,110,duster,30000,diesel,dacia,no,5.58
27968,1000,limousine,manual,90,others,125000,petrol,suzuki,yes,14.5
27971,2600,station wagon,manual,170,3er,150000,petrol,bmw,no,22.0
27972,9500,limousine,automatic,333,5er,150000,petrol,bmw,no,13.42
27973,3300,small car,manual,45,others,150000,petrol,renault,no,34.08
27975,3800,cabrio,automatic,54,fortwo,90000,petrol,smart,no,16.67
27976,7600,cabrio,manual,150,others,150000,petrol,saab,no,13.67
27980,3490,station wagon,manual,101,astra,150000,diesel,opel,no,12.0
27981,12500,cabrio,manual,85,spider,125000,petrol,alfa_romeo,yes,30.08
27982,400,station wagon,manual,100,vectra,5000,diesel,opel,no,18.0
27983,24500,station wagon,automatic,136,v70,80000,diesel,volvo,no,5.5
27985,3590,station wagon,manual,109,focus,150000,diesel,ford,no,13.83
27986,12500,small car,manual,122,1er,30000,petrol,bmw,no,8.67
27987,20800,coupe,manual,170,a5,90000,diesel,audi,no,8.75
27988,6200,station wagon,automatic,170,others,150000,lpg,chevrolet,no,9.17
27989,2550,station wagon,manual,101,golf,150000,diesel,volkswagen,no,16.92
27992,1150,limousine,manual,90,golf,150000,diesel,volkswagen,no,21.83
27993,4200,limousine,manual,75,golf,100000,petrol,volkswagen,no,14.83
27994,1750,small car,manual,75,2_reihe,125000,petrol,peugeot,yes,19.42
27995,250,small car,manual,75,fiesta,70000,petrol,ford,no,19.33
27998,1499,limousine,manual,136,c_klasse,150000,petrol,mercedes_benz,no,23.42
28001,4399,bus,manual,90,meriva,50000,petrol,opel,no,13.17
28004,300,small car,manual,75,astra,150000,petrol,opel,no,20.0
28006,2250,small car,manual,58,twingo,150000,petrol,renault,no,11.58
28007,4350,bus,manual,57,transporter,150000,diesel,volkswagen,no,36.33
28009,999,limousine,manual,116,3er,150000,petrol,bmw,no,23.17
28010,19800,cabrio,automatic,272,3er,125000,petrol,bmw,no,10.25
28011,2000,station wagon,manual,131,mondeo,150000,diesel,ford,no,16.25
28013,1200,bus,automatic,201,others,150000,petrol,opel,yes,21.0
28014,8000,station wagon,manual,204,a4,150000,diesel,audi,no,13.25
28016,13490,limousine,automatic,258,3er,150000,petrol,bmw,no,12.67
28018,3100,small car,manual,60,c2,80000,petrol,citroen,no,11.83
28019,1800,small car,manual,69,ka,125000,petrol,ford,no,11.25
28020,100,small car,manual,54,micra,150000,petrol,nissan,no,21.0
28021,1250,small car,manual,58,corsa,100000,petrol,opel,no,17.75
28023,990,small car,manual,50,arosa,150000,petrol,seat,no,20.17
28025,3500,station wagon,manual,136,c5,150000,diesel,citroen,no,12.58
28026,1800,limousine,manual,97,corolla,125000,petrol,toyota,no,17.92
28027,300,limousine,manual,75,80,150000,petrol,audi,yes,27.17
28028,8990,limousine,manual,143,1er,100000,petrol,bmw,no,9.42
28030,950,small car,manual,80,punto,150000,petrol,fiat,no,18.58
28032,900,small car,manual,90,focus,150000,diesel,ford,yes,17.5
28033,699,limousine,manual,125,astra,150000,petrol,opel,yes,17.25
28034,2690,small car,manual,75,fiesta,150000,petrol,ford,no,14.0
28036,1300,small car,manual,58,twingo,125000,petrol,renault,no,16.75
28038,1650,limousine,manual,111,a_klasse,150000,petrol,mercedes_benz,no,19.08
28040,700,small car,manual,115,others,150000,petrol,volkswagen,no,26.33
28042,5500,bus,manual,95,b_klasse,125000,petrol,mercedes_benz,no,11.5
28044,3999,station wagon,manual,75,golf,80000,petrol,volkswagen,no,13.75
28046,1000,cabrio,manual,90,golf,125000,petrol,volkswagen,yes,20.42
28047,550,limousine,manual,150,3er,150000,petrol,bmw,no,23.25
28049,550,limousine,manual,75,golf,150000,petrol,volkswagen,no,21.5
28051,7500,small car,manual,86,corsa,50000,petrol,opel,no,6.33
28055,750,bus,manual,107,scenic,150000,petrol,renault,no,17.25
28056,14200,station wagon,automatic,170,passat,150000,diesel,volkswagen,no,7.42
28057,3950,limousine,manual,150,golf,150000,petrol,volkswagen,no,20.92
28059,800,limousine,manual,90,others,100000,petrol,volkswagen,no,23.75
28063,7150,suv,manual,131,meriva,150000,diesel,opel,yes,7.58
28064,12650,station wagon,manual,109,sprinter,150000,diesel,mercedes_benz,no,8.25
28066,1099,cabrio,manual,105,escort,150000,petrol,ford,no,23.08
28067,1399,limousine,manual,115,3er,150000,petrol,bmw,no,23.08
28070,1499,small car,manual,58,twingo,150000,petrol,renault,no,18.25
28071,1699,station wagon,manual,116,mondeo,150000,petrol,ford,no,18.42
28072,6900,limousine,manual,116,astra,125000,petrol,opel,no,8.92
28073,10400,bus,manual,140,sharan,150000,diesel,volkswagen,no,10.58
28075,9500,cabrio,manual,140,others,50000,petrol,toyota,no,18.33
28076,9999,limousine,automatic,150,3er,100000,petrol,bmw,no,12.08
28077,17900,suv,automatic,190,range_rover_sport,150000,diesel,land_rover,no,10.92
28078,1600,others,manual,60,combo,150000,diesel,opel,no,17.25
28081,7300,limousine,automatic,136,passat,150000,diesel,volkswagen,no,13.0
28083,5500,limousine,manual,150,leon,150000,diesel,seat,no,13.58
28084,7999,limousine,automatic,170,passat,150000,diesel,volkswagen,no,11.92
28086,1999,limousine,manual,75,golf,150000,petrol,volkswagen,no,17.75
28087,3799,small car,manual,75,clio,125000,petrol,renault,no,11.42
28089,1444,small car,manual,101,lupo,150000,petrol,volkswagen,no,19.92
28091,3550,cabrio,manual,193,slk,150000,petrol,mercedes_benz,no,19.75
28092,7999,station wagon,automatic,190,e_klasse,150000,diesel,mercedes_benz,no,13.5
28093,4100,limousine,manual,60,corsa,90000,petrol,opel,no,9.92
28094,2000,bus,automatic,109,c_max,150000,diesel,ford,yes,12.83
28095,1250,suv,manual,124,others,150000,petrol,nissan,no,24.25
28096,899,station wagon,manual,158,4_reihe,150000,petrol,peugeot,no,16.67
28097,1499,station wagon,manual,101,focus,150000,petrol,ford,no,14.25
28098,4500,station wagon,automatic,131,mondeo,125000,diesel,ford,yes,10.92
28099,3000,limousine,manual,81,avensis,70000,petrol,toyota,no,17.75
28100,200,small car,manual,60,fiesta,150000,petrol,ford,yes,20.75
28101,10600,bus,automatic,184,sprinter,150000,diesel,mercedes_benz,no,11.67
28103,2600,suv,manual,122,cherokee,150000,petrol,jeep,no,24.58
28105,1700,limousine,manual,165,a6,150000,petrol,audi,no,21.83
28107,1300,station wagon,manual,110,cordoba,150000,diesel,seat,no,19.75
28109,9000,bus,automatic,129,verso,90000,petrol,toyota,no,9.25
28111,750,small car,manual,60,cuore,150000,petrol,daihatsu,no,15.75
28112,1090,small car,manual,58,clio,125000,petrol,renault,no,17.42
28114,25950,cabrio,automatic,211,tt,50000,petrol,audi,no,7.0
28117,799,station wagon,manual,75,astra,150000,petrol,opel,no,22.25
28119,6799,bus,automatic,105,touran,150000,diesel,volkswagen,no,11.33
28120,5790,limousine,manual,116,astra,125000,petrol,opel,no,10.17
28123,3650,limousine,manual,116,almera,125000,petrol,nissan,no,15.25
28124,999,limousine,manual,116,vectra,125000,petrol,opel,no,20.5
28125,15150,bus,manual,116,sharan,125000,diesel,volkswagen,no,6.42
28127,6200,cabrio,automatic,217,clk,150000,petrol,mercedes_benz,yes,18.42
28129,1890,limousine,manual,69,golf,150000,petrol,volkswagen,no,29.5
28130,2222,limousine,manual,90,golf,150000,diesel,volkswagen,no,19.75
28132,12900,limousine,automatic,224,others,150000,diesel,mercedes_benz,no,12.5
28136,888,small car,manual,50,polo,150000,lpg,volkswagen,no,19.83
28137,2500,station wagon,automatic,179,a6,150000,diesel,audi,no,17.83
28138,1490,station wagon,manual,107,3_reihe,150000,diesel,peugeot,no,16.42
28139,11890,limousine,manual,163,1er,100000,diesel,bmw,no,12.92
28140,199,small car,manual,60,ka,150000,petrol,ford,no,15.25
28141,12999,bus,automatic,120,meriva,50000,petrol,opel,no,5.67
28142,2500,coupe,manual,136,clk,150000,petrol,mercedes_benz,no,19.0
28143,11999,suv,manual,110,yeti,90000,diesel,skoda,no,5.33
28144,2900,cabrio,manual,136,2_reihe,150000,petrol,peugeot,yes,13.83
28146,4990,cabrio,manual,109,colt,70000,petrol,mitsubishi,no,11.25
28148,6999,small car,manual,86,fabia,80000,petrol,skoda,no,7.58
28149,1990,bus,manual,60,transporter,150000,diesel,volkswagen,no,23.92
28150,8950,station wagon,manual,150,a3,100000,petrol,audi,no,12.83
28151,450,small car,manual,60,golf,150000,petrol,volkswagen,no,24.17
28152,1555,station wagon,manual,170,3er,150000,petrol,bmw,no,21.0
28153,12100,coupe,manual,218,3er,150000,petrol,bmw,no,11.17
28157,20990,suv,manual,140,q3,60000,diesel,audi,no,6.92
28158,24999,cabrio,automatic,306,sl,150000,petrol,mercedes_benz,no,16.08
28159,15800,limousine,manual,150,x_reihe,90000,petrol,bmw,no,7.42
28162,1150,limousine,manual,125,a3,125000,petrol,audi,yes,21.0
28164,2750,station wagon,manual,63,fabia,150000,petrol,skoda,no,14.67
28165,3990,station wagon,manual,105,octavia,150000,diesel,skoda,no,13.5
28166,600,station wagon,manual,100,others,150000,diesel,mazda,yes,15.0
28168,18000,bus,manual,69,transporter,150000,diesel,volkswagen,yes,35.17
28169,6999,limousine,manual,150,leon,150000,petrol,seat,no,12.33
28170,1999,limousine,manual,101,bora,150000,petrol,volkswagen,no,19.83
28171,1600,small car,manual,60,corsa,150000,petrol,opel,no,17.92
28174,4200,suv,manual,114,x_trail,150000,diesel,nissan,no,15.83
28175,15500,suv,manual,140,kuga,60000,diesel,ford,no,7.5
28178,1450,small car,manual,69,ka,60000,petrol,ford,no,14.75
28179,1350,small car,manual,60,ka,125000,petrol,ford,no,18.58
28180,13150,bus,manual,125,c_max,30000,petrol,ford,no,4.42
28181,1990,limousine,manual,75,golf,125000,petrol,volkswagen,no,19.33
28182,3490,limousine,manual,129,c_klasse,150000,petrol,mercedes_benz,no,17.33
28185,35000,bus,automatic,224,viano,125000,diesel,mercedes_benz,no,9.0
28186,1650,station wagon,automatic,150,3er,150000,petrol,bmw,no,18.5
28187,750,station wagon,manual,109,v40,150000,petrol,volvo,no,16.5
28188,4300,station wagon,manual,131,mondeo,150000,diesel,ford,no,13.75
28190,5200,limousine,automatic,197,s_klasse,150000,diesel,mercedes_benz,no,18.0
28191,2100,others,manual,82,vito,150000,diesel,mercedes_benz,no,17.42
28193,12700,limousine,manual,105,golf,100000,diesel,volkswagen,no,6.92
28194,19900,cabrio,automatic,306,sl,90000,petrol,mercedes_benz,no,16.08
28195,1650,bus,manual,107,scenic,150000,petrol,renault,no,16.33
28197,10900,limousine,automatic,235,5er,150000,diesel,bmw,no,12.0
28198,7300,limousine,manual,105,passat,150000,diesel,volkswagen,no,12.42
28200,7699,limousine,manual,143,a4,150000,diesel,audi,no,10.17
28201,4790,small car,manual,90,others,125000,diesel,fiat,no,11.33
28202,2500,station wagon,automatic,299,others,150000,petrol,audi,yes,19.83
28203,2999,bus,manual,57,transporter,150000,diesel,volkswagen,no,27.33
28204,5850,limousine,manual,90,a_klasse,70000,petrol,mercedes_benz,no,12.75
28205,39500,suv,automatic,313,x_reihe,90000,diesel,bmw,no,4.25
28206,22950,limousine,automatic,177,a6,60000,diesel,audi,no,7.58
28208,1150,limousine,automatic,122,c_klasse,150000,petrol,mercedes_benz,no,21.67
28209,1250,station wagon,manual,125,a4,150000,petrol,audi,no,21.83
28210,7590,station wagon,automatic,150,e_klasse,150000,diesel,mercedes_benz,no,14.33
28212,4350,small car,manual,69,yaris,125000,petrol,toyota,no,9.67
28213,8600,suv,automatic,250,cayenne,150000,petrol,porsche,no,14.17
28214,3899,station wagon,manual,131,a4,150000,petrol,audi,yes,16.42
28215,8450,small car,manual,60,up,40000,petrol,volkswagen,no,4.42
28216,14000,limousine,manual,170,a3,150000,diesel,audi,no,7.58
28218,4500,station wagon,manual,192,3er,150000,petrol,bmw,no,16.75
28219,650,limousine,manual,60,golf,150000,petrol,volkswagen,no,26.0
28220,7990,limousine,manual,90,polo,150000,diesel,volkswagen,no,9.83
28223,599,small car,manual,90,up,20000,petrol,volkswagen,no,27.5
28224,13950,coupe,manual,250,tt,90000,petrol,audi,no,13.58
28225,7300,station wagon,manual,95,2_reihe,20000,petrol,peugeot,no,9.42
28226,350,small car,manual,50,lupo,150000,petrol,volkswagen,yes,19.67
28227,18200,station wagon,automatic,184,e_klasse,60000,petrol,mercedes_benz,no,8.5
28229,2999,bus,manual,150,sharan,150000,petrol,volkswagen,no,17.67
28230,20999,coupe,automatic,184,3er,100000,diesel,bmw,no,8.92
28231,5999,small car,manual,69,500,90000,petrol,fiat,no,10.25
28232,1299,limousine,manual,75,golf,100000,petrol,volkswagen,no,21.58
28233,950,small car,manual,55,others,125000,petrol,citroen,no,21.17
28234,800,coupe,manual,102,3er,150000,petrol,bmw,no,23.25
28235,1600,small car,manual,95,clio,150000,petrol,renault,no,19.0
28236,4999,cabrio,manual,135,megane,125000,petrol,renault,no,13.42
28238,19995,limousine,automatic,184,5er,150000,diesel,bmw,no,7.58
28239,3400,limousine,automatic,150,3er,150000,diesel,bmw,no,14.92
28240,4200,small car,manual,110,a2,125000,petrol,audi,no,16.83
28241,2600,small car,manual,75,ibiza,150000,diesel,seat,no,16.0
28243,6980,small car,manual,75,twingo,30000,petrol,renault,no,5.75
28244,1600,small car,manual,60,2_reihe,150000,petrol,peugeot,no,18.75
28245,24500,coupe,manual,225,a5,125000,petrol,audi,no,9.75
28246,750,small car,manual,75,fiesta,150000,petrol,ford,no,18.75
28247,5199,station wagon,manual,105,octavia,150000,diesel,skoda,no,10.42
28248,1999,limousine,manual,75,golf,150000,petrol,volkswagen,no,19.75
28249,9500,station wagon,manual,170,passat,150000,diesel,volkswagen,no,9.17
28250,4999,limousine,automatic,184,7er,150000,diesel,bmw,no,18.33
28251,8000,limousine,manual,122,golf,125000,petrol,volkswagen,no,10.0
28252,1150,small car,manual,75,2_reihe,150000,petrol,peugeot,no,18.17
28254,899,limousine,manual,90,vectra,150000,petrol,opel,no,27.08
28256,12000,station wagon,manual,270,a6,150000,diesel,audi,no,11.0
28257,1200,station wagon,manual,110,passat,150000,petrol,volkswagen,no,20.58
28258,3250,station wagon,manual,113,megane,150000,petrol,renault,no,13.92
28259,2200,small car,manual,75,polo,150000,petrol,volkswagen,no,15.5
28265,1200,small car,manual,67,matiz,125000,petrol,chevrolet,no,13.83
28266,3500,limousine,manual,116,ceed,150000,diesel,kia,no,10.08
28267,600,station wagon,manual,75,astra,150000,petrol,opel,yes,20.0
28269,13990,limousine,manual,170,a6,50000,petrol,audi,no,10.92
28270,1500,limousine,manual,101,golf,150000,petrol,volkswagen,no,20.67
28272,1999,limousine,manual,125,passat,150000,petrol,volkswagen,no,20.33
28273,1500,coupe,manual,136,e_klasse,5000,petrol,mercedes_benz,no,31.08
28274,1999,bus,manual,116,c4,150000,petrol,citroen,no,15.92
28276,29777,suv,automatic,231,others,70000,diesel,nissan,no,7.58
28277,11999,limousine,automatic,160,golf,70000,petrol,volkswagen,no,8.75
28278,990,limousine,manual,136,e_klasse,150000,petrol,mercedes_benz,no,23.0
28279,2500,station wagon,manual,150,e_klasse,150000,petrol,mercedes_benz,no,24.33
28280,16999,limousine,automatic,363,others,150000,petrol,jaguar,no,18.92
28281,3200,small car,manual,75,2_reihe,125000,petrol,peugeot,no,11.67
28282,500,limousine,manual,107,megane,150000,petrol,renault,no,18.92
28284,2500,limousine,manual,122,vectra,150000,petrol,opel,yes,17.0
28289,17000,station wagon,automatic,293,a6,150000,diesel,audi,no,11.33
28290,2400,cabrio,manual,150,3er,150000,petrol,bmw,no,21.58
28291,29990,suv,automatic,179,kuga,10000,diesel,ford,no,3.08
28292,1099,limousine,manual,116,156,150000,diesel,alfa_romeo,no,16.08
28294,15000,limousine,automatic,279,others,150000,petrol,mercedes_benz,no,25.58
28295,950,limousine,manual,75,golf,150000,petrol,volkswagen,yes,20.83
28296,200,bus,manual,91,move,5000,petrol,daihatsu,no,20.42
28298,5750,small car,manual,73,2_reihe,50000,petrol,peugeot,no,9.25
28299,3950,bus,manual,125,meriva,150000,diesel,opel,no,11.42
28301,11990,limousine,manual,250,others,150000,petrol,audi,no,27.0
28302,6900,limousine,manual,163,3er,150000,diesel,bmw,no,12.5
28303,15700,coupe,manual,177,3er,150000,diesel,bmw,no,9.67
28305,6500,station wagon,manual,177,avensis,125000,diesel,toyota,no,12.92
28306,3550,limousine,manual,90,6_reihe,40000,petrol,mazda,no,19.67
28308,12990,small car,manual,105,a1,20000,diesel,audi,no,8.0
28309,1200,small car,manual,57,micra,150000,diesel,nissan,no,18.08
28310,3690,cabrio,manual,95,ka,90000,petrol,ford,no,14.33
28311,21900,limousine,automatic,177,x_reihe,125000,diesel,bmw,no,7.5
28313,1590,station wagon,automatic,116,3er,150000,petrol,bmw,no,20.5
28314,16990,suv,automatic,150,cr_reihe,50000,petrol,honda,no,7.42
28315,549,limousine,manual,75,megane,125000,petrol,renault,no,21.67
28316,2000,limousine,manual,75,golf,150000,petrol,volkswagen,no,17.42
28318,1850,bus,manual,88,modus,150000,petrol,renault,yes,12.33
28319,11999,limousine,manual,84,qashqai,60000,petrol,nissan,no,8.5
28320,2100,small car,manual,60,others,40000,petrol,peugeot,no,14.42
28321,3950,bus,manual,163,espace,150000,petrol,renault,no,15.83
28322,3500,small car,manual,90,corsa,150000,diesel,opel,no,10.5
28324,5990,station wagon,manual,86,fabia,100000,petrol,skoda,no,10.75
28325,4990,station wagon,automatic,140,touran,150000,diesel,volkswagen,yes,11.33
28327,250,small car,manual,75,golf,150000,petrol,volkswagen,yes,21.0
28329,2350,small car,manual,64,polo,125000,petrol,volkswagen,no,16.42
28330,23999,suv,automatic,239,q5,150000,diesel,audi,no,11.0
28331,250,small car,manual,60,corsa,150000,petrol,opel,yes,22.25
28333,10350,limousine,manual,86,golf,40000,petrol,volkswagen,no,8.0
28334,1999,station wagon,manual,84,astra,150000,petrol,opel,no,14.25
28335,5700,limousine,manual,80,golf,100000,petrol,volkswagen,no,12.58
28337,26500,coupe,automatic,239,a5,125000,diesel,audi,no,8.33
28339,3200,station wagon,manual,131,megane,150000,diesel,renault,no,11.58
28340,4200,limousine,manual,105,astra,150000,petrol,opel,no,14.75
28342,21300,coupe,automatic,292,e_klasse,125000,petrol,mercedes_benz,no,8.5
28343,2190,station wagon,manual,101,vectra,150000,petrol,opel,no,18.08
28344,4999,small car,manual,80,corsa,100000,petrol,opel,no,11.0
28345,5500,station wagon,manual,105,caddy,150000,diesel,volkswagen,no,12.92
28346,999,small car,manual,58,corsa,150000,petrol,opel,no,17.0
28348,3950,cabrio,manual,118,z_reihe,150000,diesel,bmw,no,19.0
28349,1150,small car,manual,75,golf,150000,petrol,volkswagen,no,20.83
28350,4000,suv,manual,140,tucson,150000,petrol,hyundai,no,11.75
28352,1850,station wagon,manual,125,a4,150000,petrol,audi,no,18.08
28355,13900,suv,manual,116,i_reihe,10000,diesel,hyundai,no,7.0
28356,890,station wagon,manual,115,focus,150000,diesel,ford,no,14.42
28357,2250,cabrio,automatic,42,fortwo,150000,diesel,smart,no,13.5
28358,600,station wagon,automatic,100,astra,125000,petrol,opel,no,17.42
28359,3500,small car,manual,77,others,80000,petrol,fiat,no,11.75
28360,27000,limousine,manual,280,astra,10000,petrol,opel,no,4.58
28361,5600,bus,manual,120,others,150000,diesel,citroen,no,11.92
28362,2399,coupe,manual,101,a3,150000,petrol,audi,no,19.75
28363,7999,small car,automatic,102,a3,125000,petrol,audi,no,13.0
28364,3850,coupe,manual,163,clk,150000,petrol,mercedes_benz,no,17.75
28365,4400,bus,manual,128,others,150000,diesel,peugeot,no,12.08
28366,12900,station wagon,manual,177,3er,150000,diesel,bmw,no,9.08
28367,1199,small car,manual,75,twingo,150000,petrol,renault,no,15.5
28368,5499,limousine,manual,109,3_reihe,150000,diesel,mazda,no,11.42
28369,9500,station wagon,manual,165,others,150000,petrol,subaru,no,12.75
28370,2700,limousine,manual,80,golf,150000,petrol,volkswagen,yes,12.83
28372,5800,limousine,manual,150,1er,150000,petrol,bmw,no,13.42
28373,26900,cabrio,manual,250,others,50000,petrol,opel,no,13.25
28374,6450,cabrio,automatic,163,slk,150000,petrol,mercedes_benz,no,16.5
28375,2650,small car,manual,86,yaris,150000,petrol,toyota,no,16.17
28376,2790,small car,manual,69,corsa,150000,diesel,opel,no,14.83
28377,1550,small car,manual,100,focus,150000,petrol,ford,no,16.5
28380,2950,small car,manual,60,punto,80000,petrol,fiat,no,13.33
28381,1790,small car,automatic,60,micra,150000,petrol,nissan,no,16.83
28383,850,small car,manual,55,golf,150000,petrol,volkswagen,no,22.92
28384,21500,limousine,manual,177,x_reihe,90000,diesel,bmw,no,8.33
28386,4500,limousine,automatic,224,e_klasse,150000,lpg,mercedes_benz,no,19.33
28387,1550,station wagon,manual,107,others,150000,petrol,toyota,no,22.17
28388,20500,limousine,automatic,241,others,150000,diesel,jaguar,no,7.0
28390,950,bus,manual,75,others,150000,petrol,mazda,no,16.33
28392,32800,bus,manual,131,transporter,90000,diesel,volkswagen,no,10.58
28393,3480,small car,manual,90,one,150000,petrol,mini,no,16.75
28394,2900,limousine,manual,170,5er,150000,petrol,bmw,no,18.33
28395,10150,station wagon,automatic,179,a6,150000,diesel,audi,yes,10.83
28397,9990,limousine,automatic,102,golf,100000,petrol,volkswagen,no,8.33
28399,11900,cabrio,manual,126,mx_reihe,50000,petrol,mazda,no,10.42
28400,5000,station wagon,manual,109,caddy,150000,cng,volkswagen,no,11.5
28402,2899,bus,manual,69,others,150000,diesel,fiat,no,15.17
28403,2200,coupe,automatic,116,others,90000,petrol,audi,no,26.83
28404,12900,limousine,manual,117,qashqai,80000,petrol,nissan,no,7.75
28405,2750,small car,manual,94,others,125000,lpg,chevrolet,no,12.83
28406,13800,limousine,manual,170,3er,100000,petrol,bmw,no,9.58
28407,11900,station wagon,automatic,224,e_klasse,125000,diesel,mercedes_benz,no,13.0
28408,3600,station wagon,manual,193,passat,150000,petrol,volkswagen,no,19.08
28409,11900,limousine,manual,177,3er,150000,diesel,bmw,no,9.75
28410,270,station wagon,manual,84,espace,150000,petrol,renault,yes,21.92
28411,880,coupe,automatic,102,3er,150000,petrol,bmw,no,23.25
28412,650,small car,manual,60,corsa,150000,petrol,opel,no,21.58
28413,6000,limousine,manual,150,golf,150000,petrol,volkswagen,no,13.25
28414,650,limousine,manual,90,3_reihe,150000,diesel,peugeot,no,22.17
28418,699,small car,manual,54,micra,150000,petrol,nissan,yes,18.0
28420,1690,limousine,automatic,122,c_klasse,150000,petrol,mercedes_benz,no,19.92
28421,5250,station wagon,automatic,163,3er,150000,diesel,bmw,no,12.33
28422,13199,bus,manual,116,lodgy,20000,petrol,dacia,no,4.58
28424,500,small car,manual,43,twingo,150000,petrol,renault,no,18.75
28426,1850,bus,manual,111,almera,150000,diesel,nissan,no,16.0
28427,6999,limousine,manual,140,leon,100000,diesel,seat,no,10.33
28428,9500,small car,manual,90,polo,40000,diesel,volkswagen,no,5.42
28431,2500,coupe,manual,166,others,80000,petrol,alfa_romeo,yes,14.67
28432,1299,station wagon,manual,84,astra,150000,petrol,opel,no,15.17
28435,4999,station wagon,manual,131,a4,150000,diesel,audi,no,14.17
28436,1000,station wagon,automatic,193,5er,150000,petrol,bmw,no,19.92
28437,3250,small car,manual,109,2_reihe,125000,diesel,peugeot,no,13.75
28440,10000,bus,automatic,150,viano,125000,diesel,mercedes_benz,no,9.92
28442,280,small car,manual,58,twingo,150000,petrol,renault,yes,20.08
28444,4400,small car,manual,80,corsa,150000,petrol,opel,no,11.17
28445,1000,station wagon,automatic,230,others,150000,petrol,saab,yes,18.17
28446,6500,coupe,manual,140,astra,125000,petrol,opel,no,12.75
28447,58200,suv,automatic,245,cayenne,80000,diesel,porsche,no,6.67
28449,3650,station wagon,manual,131,passat,150000,diesel,volkswagen,no,14.08
28450,10900,coupe,manual,116,c_reihe,90000,diesel,volvo,no,5.08
28452,2900,limousine,manual,77,punto,125000,petrol,fiat,no,9.5
28453,12900,bus,manual,151,transporter,150000,diesel,volkswagen,no,18.0
28454,1500,station wagon,manual,90,golf,150000,diesel,volkswagen,no,23.92
28455,4490,cabrio,manual,135,megane,150000,lpg,renault,no,13.33
28456,9400,station wagon,manual,90,fabia,80000,diesel,skoda,no,6.25
28458,300,small car,manual,54,corsa,150000,petrol,opel,yes,20.75
28460,1999,others,manual,101,astra,80000,petrol,opel,no,17.0
28462,14000,limousine,automatic,140,golf,100000,diesel,volkswagen,no,7.92
28464,4400,bus,manual,105,transporter,150000,diesel,volkswagen,no,16.0
28466,7500,station wagon,automatic,143,a4,150000,diesel,audi,no,10.92
28467,14000,suv,automatic,239,q7,60000,diesel,audi,no,9.92
28468,10900,suv,manual,231,x_reihe,150000,petrol,bmw,no,14.5
28469,2750,coupe,manual,158,4_reihe,150000,petrol,peugeot,no,15.33
28470,12500,limousine,automatic,197,5er,150000,diesel,bmw,no,9.25
28471,400,small car,manual,60,corsa,150000,petrol,opel,no,18.5
28472,7300,limousine,manual,170,a6,150000,lpg,audi,no,14.25
28473,5900,limousine,manual,140,golf,150000,petrol,volkswagen,no,11.58
28474,23000,small car,manual,379,golf,10000,petrol,volkswagen,no,35.75
28475,1650,station wagon,automatic,115,a6,150000,petrol,audi,no,24.0
28477,8690,limousine,automatic,140,a3,150000,diesel,audi,no,11.75
28478,6950,small car,manual,60,polo,50000,petrol,volkswagen,no,9.83
28479,1200,station wagon,manual,125,passat,150000,petrol,volkswagen,no,21.0
28480,799,small car,automatic,88,others,125000,petrol,citroen,no,22.83
28483,12400,cabrio,automatic,192,3er,125000,petrol,bmw,no,16.25
28484,2650,limousine,automatic,125,passat,90000,petrol,volkswagen,no,20.33
28485,13500,limousine,manual,165,astra,60000,diesel,opel,no,5.58
28490,29250,limousine,manual,179,a3,20000,petrol,audi,no,3.17
28491,5500,suv,manual,165,x_trail,150000,petrol,nissan,no,15.08
28492,3399,bus,manual,135,others,150000,petrol,renault,no,12.5
28494,1250,limousine,manual,101,a4,30000,petrol,audi,no,23.67
28495,6000,limousine,automatic,184,x_reihe,150000,diesel,bmw,no,16.83
28496,14500,limousine,automatic,260,a8,125000,petrol,audi,no,14.0
28498,3500,small car,manual,131,others,150000,diesel,fiat,no,12.83
28500,800,station wagon,automatic,116,vectra,150000,petrol,opel,yes,19.17
28501,2300,station wagon,automatic,140,passat,150000,diesel,volkswagen,yes,14.0
28502,26500,cabrio,automatic,320,911,150000,petrol,porsche,no,15.42
28503,8250,station wagon,manual,170,a4,150000,diesel,audi,no,11.58
28504,1089,limousine,manual,80,stilo,150000,petrol,fiat,no,15.92
28505,12300,limousine,manual,200,a3,125000,petrol,audi,no,8.33
28515,19900,cabrio,automatic,300,911,150000,petrol,porsche,no,19.17
28516,3750,station wagon,manual,109,3_reihe,150000,diesel,peugeot,no,12.08
28517,7900,limousine,manual,105,a3,150000,diesel,audi,no,8.83
28518,20900,station wagon,manual,190,a4,125000,diesel,audi,no,7.17
28520,1200,limousine,automatic,141,others,150000,petrol,chevrolet,no,19.75
28521,1975,small car,manual,60,fiesta,150000,petrol,ford,no,13.75
28522,1950,limousine,manual,116,3er,150000,petrol,bmw,no,17.83
28523,750,limousine,manual,60,polo,150000,petrol,volkswagen,no,20.25
28524,2000,station wagon,manual,120,vectra,150000,diesel,opel,no,14.25
28525,7950,bus,automatic,95,b_klasse,100000,petrol,mercedes_benz,no,12.08
28527,12499,suv,manual,110,qashqai,90000,diesel,nissan,no,7.58
28531,7400,limousine,automatic,129,e_klasse,150000,diesel,mercedes_benz,no,10.5
28533,1799,coupe,manual,136,clk,150000,petrol,mercedes_benz,no,20.25
28534,650,limousine,manual,90,a3,150000,diesel,audi,no,18.25
28536,8699,bus,manual,136,others,150000,diesel,volkswagen,no,10.0
28537,1500,limousine,manual,126,6_reihe,150000,petrol,mazda,yes,17.08
28539,3950,suv,automatic,163,grand,150000,diesel,jeep,no,16.25
28540,6999,station wagon,automatic,166,5er,150000,diesel,bmw,no,14.75
28541,45900,coupe,automatic,355,911,100000,petrol,porsche,no,10.17
28542,8999,bus,manual,114,berlingo,125000,diesel,citroen,no,5.25
28543,6150,limousine,automatic,204,s_klasse,150000,diesel,mercedes_benz,no,14.75
28544,950,small car,manual,58,twingo,125000,petrol,renault,no,11.33
28547,9900,limousine,manual,150,3er,150000,diesel,bmw,no,14.33
28549,3100,station wagon,manual,131,passat,150000,diesel,volkswagen,no,17.33
28550,2300,small car,manual,75,polo,150000,diesel,volkswagen,no,16.58
28552,8650,limousine,manual,122,1er,125000,diesel,bmw,no,13.0
28553,2900,small car,manual,75,clio,150000,petrol,renault,no,19.58
28554,28500,limousine,automatic,258,x_reihe,150000,diesel,bmw,no,6.75
28555,1500,station wagon,automatic,140,v70,150000,petrol,volvo,no,21.5
28556,1199,small car,manual,60,polo,70000,petrol,volkswagen,no,19.58
28557,10500,limousine,manual,129,3er,125000,petrol,bmw,no,12.75
28560,52000,coupe,automatic,450,others,60000,petrol,audi,no,6.83
28561,12100,cabrio,manual,174,cooper,100000,petrol,mini,yes,9.58
28562,7800,station wagon,manual,179,a6,150000,diesel,audi,no,12.08
28565,5300,limousine,automatic,75,golf,40000,petrol,volkswagen,no,21.25
28566,2250,station wagon,automatic,170,c_klasse,150000,petrol,mercedes_benz,no,19.17
28567,5450,limousine,manual,105,golf,150000,diesel,volkswagen,no,12.83
28569,4990,small car,manual,90,corsa,125000,petrol,opel,no,10.33
28572,1999,limousine,automatic,125,vectra,125000,diesel,opel,no,16.5
28573,850,limousine,manual,98,carisma,150000,petrol,mitsubishi,no,18.17
28574,17900,suv,automatic,186,others,70000,diesel,hyundai,no,6.58
28576,39900,bus,manual,140,transporter,90000,diesel,volkswagen,no,8.25
28578,10999,cabrio,manual,163,slk,100000,petrol,mercedes_benz,no,14.83
28579,4200,limousine,manual,143,3er,150000,petrol,bmw,no,15.92
28581,1400,small car,manual,75,clio,5000,petrol,renault,no,14.33
28582,1600,limousine,automatic,101,golf,150000,petrol,volkswagen,yes,18.75
28583,950,station wagon,manual,71,astra,150000,petrol,opel,no,23.75
28585,7490,small car,manual,120,2_reihe,150000,petrol,peugeot,no,26.17
28587,4990,suv,manual,88,g_klasse,150000,diesel,mercedes_benz,no,33.25
28589,1000,station wagon,manual,68,polo,150000,diesel,volkswagen,yes,18.0
28590,3000,cabrio,manual,136,2_reihe,150000,petrol,peugeot,no,16.83
28591,7100,small car,manual,101,a3,125000,petrol,audi,no,11.67
28592,1850,small car,manual,75,clio,100000,petrol,renault,no,15.83
28595,57800,coupe,manual,355,911,50000,petrol,porsche,no,10.58
28596,5285,small car,manual,60,corsa,80000,petrol,opel,no,11.92
28597,9500,limousine,manual,129,3er,60000,petrol,bmw,no,12.75
28598,14750,coupe,automatic,224,others,150000,diesel,mercedes_benz,no,10.08
28600,13900,limousine,automatic,355,x_reihe,150000,petrol,bmw,yes,11.0
28603,1900,limousine,manual,75,golf,150000,petrol,volkswagen,no,20.92
28604,5000,bus,manual,150,zafira,150000,diesel,opel,no,11.17
28605,400,limousine,manual,144,omega,150000,petrol,opel,no,17.58
28607,2490,cabrio,manual,109,2_reihe,150000,petrol,peugeot,no,15.83
28609,1350,small car,manual,82,clio,150000,diesel,renault,no,16.0
28610,9950,limousine,manual,177,3er,150000,diesel,bmw,no,10.5
28611,7300,coupe,automatic,170,clk,125000,diesel,mercedes_benz,no,16.83
28612,7500,station wagon,manual,110,astra,100000,diesel,opel,no,10.92
28614,20200,limousine,manual,250,focus,50000,petrol,ford,no,5.75
28616,1000,limousine,manual,101,a4,150000,petrol,audi,no,19.08
28618,3200,suv,manual,160,outlander,150000,lpg,mitsubishi,yes,15.0
28621,13900,cabrio,automatic,231,3er,125000,petrol,bmw,no,12.33
28622,19880,station wagon,automatic,170,passat,150000,diesel,volkswagen,no,7.42
28625,2390,bus,manual,78,transporter,150000,diesel,volkswagen,no,23.0
28626,5000,bus,automatic,145,galaxy,150000,lpg,ford,no,19.08
28627,1299,small car,manual,98,clio,90000,petrol,renault,no,17.33
28628,32500,bus,automatic,177,alhambra,30000,diesel,seat,no,4.92
28629,3850,limousine,manual,75,polo,125000,petrol,volkswagen,no,13.08
28630,3200,limousine,manual,116,golf,150000,diesel,volkswagen,no,17.33
28631,3999,station wagon,manual,120,3er,150000,diesel,bmw,no,15.5
28632,800,limousine,manual,75,astra,150000,petrol,opel,no,22.67
28634,12900,small car,manual,101,fiesta,30000,petrol,ford,no,4.67
28635,1499,station wagon,manual,116,mondeo,150000,petrol,ford,no,17.33
28637,950,limousine,manual,101,3er,150000,petrol,bmw,no,24.83
28639,4399,limousine,automatic,82,a_klasse,80000,petrol,mercedes_benz,no,14.33
28640,9300,limousine,automatic,204,e_klasse,150000,diesel,mercedes_benz,no,13.42
28641,8000,coupe,automatic,150,clk,150000,diesel,mercedes_benz,no,10.5
28642,14900,suv,automatic,224,touareg,150000,diesel,volkswagen,no,11.17
28643,10900,limousine,manual,170,c_klasse,150000,diesel,mercedes_benz,no,10.5
28644,900,limousine,manual,114,laguna,150000,petrol,renault,no,20.25
28646,1500,small car,manual,58,corsa,150000,petrol,opel,no,15.08
28647,19500,coupe,automatic,170,3er,90000,petrol,bmw,no,8.08
28648,5550,station wagon,manual,109,2_reihe,125000,diesel,peugeot,no,10.67
28649,5999,limousine,manual,111,megane,50000,petrol,renault,no,11.25
28650,5690,limousine,manual,122,golf,150000,petrol,volkswagen,no,10.67
28651,6000,limousine,automatic,333,7er,150000,petrol,bmw,no,16.83
28653,11999,station wagon,manual,239,a4,150000,diesel,audi,no,9.75
28654,6999,station wagon,manual,163,3er,150000,diesel,bmw,no,12.67
28655,4800,station wagon,manual,109,3_reihe,150000,diesel,peugeot,no,10.92
28656,1100,coupe,manual,133,others,150000,petrol,honda,no,20.5
28657,1600,small car,manual,75,corsa,70000,petrol,opel,no,17.25
28658,12750,suv,automatic,190,m_klasse,150000,diesel,mercedes_benz,no,11.25
28659,6150,cabrio,manual,109,2_reihe,150000,diesel,peugeot,no,9.33
28662,3750,small car,manual,68,aygo,125000,petrol,toyota,no,11.0
28664,11900,station wagon,manual,125,astra,125000,diesel,opel,no,7.58
28665,12300,limousine,manual,265,1er,150000,petrol,bmw,no,13.83
28666,1000,small car,manual,120,polo,150000,petrol,volkswagen,yes,20.0
28667,750,small car,manual,54,corsa,125000,petrol,opel,no,18.33
28668,1300,limousine,manual,75,focus,150000,petrol,ford,no,19.67
28669,5990,limousine,manual,101,focus,90000,petrol,ford,no,10.42
28671,4550,station wagon,automatic,150,laguna,125000,diesel,renault,yes,10.83
28672,1990,limousine,automatic,230,others,150000,petrol,saab,no,19.0
28674,2750,small car,manual,116,beetle,125000,petrol,volkswagen,no,19.92
28675,29500,limousine,manual,196,delta,100000,petrol,lancia,no,26.17
28676,3650,bus,manual,101,zafira,125000,petrol,opel,no,14.75
28677,15800,limousine,manual,110,golf,5000,petrol,volkswagen,no,4.0
28678,9999,station wagon,manual,105,golf,150000,diesel,volkswagen,no,6.67
28680,2500,station wagon,manual,80,fabia,150000,petrol,skoda,no,11.92
28681,2650,small car,automatic,33,fortwo,125000,diesel,smart,no,16.83
28683,3999,limousine,manual,95,a_klasse,150000,diesel,mercedes_benz,no,13.42
28684,7850,limousine,manual,122,golf,125000,petrol,volkswagen,no,9.92
28685,1250,station wagon,automatic,143,e_klasse,150000,diesel,mercedes_benz,no,18.0
28686,4450,limousine,automatic,231,5er,150000,petrol,bmw,no,18.92
28687,250,limousine,manual,113,3er,150000,petrol,bmw,yes,22.17
28688,6500,limousine,manual,69,ibiza,60000,petrol,seat,no,8.42
28691,2299,small car,manual,105,polo,125000,petrol,volkswagen,yes,8.58
28693,550,limousine,manual,67,3_reihe,150000,petrol,mazda,no,26.5
28694,450,small car,manual,56,corsa,150000,petrol,opel,yes,14.33
28695,2700,limousine,automatic,150,5er,125000,petrol,bmw,no,19.5
28696,9300,limousine,manual,160,insignia,150000,diesel,opel,no,9.42
28697,1300,small car,manual,75,corsa,125000,petrol,opel,no,16.17
28700,6250,cabrio,manual,163,a4,150000,diesel,audi,no,16.92
28702,699,small car,manual,60,polo,150000,petrol,volkswagen,yes,21.33
28704,2400,limousine,automatic,133,c5,150000,diesel,citroen,no,15.42
28705,2400,limousine,manual,75,golf,150000,petrol,volkswagen,no,17.67
28706,16600,suv,manual,129,grand,125000,diesel,suzuki,no,7.92
28710,19999,coupe,manual,200,others,150000,petrol,nissan,no,19.25
28711,4500,coupe,manual,129,c_klasse,60000,petrol,mercedes_benz,no,17.25
28714,1200,station wagon,manual,101,astra,150000,petrol,opel,no,19.5
28715,3300,bus,manual,84,transporter,150000,petrol,volkswagen,yes,25.0
28717,2850,limousine,manual,163,c_klasse,150000,petrol,mercedes_benz,no,16.17
28720,7850,small car,manual,69,picanto,20000,petrol,kia,no,4.17
28721,3250,cabrio,manual,95,others,80000,petrol,ford,no,15.33
28722,1999,station wagon,manual,116,v40,150000,petrol,volvo,no,19.83
28723,3999,cabrio,manual,109,2_reihe,100000,petrol,peugeot,no,13.75
28724,13900,station wagon,automatic,190,e_klasse,150000,diesel,mercedes_benz,no,10.33
28725,5700,bus,automatic,170,touran,150000,diesel,volkswagen,yes,11.25
28726,235,small car,manual,69,polo,40000,petrol,volkswagen,no,5.92
28727,6000,small car,manual,102,a_klasse,100000,petrol,mercedes_benz,no,18.42
28731,5000,bus,manual,68,transporter,150000,diesel,volkswagen,no,23.33
28732,15800,cabrio,manual,184,clk,80000,petrol,mercedes_benz,no,10.42
28733,11890,coupe,manual,218,3er,150000,petrol,bmw,no,13.0
28734,4950,bus,manual,150,golf,90000,petrol,volkswagen,yes,12.58
28735,6350,small car,manual,60,fiesta,50000,petrol,ford,yes,7.5
28738,500,coupe,manual,125,others,150000,petrol,ford,yes,20.5
28739,1200,limousine,automatic,75,astra,150000,petrol,opel,no,21.33
28740,3950,station wagon,manual,110,others,150000,diesel,ford,no,11.33
28741,600,bus,manual,150,others,150000,petrol,mitsubishi,no,18.17
28744,1599,small car,manual,58,twingo,150000,petrol,renault,no,17.42
28745,900,small car,manual,60,punto,150000,petrol,fiat,no,21.42
28747,5500,limousine,automatic,144,3er,125000,petrol,bmw,no,14.67
28749,11890,limousine,manual,140,a3,100000,diesel,audi,no,8.08
28750,11800,limousine,manual,177,3er,125000,diesel,bmw,no,10.67
28751,4300,limousine,automatic,184,x_reihe,150000,diesel,bmw,yes,16.58
28752,4900,bus,manual,173,others,150000,diesel,renault,no,12.67
28753,23900,limousine,automatic,109,a_klasse,30000,diesel,mercedes_benz,no,4.42
28754,3600,limousine,manual,140,golf,150000,diesel,volkswagen,no,13.58
28755,3850,small car,manual,80,polo,150000,petrol,volkswagen,no,11.92
28756,6250,limousine,manual,116,golf,125000,petrol,volkswagen,no,12.75
28757,2700,limousine,manual,170,3er,150000,petrol,bmw,no,17.25
28758,1450,small car,manual,60,fiesta,150000,petrol,ford,no,19.83
28761,8000,limousine,manual,177,5er,150000,diesel,bmw,no,11.25
28763,2150,limousine,automatic,165,a6,150000,petrol,audi,no,20.75
28764,9900,bus,manual,122,golf,60000,petrol,volkswagen,no,7.17
28766,1950,small car,automatic,54,fortwo,150000,petrol,smart,no,19.75
28767,700,station wagon,manual,116,mondeo,150000,petrol,ford,no,21.0
28768,8300,station wagon,manual,150,a4,150000,diesel,audi,no,13.58
28769,250,small car,manual,55,golf,150000,petrol,volkswagen,yes,22.83
28770,2500,small car,manual,69,justy,150000,petrol,subaru,no,10.75
28771,1650,limousine,manual,88,3_reihe,125000,petrol,mazda,no,18.25
28772,800,others,manual,64,others,150000,diesel,seat,no,22.17
28774,3200,bus,automatic,131,galaxy,150000,diesel,ford,no,16.08
28777,11499,station wagon,automatic,224,a6,125000,diesel,audi,no,13.42
28778,2800,cabrio,manual,107,megane,90000,petrol,renault,no,17.0
28780,700,limousine,manual,90,80,150000,petrol,audi,no,24.92
28781,24500,cabrio,automatic,306,sl,90000,petrol,mercedes_benz,no,14.17
28782,15000,others,manual,136,others,150000,diesel,mercedes_benz,no,20.58
28783,999,station wagon,manual,84,others,150000,diesel,peugeot,no,13.58
28784,799,station wagon,manual,90,others,150000,petrol,daihatsu,no,19.33
28786,2800,small car,manual,136,2_reihe,125000,petrol,peugeot,no,17.17
28787,22250,suv,manual,136,others,10000,diesel,opel,no,3.75
28790,1099,small car,manual,75,lupo,150000,petrol,volkswagen,no,21.0
28791,1699,small car,manual,64,polo,150000,petrol,volkswagen,no,16.92
28793,9999,limousine,manual,101,focus,70000,petrol,ford,no,8.67
28794,2590,station wagon,manual,131,passat,150000,diesel,volkswagen,no,17.83
28797,950,station wagon,manual,75,others,150000,petrol,citroen,no,22.92
28798,34700,suv,automatic,211,gl,125000,diesel,mercedes_benz,no,6.42
28799,1690,small car,manual,75,2_reihe,125000,petrol,peugeot,no,15.08
28800,31000,suv,automatic,190,m_klasse,90000,diesel,mercedes_benz,no,10.92
28803,8490,limousine,manual,116,1er,150000,diesel,bmw,no,8.08
28804,3950,limousine,manual,75,golf,150000,petrol,volkswagen,no,13.5
28805,1400,limousine,manual,90,bora,150000,diesel,volkswagen,yes,19.5
28806,4750,bus,manual,88,note,90000,petrol,nissan,no,7.58
28807,6200,small car,manual,101,yaris,90000,petrol,toyota,no,9.92
28808,5499,small car,manual,69,panda,100000,diesel,fiat,no,12.58
28811,3699,small car,manual,58,twingo,90000,petrol,renault,no,9.83
28813,1100,small car,manual,50,polo,150000,petrol,volkswagen,no,17.75
28814,900,station wagon,manual,131,mondeo,150000,petrol,ford,yes,16.67
28815,3400,station wagon,manual,101,golf,150000,diesel,volkswagen,no,15.25
28817,2490,station wagon,manual,116,focus,90000,petrol,ford,no,14.75
28818,1000,limousine,manual,150,others,150000,petrol,rover,no,19.92
28819,790,small car,manual,58,clio,150000,petrol,renault,no,20.83
28820,800,limousine,automatic,150,others,150000,petrol,saab,no,17.67
28822,2850,limousine,manual,140,a_klasse,150000,petrol,mercedes_benz,no,16.58
28823,6385,cabrio,manual,147,astra,100000,petrol,opel,no,13.25
28824,12500,suv,manual,190,discovery,100000,diesel,land_rover,no,12.92
28827,3750,bus,manual,125,meriva,80000,petrol,opel,no,15.58
28829,33000,suv,automatic,231,m_klasse,100000,diesel,mercedes_benz,no,7.5
28830,17800,limousine,automatic,235,golf,80000,petrol,volkswagen,no,6.92
28831,2500,limousine,manual,110,toledo,150000,diesel,seat,no,16.08
28835,800,limousine,manual,125,a3,150000,petrol,audi,no,21.75
28836,799,small car,automatic,54,fortwo,100000,petrol,smart,no,16.08
28838,12799,station wagon,automatic,197,5er,150000,diesel,bmw,no,10.25
28841,22450,station wagon,automatic,125,focus,5000,petrol,ford,no,4.0
28842,6500,limousine,automatic,143,e_klasse,150000,diesel,mercedes_benz,yes,14.25
28843,2350,station wagon,manual,140,v70,150000,cng,volvo,no,16.67
28844,1500,station wagon,automatic,279,e_klasse,150000,petrol,mercedes_benz,no,21.5
28845,15999,limousine,manual,136,e_klasse,90000,diesel,mercedes_benz,no,9.0
28847,2100,limousine,manual,125,a4,150000,petrol,audi,no,18.08
28848,3500,limousine,automatic,143,c_klasse,150000,diesel,mercedes_benz,no,15.0
28849,499,limousine,manual,110,others,150000,petrol,citroen,yes,18.08
28850,3600,bus,automatic,204,others,150000,lpg,citroen,no,15.42
28851,850,small car,manual,45,polo,150000,petrol,volkswagen,no,21.83
28852,9428,station wagon,manual,170,a3,150000,diesel,audi,no,10.17
28853,24000,limousine,automatic,177,q3,70000,diesel,audi,no,5.42
28855,1000,limousine,manual,125,a4,150000,petrol,audi,no,23.0
28857,350,station wagon,manual,115,vectra,150000,petrol,opel,no,21.67
28859,7777,limousine,automatic,177,e_klasse,125000,petrol,mercedes_benz,no,16.42
28864,750,limousine,manual,101,vectra,150000,petrol,opel,no,21.58
28866,600,station wagon,manual,115,mondeo,150000,petrol,ford,no,20.58
28868,5700,station wagon,manual,116,vito,150000,diesel,mercedes_benz,no,10.25
28871,799,small car,manual,54,corsa,150000,petrol,opel,no,21.25
28872,3500,small car,manual,86,ibiza,90000,petrol,seat,no,12.83
28874,1500,limousine,manual,90,golf,150000,petrol,volkswagen,no,25.33
28875,250,small car,manual,60,polo,150000,petrol,volkswagen,yes,21.5
28877,14700,limousine,manual,160,a4,70000,petrol,audi,no,9.17
28880,1950,bus,manual,79,others,150000,petrol,toyota,no,33.58
28881,4700,bus,manual,129,verso,150000,petrol,toyota,no,11.33
28883,2499,small car,manual,58,corsa,60000,petrol,opel,yes,17.42
28884,800,small car,manual,75,golf,150000,petrol,volkswagen,no,20.67
28885,1800,small car,manual,58,clio,150000,petrol,renault,no,16.67
28886,6900,limousine,automatic,105,golf,125000,petrol,volkswagen,yes,12.5
28887,2800,small car,automatic,73,c2,80000,petrol,citroen,no,13.5
28888,16300,coupe,automatic,177,a5,100000,diesel,audi,no,8.0
28889,5250,station wagon,manual,105,caddy,5000,diesel,volkswagen,no,14.58
28890,8500,cabrio,manual,102,beetle,125000,petrol,volkswagen,no,13.83
28893,8800,cabrio,manual,122,eos,80000,petrol,volkswagen,no,10.33
28894,3200,limousine,manual,110,leon,150000,diesel,seat,no,14.83
28896,6000,small car,manual,60,up,90000,petrol,volkswagen,no,6.33
28897,20900,cabrio,manual,184,slk,30000,petrol,mercedes_benz,no,8.5
28900,2300,limousine,manual,116,a_klasse,125000,petrol,mercedes_benz,yes,13.17
28902,1100,small car,manual,54,corsa,150000,petrol,opel,no,19.33
28903,19600,station wagon,automatic,203,v60,80000,petrol,volvo,no,7.08
28904,2300,limousine,manual,90,golf,150000,petrol,volkswagen,no,32.0
28905,5600,limousine,manual,143,1er,150000,diesel,bmw,no,11.42
28906,6450,limousine,manual,116,focus,70000,petrol,ford,no,11.58
28907,8900,limousine,manual,86,golf,100000,petrol,volkswagen,no,6.17
28909,24900,cabrio,automatic,184,cooper,10000,petrol,mini,no,6.5
28910,8490,bus,manual,102,transporter,150000,diesel,volkswagen,no,12.42
28911,1999,limousine,manual,118,3er,150000,diesel,bmw,no,20.92
28912,650,limousine,manual,125,a3,150000,petrol,audi,no,20.17
28913,16600,bus,manual,109,b_klasse,60000,diesel,mercedes_benz,no,7.92
28914,6900,station wagon,automatic,140,golf,150000,diesel,volkswagen,no,9.25
28915,1600,coupe,manual,105,3er,150000,petrol,bmw,no,18.0
28916,14999,coupe,manual,200,tt,150000,petrol,audi,no,11.25
28917,9299,limousine,manual,129,3er,50000,petrol,bmw,no,11.08
28918,1400,station wagon,manual,101,focus,150000,petrol,ford,no,18.17
28920,1000,limousine,manual,136,vectra,150000,petrol,opel,no,18.08
28923,4350,small car,manual,95,forfour,50000,petrol,smart,no,14.67
28924,2600,limousine,manual,160,others,150000,petrol,rover,no,42.58
28925,4490,limousine,manual,179,a4,150000,diesel,audi,no,17.75
28927,2500,station wagon,manual,143,3er,150000,petrol,bmw,no,15.5
28928,5000,small car,manual,150,golf,150000,petrol,volkswagen,no,19.92
28929,500,station wagon,manual,101,vectra,150000,petrol,opel,no,19.33
28931,1699,station wagon,manual,75,cordoba,125000,petrol,seat,no,16.42
28932,3999,station wagon,manual,109,3_reihe,150000,diesel,peugeot,no,11.92
28933,16999,limousine,automatic,192,5er,150000,petrol,bmw,no,14.5
28934,1750,bus,manual,69,others,150000,diesel,fiat,no,14.33
28935,5200,bus,manual,114,others,150000,diesel,renault,no,10.83
28936,800,small car,manual,72,fiesta,150000,petrol,ford,no,19.58
28937,1444,limousine,manual,101,others,150000,diesel,mercedes_benz,no,21.42
28938,14500,limousine,manual,128,ceed,20000,diesel,kia,no,3.33
28940,2700,cabrio,manual,88,3_reihe,150000,petrol,peugeot,no,19.42
28941,900,limousine,manual,75,astra,150000,petrol,opel,no,19.25
28943,1200,limousine,manual,75,golf,150000,petrol,volkswagen,no,24.58
28945,18950,suv,automatic,239,others,100000,petrol,toyota,no,11.67
28946,3900,limousine,manual,125,mondeo,150000,petrol,ford,no,14.58
28947,3300,limousine,manual,170,3er,150000,petrol,bmw,no,20.0
28949,24650,limousine,automatic,239,q7,100000,diesel,audi,no,10.5
28950,9500,limousine,manual,160,superb,125000,petrol,skoda,no,9.75
28951,799,small car,manual,60,punto,125000,petrol,fiat,no,15.92
28952,2222,station wagon,manual,125,astra,150000,diesel,opel,no,15.5
28953,11250,cabrio,manual,150,z_reihe,150000,petrol,bmw,no,12.0
28956,5500,small car,manual,95,2_reihe,20000,petrol,peugeot,no,10.83
28958,1998,limousine,manual,75,golf,150000,petrol,volkswagen,no,20.5
28959,34950,station wagon,manual,190,a6,40000,diesel,audi,no,4.75
28960,3450,small car,manual,58,twingo,50000,petrol,renault,no,9.08
28961,20000,bus,automatic,156,others,150000,lpg,toyota,no,9.25
28965,4300,station wagon,manual,140,a4,150000,diesel,audi,yes,13.67
28966,800,station wagon,manual,125,vectra,150000,diesel,opel,yes,17.67
28967,3650,small car,manual,59,clio,60000,petrol,renault,no,15.42
28968,600,station wagon,manual,75,focus,150000,diesel,ford,yes,17.25
28969,27000,station wagon,automatic,150,mondeo,30000,diesel,ford,no,5.0
28970,17500,suv,manual,136,sportage,60000,diesel,kia,no,5.75
28971,400,limousine,manual,125,c_klasse,150000,petrol,mercedes_benz,yes,23.42
28974,7700,limousine,manual,116,1er,150000,diesel,bmw,no,9.5
28975,300,limousine,manual,55,3_reihe,150000,petrol,peugeot,no,21.17
28977,25000,limousine,manual,120,c_klasse,100000,diesel,mercedes_benz,no,7.92
28978,6000,limousine,manual,122,1er,150000,diesel,bmw,yes,13.83
28979,300,limousine,manual,75,golf,150000,petrol,volkswagen,yes,22.17
28980,7300,limousine,manual,120,others,100000,petrol,citroen,no,7.75
28981,200,small car,manual,60,polo,150000,petrol,volkswagen,no,22.0
28982,5000,bus,manual,150,sharan,150000,petrol,volkswagen,no,12.83
28985,1900,limousine,automatic,95,colt,125000,petrol,mitsubishi,no,13.17
28987,1999,suv,manual,128,rav,150000,petrol,toyota,no,21.17
28990,3200,bus,automatic,122,v_klasse,150000,diesel,mercedes_benz,no,18.17
28991,1150,station wagon,manual,122,c_klasse,150000,petrol,mercedes_benz,no,18.33
28993,4999,limousine,automatic,224,phaeton,150000,diesel,volkswagen,yes,12.42
28994,15700,station wagon,automatic,197,3er,125000,diesel,bmw,no,10.42
28996,2999,station wagon,automatic,179,a4,150000,diesel,audi,no,16.75
28998,1000,small car,manual,110,2_reihe,150000,diesel,peugeot,yes,13.0
28999,2800,small car,manual,60,fiesta,150000,petrol,ford,no,10.42
29000,1350,small car,manual,50,lupo,150000,petrol,volkswagen,no,19.58
29001,3700,bus,manual,101,transit,90000,diesel,ford,no,12.58
29003,4800,station wagon,automatic,170,a6,90000,petrol,audi,no,17.0
29005,5800,bus,manual,94,zafira,100000,cng,opel,yes,11.5
29007,800,others,manual,101,focus,150000,petrol,ford,no,19.67
29008,700,station wagon,manual,150,80,150000,petrol,audi,no,26.92
29009,999,limousine,manual,70,jetta,150000,petrol,volkswagen,no,27.17
29011,7300,limousine,manual,122,1er,125000,petrol,bmw,no,9.08
29012,2500,cabrio,manual,109,2_reihe,150000,petrol,peugeot,no,15.5
29015,22000,limousine,manual,184,1er,30000,diesel,bmw,no,4.83
29017,6500,limousine,automatic,122,others,100000,petrol,mercedes_benz,no,27.17
29019,2300,small car,manual,65,micra,125000,petrol,nissan,no,13.5
29020,6490,station wagon,manual,140,a4,150000,diesel,audi,no,12.42
29022,9400,station wagon,manual,132,a6,125000,diesel,audi,no,12.58
29024,7990,station wagon,manual,140,passat,150000,diesel,volkswagen,no,12.17
29025,1300,station wagon,manual,136,c5,150000,diesel,citroen,yes,14.92
29026,950,limousine,manual,140,others,150000,petrol,nissan,no,21.75
29027,13590,bus,manual,125,c_max,30000,petrol,ford,no,4.08
29028,4499,bus,manual,145,transit,150000,petrol,ford,no,11.0
29032,850,small car,manual,50,arosa,150000,petrol,seat,yes,16.83
29035,2000,station wagon,automatic,125,passat,150000,petrol,volkswagen,no,20.17
29037,1900,station wagon,manual,150,80,150000,petrol,audi,yes,24.33
29038,2500,small car,manual,60,modus,125000,petrol,renault,no,12.0
29040,11450,limousine,manual,101,i_reihe,10000,petrol,hyundai,no,3.83
29041,1000,small car,manual,60,fiesta,150000,petrol,ford,no,18.17
29042,6990,coupe,automatic,204,others,150000,petrol,mercedes_benz,no,36.0
29043,4699,station wagon,automatic,163,a4,150000,diesel,audi,no,16.17
29044,3899,others,manual,84,kangoo,150000,diesel,renault,no,12.17
29046,500,small car,manual,60,polo,150000,petrol,volkswagen,no,19.58
29049,23000,limousine,automatic,235,s_klasse,150000,diesel,mercedes_benz,no,8.25
29050,8750,small car,manual,95,fiesta,30000,diesel,ford,no,6.42
29051,749,small car,manual,54,twingo,150000,petrol,renault,no,23.92
29052,1099,limousine,manual,116,golf,150000,petrol,volkswagen,no,24.58
29054,4499,small car,manual,75,clio,60000,petrol,renault,no,9.83
29055,23500,limousine,manual,136,1er,20000,petrol,bmw,no,4.83
29056,42500,cabrio,automatic,355,911,125000,petrol,porsche,no,13.58
29057,1150,bus,manual,72,others,150000,petrol,mazda,no,18.17
29058,1800,station wagon,manual,116,80,150000,petrol,audi,no,25.67
29059,6300,station wagon,manual,140,passat,150000,diesel,volkswagen,no,10.33
29060,12300,limousine,manual,122,golf,70000,petrol,volkswagen,no,8.58
29061,2250,limousine,manual,75,astra,150000,diesel,opel,no,19.0
29062,2999,limousine,manual,105,3er,150000,petrol,bmw,no,19.42
29064,5500,limousine,automatic,193,5er,150000,petrol,bmw,no,19.42
29066,1800,station wagon,manual,116,mondeo,150000,diesel,ford,no,16.17
29067,4400,limousine,manual,80,golf,125000,petrol,volkswagen,no,12.5
29069,21995,bus,manual,136,vito,100000,diesel,mercedes_benz,no,6.42
29070,2222,station wagon,manual,75,logan,125000,petrol,dacia,no,11.67
29072,1800,small car,manual,96,a_klasse,150000,petrol,mercedes_benz,no,17.08
29073,3500,station wagon,manual,136,focus,150000,diesel,ford,no,11.42
29074,3300,suv,manual,173,grand,150000,petrol,suzuki,no,16.25
29078,10499,cabrio,manual,126,mx_reihe,30000,petrol,mazda,no,12.5
29080,6550,limousine,manual,95,one,90000,petrol,mini,no,12.0
29082,390,coupe,manual,90,megane,150000,petrol,renault,no,21.92
29085,2950,bus,manual,101,others,150000,diesel,citroen,no,10.75
29086,9500,coupe,manual,179,tt,150000,petrol,audi,no,12.42
29087,3650,small car,manual,69,others,125000,petrol,toyota,no,9.33
29089,1800,cabrio,automatic,54,fortwo,150000,petrol,smart,no,18.42
29090,25900,station wagon,automatic,184,5er,125000,diesel,bmw,no,6.67
29092,3750,limousine,manual,116,3er,150000,petrol,bmw,no,16.17
29093,5500,limousine,manual,118,others,150000,petrol,mercedes_benz,no,30.92
29097,5990,small car,automatic,71,fortwo,20000,petrol,smart,no,6.92
29098,2790,bus,manual,143,voyager,150000,diesel,chrysler,no,15.58
29099,1699,limousine,manual,120,laguna,150000,diesel,renault,no,17.0
29100,1099,cabrio,manual,105,escort,150000,petrol,ford,no,23.08
29102,13300,cabrio,manual,122,eos,70000,petrol,volkswagen,no,8.42
29103,1250,limousine,manual,75,golf,150000,petrol,volkswagen,no,20.25
29104,2600,limousine,manual,170,3er,150000,petrol,bmw,no,16.33
29105,550,small car,manual,75,clio,150000,petrol,renault,no,17.25
29106,32500,suv,automatic,245,q5,80000,diesel,audi,no,6.75
29107,9699,station wagon,manual,102,octavia,70000,petrol,skoda,no,7.92
29108,500,station wagon,manual,116,focus,150000,diesel,ford,yes,14.08
29111,1700,suv,manual,118,sportage,125000,petrol,kia,no,16.5
29112,1350,small car,manual,60,corsa,100000,petrol,opel,no,22.5
29113,400,limousine,manual,90,jetta,150000,petrol,volkswagen,yes,23.0
29114,1200,small car,automatic,61,fortwo,125000,petrol,smart,yes,13.83
29115,6400,station wagon,automatic,170,passat,150000,diesel,volkswagen,no,12.75
29116,2600,station wagon,manual,184,3er,150000,diesel,bmw,no,19.0
29117,6900,bus,manual,109,b_klasse,100000,diesel,mercedes_benz,no,11.92
29119,4700,limousine,manual,116,c_klasse,150000,diesel,mercedes_benz,no,16.58
29121,4999,bus,manual,105,touran,150000,diesel,volkswagen,no,12.5
29122,11900,station wagon,automatic,231,others,150000,lpg,mercedes_benz,no,12.0
29123,2450,limousine,manual,105,3er,150000,petrol,bmw,no,19.75
29126,37500,bus,automatic,179,others,80000,diesel,volkswagen,no,7.08
29127,4100,small car,manual,131,polo,150000,diesel,volkswagen,no,12.75
29128,7490,station wagon,manual,38,others,90000,petrol,renault,no,35.0
29130,1800,station wagon,manual,131,mondeo,150000,diesel,ford,no,15.5
29131,6800,station wagon,automatic,197,5er,150000,diesel,bmw,no,11.75
29132,1333,station wagon,manual,101,focus,150000,petrol,ford,no,18.25
29134,1800,coupe,manual,150,3er,150000,petrol,bmw,no,24.83
29135,1850,small car,manual,64,polo,150000,diesel,volkswagen,no,18.75
29136,1400,station wagon,manual,140,primera,150000,petrol,nissan,no,18.42
29137,27499,limousine,automatic,184,3er,30000,petrol,bmw,no,4.5
29138,15500,limousine,manual,105,a3,60000,diesel,audi,no,6.92
29139,4100,limousine,manual,150,a4,150000,petrol,audi,yes,17.0
29140,1600,station wagon,manual,136,astra,150000,petrol,opel,no,19.25
29141,3500,small car,manual,68,c1,125000,petrol,citroen,no,10.42
29147,2249,small car,manual,58,clio,100000,petrol,renault,no,15.75
29150,12999,limousine,manual,105,golf,60000,diesel,volkswagen,no,9.0
29151,2290,limousine,manual,84,astra,150000,petrol,opel,no,15.08
29154,200,small car,manual,58,ka,150000,petrol,ford,yes,22.0
29156,1500,limousine,manual,116,3er,150000,petrol,bmw,no,20.0
29157,14950,limousine,automatic,292,others,100000,petrol,mercedes_benz,no,11.67
29158,3750,cabrio,manual,110,mx_reihe,150000,petrol,mazda,no,19.08
29160,1250,bus,manual,60,others,150000,petrol,peugeot,no,19.83
29161,2590,limousine,manual,75,golf,90000,petrol,volkswagen,no,18.25
29162,3900,small car,manual,88,clio,100000,petrol,renault,no,12.33
29163,4499,station wagon,manual,105,octavia,150000,diesel,skoda,no,14.0
29164,4490,limousine,manual,82,a_klasse,150000,diesel,mercedes_benz,no,12.75
29165,11950,limousine,automatic,224,phaeton,150000,diesel,volkswagen,no,13.25
29166,2800,limousine,manual,118,3er,150000,petrol,bmw,no,18.17
29167,6499,coupe,automatic,192,3er,150000,petrol,bmw,no,17.5
29169,3950,limousine,automatic,105,golf,150000,diesel,volkswagen,no,14.92
29170,2300,station wagon,automatic,116,c_klasse,150000,diesel,mercedes_benz,yes,17.5
29171,7999,limousine,manual,116,1er,125000,petrol,bmw,no,13.25
29174,4800,coupe,manual,143,others,70000,petrol,hyundai,no,13.58
29177,13990,limousine,automatic,207,s_type,125000,diesel,jaguar,no,11.58
29178,4999,station wagon,manual,184,3er,150000,diesel,bmw,no,18.75
29179,7599,small car,manual,95,aveo,70000,diesel,chevrolet,no,8.0
29180,700,bus,manual,113,others,150000,diesel,renault,no,18.08
29181,28800,bus,automatic,174,transporter,150000,diesel,volkswagen,no,12.33
29182,2500,cabrio,manual,192,slk,150000,petrol,mercedes_benz,no,25.92
29185,15300,coupe,manual,190,others,150000,petrol,porsche,no,30.42
29186,9200,cabrio,manual,192,z_reihe,150000,petrol,bmw,no,20.25
29188,4700,cabrio,automatic,136,slk,150000,petrol,mercedes_benz,no,20.0
29190,2999,bus,manual,136,touran,150000,diesel,volkswagen,no,14.17
29192,12500,station wagon,automatic,232,a6,150000,diesel,audi,no,12.67
29194,1599,coupe,manual,163,clk,150000,petrol,mercedes_benz,no,17.08
29196,2600,cabrio,manual,109,2_reihe,150000,petrol,peugeot,no,15.58
29198,2899,small car,automatic,65,yaris,150000,petrol,toyota,no,15.58
29202,1200,cabrio,manual,75,golf,150000,petrol,volkswagen,yes,20.0
29203,4500,small car,manual,105,golf,50000,petrol,volkswagen,no,16.58
29204,7999,limousine,manual,265,impreza,125000,petrol,subaru,yes,13.5
29206,15900,cabrio,manual,95,500,30000,diesel,fiat,no,4.75
29207,6900,limousine,automatic,224,s_klasse,125000,petrol,mercedes_benz,no,19.92
29208,4200,limousine,manual,101,focus,150000,petrol,ford,no,12.67
29210,13680,coupe,manual,122,1er,50000,petrol,bmw,no,6.67
29211,15999,cabrio,manual,126,mx_reihe,50000,petrol,mazda,no,7.0
29212,7000,station wagon,automatic,140,a3,150000,diesel,audi,no,13.42
29213,850,station wagon,manual,75,astra,150000,petrol,opel,no,17.25
29214,19199,cabrio,automatic,211,a5,125000,petrol,audi,no,9.83
29215,6550,station wagon,manual,140,a4,150000,diesel,audi,no,11.25
29216,5500,limousine,manual,211,vectra,150000,petrol,opel,no,15.08
29218,8400,station wagon,manual,120,3_reihe,60000,petrol,peugeot,no,6.33
29219,1350,small car,manual,75,almera,90000,petrol,nissan,no,21.0
29220,13500,small car,manual,184,cooper,50000,petrol,mini,no,8.75
29221,22000,limousine,automatic,272,7er,40000,petrol,bmw,no,16.92
29222,699,station wagon,manual,101,passat,150000,petrol,volkswagen,no,19.75
29223,23499,station wagon,automatic,140,passat,70000,diesel,volkswagen,no,5.08
29224,600,small car,manual,82,clio,150000,diesel,renault,no,15.08
29225,5500,limousine,manual,122,i_reihe,90000,diesel,hyundai,no,10.25
29227,999,station wagon,manual,116,v40,150000,petrol,volvo,no,19.5
29231,13000,station wagon,automatic,160,octavia,50000,petrol,skoda,no,9.17
29233,1350,bus,manual,110,sharan,150000,petrol,volkswagen,yes,21.17
29235,1450,others,manual,101,astra,150000,petrol,opel,no,17.67
29236,1950,limousine,manual,120,laguna,150000,petrol,renault,no,14.33
29240,3900,station wagon,manual,250,ptcruiser,150000,petrol,chrysler,no,14.0
29241,2350,small car,manual,95,lupo,150000,diesel,volkswagen,no,13.33
29242,1550,limousine,automatic,150,3er,150000,petrol,bmw,no,23.25
29243,300,small car,manual,60,fiesta,150000,petrol,ford,no,21.42
29244,15699,limousine,automatic,140,astra,40000,petrol,opel,no,6.92
29245,14900,suv,automatic,194,pajero,150000,diesel,mitsubishi,no,10.58
29247,9499,limousine,manual,160,a3,70000,petrol,audi,no,11.58
29249,9950,cabrio,manual,116,cooper,60000,petrol,mini,no,13.17
29250,1000,small car,manual,75,clio,150000,petrol,renault,no,17.0
29251,5400,small car,automatic,45,fortwo,80000,diesel,smart,no,10.33
29253,19990,suv,automatic,190,others,60000,diesel,nissan,no,8.67
29254,13950,limousine,automatic,136,c_klasse,150000,diesel,mercedes_benz,no,8.25
29256,8200,station wagon,automatic,163,3er,150000,diesel,bmw,no,12.58
29257,4000,limousine,manual,109,i_reihe,125000,petrol,hyundai,yes,8.17
29258,1400,small car,manual,75,clio,150000,petrol,renault,no,14.75
29259,300,small car,manual,55,others,150000,petrol,fiat,yes,21.58
29261,4980,cabrio,manual,150,megane,150000,diesel,renault,no,11.25
29263,8999,cabrio,manual,170,others,60000,petrol,audi,no,15.42
29264,6699,bus,manual,109,b_klasse,150000,diesel,mercedes_benz,no,12.25
29266,50000,coupe,manual,420,911,125000,petrol,porsche,no,17.08
29267,890,small car,manual,85,others,70000,petrol,chevrolet,yes,13.75
29268,3000,small car,manual,75,polo,150000,petrol,volkswagen,no,16.25
29270,850,station wagon,manual,101,vectra,150000,petrol,opel,no,21.92
29272,1899,station wagon,manual,97,corolla,150000,petrol,toyota,no,16.25
29274,3900,bus,manual,77,transporter,60000,diesel,volkswagen,no,24.5
29275,12680,station wagon,manual,147,avensis,90000,petrol,toyota,no,9.0
29276,4800,cabrio,automatic,163,clk,150000,petrol,mercedes_benz,no,17.17
29277,7840,cabrio,manual,224,tt,125000,petrol,audi,no,18.58
29278,6900,bus,manual,71,transporter,150000,petrol,volkswagen,no,44.58
29279,300,small car,manual,55,corsa,150000,petrol,opel,yes,20.58
29280,2500,station wagon,manual,75,fabia,150000,petrol,skoda,no,13.92
29281,1950,station wagon,manual,99,primera,125000,petrol,nissan,no,18.33
29282,600,station wagon,manual,102,c_klasse,150000,petrol,mercedes_benz,yes,20.25
29283,8000,limousine,manual,143,1er,125000,diesel,bmw,no,10.67
29284,3490,limousine,manual,88,clio,150000,petrol,renault,no,12.25
29286,9200,limousine,manual,300,leon,125000,petrol,seat,no,11.58
29287,2000,bus,manual,84,ducato,150000,petrol,fiat,no,28.83
29288,9300,limousine,manual,109,a_klasse,100000,diesel,mercedes_benz,no,7.92
29289,7500,suv,manual,110,others,150000,diesel,ford,no,14.5
29291,9500,coupe,manual,280,others,150000,petrol,nissan,no,15.0
29293,450,small car,manual,75,polo,150000,petrol,volkswagen,yes,24.42
29294,3699,limousine,manual,140,golf,150000,diesel,volkswagen,no,15.83
29296,1350,small car,manual,60,ka,125000,petrol,ford,no,14.58
29297,1050,limousine,manual,130,mondeo,150000,petrol,ford,no,18.25
29298,2200,small car,manual,102,polo,150000,petrol,volkswagen,no,21.92
29299,12000,station wagon,automatic,179,a6,150000,diesel,audi,no,10.42
29300,2700,cabrio,manual,101,golf,125000,petrol,volkswagen,no,18.67
29301,23500,limousine,automatic,245,7er,150000,diesel,bmw,no,9.75
29304,1990,station wagon,manual,90,passat,150000,diesel,volkswagen,no,20.75
29305,5000,bus,manual,128,others,100000,diesel,citroen,yes,12.08
29307,950,small car,manual,60,polo,150000,petrol,volkswagen,no,21.42
29308,1200,limousine,manual,102,3er,150000,petrol,bmw,no,21.25
29309,1999,limousine,manual,116,3er,150000,petrol,bmw,no,15.92
29310,1500,limousine,manual,90,golf,150000,diesel,volkswagen,no,20.83
29311,999,small car,manual,75,twingo,150000,petrol,renault,no,15.5
29314,1700,small car,manual,68,1_reihe,90000,petrol,peugeot,yes,12.0
29315,9500,cabrio,manual,192,z_reihe,125000,petrol,bmw,no,15.67
29316,6999,cabrio,automatic,192,3er,150000,petrol,bmw,no,21.58
29317,800,station wagon,manual,193,e_klasse,150000,petrol,mercedes_benz,no,24.25
29318,10999,bus,manual,136,transporter,150000,diesel,volkswagen,no,8.42
29319,15990,small car,manual,200,tt,80000,petrol,audi,no,11.5
29320,2500,small car,manual,60,punto,80000,petrol,fiat,no,12.92
29322,11900,bus,manual,105,touran,150000,diesel,volkswagen,no,7.83
29324,3700,station wagon,manual,80,fabia,125000,diesel,skoda,no,12.25
29325,6900,limousine,manual,140,civic,150000,diesel,honda,no,11.0
29326,1599,limousine,manual,150,5er,150000,petrol,bmw,no,20.33
29327,2900,small car,manual,69,fiesta,80000,petrol,ford,no,13.33
29329,2490,station wagon,manual,101,passat,150000,diesel,volkswagen,no,16.17
29330,14500,limousine,manual,174,900,150000,petrol,saab,no,35.08
29333,8950,bus,manual,102,transporter,150000,diesel,volkswagen,no,11.67
29335,7499,cabrio,automatic,218,clk,150000,petrol,mercedes_benz,no,18.33
29336,600,small car,manual,60,corsa,150000,petrol,opel,no,22.08
29338,6900,limousine,automatic,163,a6,150000,diesel,audi,no,17.0
29339,4909,limousine,manual,140,golf,150000,diesel,volkswagen,no,15.0
29344,4950,coupe,manual,170,3er,150000,petrol,bmw,no,19.75
29345,7950,limousine,manual,122,1er,80000,petrol,bmw,no,10.83
29350,5800,limousine,manual,126,c_klasse,150000,diesel,mercedes_benz,no,13.08
29352,999,small car,manual,60,2_reihe,150000,petrol,peugeot,no,19.08
29353,850,small car,manual,58,twingo,125000,petrol,renault,yes,19.33
29354,750,limousine,manual,90,carisma,150000,petrol,mitsubishi,yes,22.08
29357,3500,coupe,manual,174,golf,60000,petrol,volkswagen,no,23.58
29358,5500,small car,manual,80,corsa,125000,petrol,opel,no,9.67
29359,9800,limousine,automatic,163,e_klasse,125000,petrol,mercedes_benz,no,14.0
29360,2999,suv,automatic,190,grand,150000,petrol,jeep,no,19.75
29362,2400,limousine,automatic,204,3er,150000,diesel,bmw,no,15.58
29363,3450,limousine,manual,110,corolla,150000,petrol,toyota,no,16.5
29364,1299,small car,manual,75,polo,150000,diesel,volkswagen,no,17.33
29366,4500,bus,manual,101,touran,150000,diesel,volkswagen,no,13.67
29367,2650,small car,automatic,105,lupo,125000,petrol,volkswagen,no,16.25
29370,8000,limousine,manual,68,citigo,5000,petrol,skoda,no,5.75
29371,27900,station wagon,automatic,179,mondeo,20000,diesel,ford,no,3.25
29372,25500,coupe,automatic,177,scirocco,30000,diesel,volkswagen,no,5.83
29373,850,small car,manual,75,ibiza,150000,petrol,seat,no,18.33
29374,9950,limousine,automatic,177,others,150000,diesel,bmw,no,14.5
29377,22400,station wagon,manual,190,a6,90000,diesel,audi,no,7.42
29380,9500,limousine,manual,143,1er,150000,diesel,bmw,no,11.5
29381,400,small car,manual,50,polo,150000,petrol,volkswagen,yes,21.67
29382,3300,station wagon,manual,136,3er,150000,diesel,bmw,no,17.33
29383,6500,station wagon,manual,163,c_klasse,20000,petrol,mercedes_benz,no,12.25
29384,3750,limousine,manual,95,a_klasse,90000,petrol,mercedes_benz,no,15.0
29385,200,small car,manual,52,fiesta,100000,petrol,ford,no,29.08
29386,850,limousine,manual,75,clio,125000,petrol,renault,yes,16.92
29387,1000,coupe,manual,55,polo,150000,petrol,volkswagen,no,24.5
29388,3250,limousine,manual,118,3er,150000,petrol,bmw,no,17.67
29390,750,small car,manual,54,corsa,150000,petrol,opel,no,19.17
29391,31500,bus,automatic,179,transporter,90000,diesel,volkswagen,no,4.08
29392,7999,bus,automatic,116,b_klasse,90000,petrol,mercedes_benz,no,10.92
29393,4900,limousine,manual,150,1er,150000,petrol,bmw,no,14.92
29394,6495,coupe,automatic,170,clk,150000,diesel,mercedes_benz,no,14.25
29395,21400,coupe,automatic,200,mustang,90000,petrol,ford,no,52.58
29397,4999,small car,manual,80,polo,125000,petrol,volkswagen,no,10.92
29400,6990,small car,manual,92,2_reihe,150000,diesel,peugeot,no,6.42
29401,3499,limousine,automatic,184,3er,150000,diesel,bmw,no,17.5
29402,750,limousine,manual,109,laguna,150000,petrol,renault,no,21.0
29404,5199,small car,automatic,71,fortwo,80000,petrol,smart,no,10.0
29405,5600,limousine,automatic,150,c_klasse,150000,diesel,mercedes_benz,no,13.83
29408,17500,suv,manual,170,tiguan,80000,diesel,volkswagen,no,9.42
29409,9300,station wagon,manual,129,3er,150000,petrol,bmw,no,11.17
29410,4500,limousine,manual,105,golf,150000,diesel,volkswagen,no,15.0
29414,3200,limousine,manual,190,golf,150000,petrol,volkswagen,no,20.58
29415,2800,limousine,automatic,150,s_klasse,150000,diesel,mercedes_benz,yes,22.42
29417,950,station wagon,manual,144,850,150000,petrol,volvo,yes,22.67
29418,7500,limousine,manual,143,c_klasse,150000,petrol,mercedes_benz,no,13.67
29419,5999,station wagon,manual,136,v50,150000,diesel,volvo,no,12.25
29420,1500,limousine,manual,75,megane,150000,petrol,renault,no,19.08
29422,2950,limousine,automatic,193,a4,125000,petrol,audi,no,19.92
29423,999,station wagon,manual,75,astra,150000,petrol,opel,no,20.58
29424,1650,limousine,manual,90,focus,150000,diesel,ford,no,15.33
29425,5900,station wagon,manual,185,v70,150000,diesel,volvo,no,12.17
29426,2300,suv,manual,97,freelander,150000,diesel,land_rover,no,18.25
29427,4550,limousine,automatic,129,c_klasse,80000,petrol,mercedes_benz,no,16.5
29428,12000,bus,manual,147,verso,80000,petrol,toyota,no,8.5
29429,500,limousine,automatic,115,80,125000,petrol,audi,yes,26.25
29430,800,small car,manual,75,cordoba,150000,petrol,seat,no,20.33
29431,600,station wagon,manual,109,others,150000,petrol,citroen,no,16.5
29433,4500,station wagon,manual,140,6_reihe,100000,diesel,mazda,no,10.75
29435,8450,bus,manual,102,transporter,150000,diesel,volkswagen,no,16.17
29436,3099,small car,manual,58,twingo,100000,petrol,renault,no,9.58
29440,599,limousine,manual,90,civic,150000,petrol,honda,no,23.25
29441,9500,bus,manual,175,s_max,150000,diesel,ford,no,10.17
29443,900,small car,manual,82,bravo,150000,petrol,fiat,yes,18.0
29444,2900,limousine,manual,105,leon,90000,petrol,seat,no,14.33
29445,2400,suv,manual,113,santa,70000,diesel,hyundai,yes,17.67
29446,1400,limousine,manual,101,astra,150000,petrol,opel,no,18.42
29447,500,station wagon,manual,110,a4,150000,diesel,audi,yes,21.17
29449,2990,coupe,automatic,179,others,150000,petrol,mercedes_benz,no,27.33
29451,9300,bus,manual,136,others,100000,diesel,citroen,yes,10.67
29452,4290,small car,manual,68,c1,70000,petrol,citroen,no,10.92
29456,7900,cabrio,manual,136,e_klasse,150000,petrol,mercedes_benz,no,24.5
29459,1600,limousine,manual,75,megane,150000,petrol,renault,no,20.17
29461,2650,limousine,manual,75,forfour,125000,petrol,smart,no,13.75
29462,17900,limousine,manual,211,golf,80000,petrol,volkswagen,no,6.33
29464,1599,small car,manual,60,polo,150000,petrol,volkswagen,no,18.08
29465,1000,small car,manual,54,twingo,125000,petrol,renault,yes,22.42
29466,19600,station wagon,automatic,184,5er,150000,diesel,bmw,no,8.0
29470,29800,limousine,automatic,408,5er,125000,petrol,bmw,no,8.42
29472,2250,limousine,manual,105,golf,150000,petrol,volkswagen,no,17.17
29474,2190,bus,manual,103,others,150000,petrol,hyundai,no,12.17
29477,13900,station wagon,automatic,177,5er,150000,diesel,bmw,no,10.75
29478,450,limousine,manual,88,3_reihe,80000,petrol,mazda,no,21.25
29479,1800,small car,automatic,61,fortwo,100000,petrol,smart,no,16.83
29481,1990,station wagon,automatic,150,c_klasse,150000,petrol,mercedes_benz,no,22.67
29482,1950,limousine,automatic,193,7er,150000,petrol,bmw,no,21.83
29483,850,limousine,manual,150,escort,150000,petrol,ford,no,26.5
29484,13300,station wagon,automatic,215,v60,150000,diesel,volvo,no,8.0
29486,2350,small car,manual,50,lupo,125000,petrol,volkswagen,no,16.08
29488,20000,limousine,automatic,396,others,90000,petrol,jaguar,no,14.58
29489,850,limousine,manual,75,golf,150000,petrol,volkswagen,no,24.0
29490,1999,small car,manual,54,polo,90000,petrol,volkswagen,no,25.67
29492,8400,small car,manual,60,mii,20000,petrol,seat,no,5.0
29495,6490,small car,manual,80,polo,125000,petrol,volkswagen,no,9.08
29496,2999,small car,manual,73,2_reihe,125000,petrol,peugeot,yes,7.33
29497,9990,limousine,manual,140,astra,50000,petrol,opel,no,7.08
29498,19200,cabrio,automatic,184,clk,50000,petrol,mercedes_benz,no,10.17
29501,3490,station wagon,manual,155,vectra,150000,petrol,opel,no,13.25
29502,3499,station wagon,manual,101,golf,150000,diesel,volkswagen,no,15.08
29504,14500,limousine,automatic,245,5er,90000,diesel,bmw,no,7.58
29505,1499,limousine,manual,101,astra,150000,petrol,opel,no,17.92
29506,24000,station wagon,automatic,150,octavia,60000,diesel,skoda,no,4.33
29509,25999,coupe,automatic,367,6er,150000,petrol,bmw,no,13.92
29510,500,limousine,manual,90,others,150000,petrol,volkswagen,yes,23.42
29511,37500,station wagon,manual,230,octavia,5000,petrol,skoda,no,2.17
29512,1899,limousine,automatic,95,a_klasse,150000,diesel,mercedes_benz,no,15.33
29513,720,small car,manual,45,corsa,150000,petrol,opel,no,21.5
29515,6250,small car,manual,69,ibiza,125000,petrol,seat,no,7.58
29516,15300,station wagon,manual,115,c_max,50000,diesel,ford,no,5.42
29517,20400,suv,manual,140,tiguan,30000,diesel,volkswagen,no,4.17
29519,900,small car,manual,54,corsa,90000,petrol,opel,no,20.67
29523,2200,small car,manual,64,polo,150000,petrol,volkswagen,no,15.33
29525,2300,small car,manual,75,ibiza,125000,petrol,seat,no,17.67
29527,999,small car,manual,50,arosa,125000,petrol,seat,no,18.5
29528,2100,station wagon,automatic,150,a6,150000,diesel,audi,yes,20.92
29529,6450,coupe,automatic,179,others,150000,petrol,mercedes_benz,no,27.92
29530,11950,station wagon,automatic,232,a6,125000,diesel,audi,no,11.67
29531,7500,bus,manual,109,c_max,150000,diesel,ford,no,9.83
29534,999,small car,manual,60,polo,150000,petrol,volkswagen,no,21.5
29535,550,limousine,manual,75,golf,150000,petrol,volkswagen,yes,23.5
29537,3000,coupe,automatic,193,clk,150000,petrol,mercedes_benz,no,19.25
29538,6890,small car,manual,120,cooper,125000,petrol,mini,no,11.25
29540,36950,limousine,automatic,299,5er,90000,diesel,bmw,no,9.0
29541,14200,cabrio,manual,163,slk,80000,petrol,mercedes_benz,no,11.5
29543,2499,small car,manual,80,micra,80000,petrol,nissan,no,15.33
29544,24300,suv,manual,190,navara,80000,diesel,nissan,no,6.42
29545,3150,limousine,manual,143,3er,150000,petrol,bmw,no,14.67
29546,1550,coupe,manual,140,3er,150000,petrol,bmw,no,24.33
29548,6800,bus,manual,150,vito,150000,diesel,mercedes_benz,no,8.5
29549,1899,bus,manual,75,berlingo,150000,petrol,citroen,no,15.25
29550,6949,bus,manual,101,combo,90000,diesel,opel,no,7.25
29551,8940,limousine,manual,80,golf,60000,petrol,volkswagen,no,9.67
29552,29990,limousine,automatic,204,e_klasse,50000,hybrid,mercedes_benz,no,5.92
29555,95000,limousine,automatic,500,others,10000,petrol,porsche,no,9.0
29557,4350,station wagon,manual,90,astra,150000,diesel,opel,no,11.42
29558,22990,cabrio,automatic,122,cooper,30000,petrol,mini,no,4.5
29560,4999,station wagon,manual,143,3er,125000,petrol,bmw,no,15.42
29561,11500,small car,manual,90,clio,30000,petrol,renault,no,6.92
29562,8000,station wagon,automatic,156,c_klasse,30000,petrol,mercedes_benz,no,7.67
29563,350,station wagon,manual,116,v40,150000,petrol,volvo,yes,20.0
29564,699,limousine,manual,75,80,150000,diesel,audi,yes,24.92
29565,2000,station wagon,manual,109,focus,150000,diesel,ford,no,12.58
29568,999,limousine,manual,90,others,150000,petrol,citroen,yes,19.67
29572,2700,small car,manual,131,others,150000,diesel,fiat,no,12.5
29573,1500,bus,manual,82,sprinter,150000,diesel,mercedes_benz,yes,17.33
29575,16500,coupe,manual,300,911,150000,petrol,porsche,no,18.33
29576,6800,small car,manual,82,fiesta,70000,petrol,ford,no,8.58
29577,500,bus,automatic,107,galaxy,150000,petrol,ford,yes,20.58
29580,11000,cabrio,manual,245,boxster,125000,petrol,porsche,no,11.42
29582,2300,limousine,manual,105,3er,150000,petrol,bmw,no,17.67
29583,3200,station wagon,automatic,131,passat,150000,diesel,volkswagen,no,13.58
29584,8600,station wagon,manual,163,3er,150000,diesel,bmw,no,12.58
29585,2222,coupe,automatic,224,clk,150000,petrol,mercedes_benz,no,20.0
29586,15550,small car,manual,86,a1,10000,petrol,audi,no,4.83
29588,4100,limousine,manual,82,a_klasse,150000,diesel,mercedes_benz,no,12.92
29589,2300,small car,manual,65,picanto,150000,petrol,kia,no,15.0
29592,19500,cabrio,automatic,367,6er,125000,petrol,bmw,no,12.58
29595,6500,limousine,automatic,224,a8,150000,diesel,audi,no,16.33
29596,7999,small car,manual,86,polo,70000,petrol,volkswagen,no,9.92
29597,2299,station wagon,manual,68,fabia,150000,petrol,skoda,no,15.33
29599,1500,coupe,automatic,95,others,50000,petrol,chevrolet,no,27.67
29600,2750,small car,automatic,54,fortwo,125000,petrol,smart,no,17.0
29602,26250,cabrio,automatic,184,z_reihe,50000,petrol,bmw,no,6.25
29605,3000,small car,manual,60,corsa,60000,petrol,opel,no,13.5
29606,10700,bus,manual,155,transit,150000,diesel,ford,no,5.33
29608,10000,limousine,automatic,170,e_klasse,150000,diesel,mercedes_benz,no,11.0
29609,9800,limousine,automatic,163,e_klasse,60000,petrol,mercedes_benz,no,15.75
29610,3390,station wagon,manual,110,astra,150000,diesel,opel,no,10.17
29613,2000,bus,manual,144,carnival,150000,diesel,kia,no,16.42
29614,8999,small car,automatic,71,fortwo,20000,petrol,smart,no,4.75
29615,3200,bus,manual,109,sprinter,150000,diesel,mercedes_benz,no,13.33
29616,11500,station wagon,manual,239,a4,150000,diesel,audi,no,10.67
29617,2740,small car,manual,86,getz,60000,petrol,hyundai,no,13.17
29618,1600,bus,manual,60,a_klasse,150000,diesel,mercedes_benz,no,18.25
29619,2950,small car,manual,75,fabia,150000,diesel,skoda,no,14.33
29621,13300,cabrio,manual,150,3er,60000,petrol,bmw,no,12.42
29622,1500,small car,manual,45,fox,90000,petrol,volkswagen,yes,12.33
29623,66900,limousine,automatic,500,others,50000,petrol,porsche,no,7.67
29625,550,small car,manual,50,fiesta,125000,petrol,ford,no,22.58
29626,5999,coupe,manual,140,astra,150000,petrol,opel,no,11.08
29627,900,small car,automatic,40,fortwo,100000,petrol,smart,yes,19.0
29628,5900,station wagon,manual,105,golf,150000,diesel,volkswagen,no,11.0
29629,14300,suv,manual,110,duster,40000,diesel,dacia,no,4.5
29632,20845,cabrio,automatic,232,a4,80000,diesel,audi,no,11.33
29633,2520,station wagon,manual,111,megane,150000,petrol,renault,no,10.25
29634,1400,station wagon,manual,136,e_klasse,150000,petrol,mercedes_benz,yes,20.33
29635,3450,small car,manual,54,polo,70000,petrol,volkswagen,no,13.08
29636,2700,station wagon,automatic,155,signum,150000,petrol,opel,no,15.17
29637,7000,limousine,manual,110,golf,150000,diesel,volkswagen,yes,9.83
29638,6900,bus,automatic,116,transporter,150000,petrol,volkswagen,no,19.75
29639,1200,limousine,manual,54,golf,150000,diesel,volkswagen,no,29.0
29641,5900,station wagon,manual,65,others,90000,diesel,mercedes_benz,no,38.58
29643,6450,bus,manual,150,zafira,125000,petrol,opel,no,13.83
29644,2350,coupe,automatic,218,clk,150000,petrol,mercedes_benz,no,20.33
29645,2399,small car,manual,58,clio,100000,petrol,renault,no,11.42
29648,4200,limousine,automatic,101,golf,150000,diesel,volkswagen,no,17.0
29649,2799,small car,manual,81,sandero,125000,petrol,dacia,no,9.17
29650,15120,limousine,automatic,387,e_klasse,150000,petrol,mercedes_benz,no,12.92
29652,6490,suv,manual,177,rav,150000,diesel,toyota,yes,12.75
29654,2750,limousine,manual,140,mondeo,150000,diesel,ford,no,15.0
29655,3999,bus,manual,136,touran,150000,diesel,volkswagen,no,14.42
29656,1200,small car,manual,75,golf,150000,petrol,volkswagen,no,18.08
29657,10900,limousine,manual,86,golf,50000,petrol,volkswagen,no,7.5
29658,19500,bus,manual,110,others,50000,diesel,mercedes_benz,no,4.5
29660,14399,limousine,manual,143,a4,150000,diesel,audi,no,9.42
29663,17890,coupe,automatic,156,c_klasse,70000,petrol,mercedes_benz,no,7.5
29665,990,small car,manual,88,3_reihe,150000,petrol,mazda,no,19.17
29670,6999,station wagon,automatic,204,3er,150000,diesel,bmw,no,14.92
29671,1750,limousine,manual,103,stilo,150000,petrol,fiat,no,16.58
29672,690,small car,manual,60,punto,150000,petrol,fiat,no,17.0
29673,26900,cabrio,automatic,295,boxster,150000,petrol,porsche,no,10.25
29674,3700,small car,manual,94,others,70000,petrol,suzuki,no,12.25
29675,5990,station wagon,manual,180,a6,150000,diesel,audi,no,13.67
29676,5400,small car,manual,116,cooper,125000,petrol,mini,no,15.33
29679,1650,small car,manual,60,lupo,150000,petrol,volkswagen,no,17.75
29682,8950,cabrio,manual,170,z_reihe,150000,petrol,bmw,no,16.42
29683,2200,coupe,manual,170,3er,150000,petrol,bmw,no,19.75
29685,4490,bus,manual,115,c_max,150000,petrol,ford,no,12.08
29686,3200,station wagon,manual,140,sharan,150000,diesel,volkswagen,no,12.42
29688,7000,bus,manual,120,ducato,150000,diesel,fiat,no,10.5
29689,6000,limousine,manual,143,1er,150000,diesel,bmw,no,13.0
29690,900,small car,manual,60,ka,125000,petrol,ford,no,19.58
29691,7100,small car,automatic,71,fortwo,30000,diesel,smart,no,5.33
29692,14499,limousine,automatic,233,a8,150000,diesel,audi,no,13.5
29693,9900,station wagon,automatic,177,a6,150000,petrol,audi,no,10.33
29697,3450,cabrio,manual,109,2_reihe,90000,petrol,peugeot,no,12.42
29698,5690,bus,manual,109,caddy,150000,cng,volkswagen,no,10.25
29700,2300,limousine,manual,118,3er,150000,petrol,bmw,no,18.25
29703,3290,small car,manual,75,polo,80000,petrol,volkswagen,no,16.5
29704,100,limousine,manual,75,civic,150000,petrol,honda,yes,21.0
29705,3999,station wagon,automatic,184,3er,150000,diesel,bmw,no,15.33
29706,3599,station wagon,manual,135,lancer,80000,petrol,mitsubishi,no,12.17
29707,9500,station wagon,manual,179,a6,150000,diesel,audi,no,11.42
29709,4550,bus,manual,120,others,150000,diesel,citroen,no,13.0
29710,5250,small car,manual,68,c1,70000,petrol,citroen,no,8.25
29711,1400,small car,manual,60,polo,150000,petrol,volkswagen,no,19.83
29712,5500,limousine,manual,75,others,150000,diesel,mercedes_benz,no,27.92
29713,1700,limousine,manual,150,a6,150000,petrol,audi,no,18.17
29714,4500,station wagon,manual,109,3_reihe,150000,diesel,peugeot,no,9.42
29715,4500,bus,automatic,105,meriva,125000,petrol,opel,no,12.0
29716,6500,small car,manual,95,one,80000,petrol,mini,no,10.42
29717,5350,cabrio,manual,90,tigra,80000,petrol,opel,no,11.25
29718,555,small car,manual,75,polo,150000,petrol,volkswagen,no,22.67
29719,10800,bus,manual,102,transporter,150000,diesel,volkswagen,no,15.25
29720,6690,small car,manual,105,polo,100000,petrol,volkswagen,no,10.5
29721,6950,small car,manual,92,2_reihe,150000,diesel,peugeot,no,6.42
29723,8400,limousine,manual,105,golf,150000,diesel,volkswagen,no,10.5
29724,16850,station wagon,manual,170,exeo,90000,diesel,seat,no,6.08
29725,5500,station wagon,manual,105,passat,150000,diesel,volkswagen,no,11.67
29726,700,limousine,manual,116,others,150000,petrol,opel,yes,41.5
29727,7690,limousine,automatic,129,1er,90000,petrol,bmw,no,12.92
29728,3000,limousine,manual,136,accord,150000,petrol,honda,no,17.33
29729,6950,station wagon,manual,140,passat,150000,diesel,volkswagen,no,12.0
29731,3850,station wagon,automatic,143,c_klasse,150000,diesel,mercedes_benz,no,15.75
29735,12500,small car,manual,82,fiesta,20000,petrol,ford,no,4.83
29736,8499,cabrio,manual,150,3er,150000,petrol,bmw,no,12.25
29737,1250,small car,manual,116,3er,5000,petrol,bmw,yes,14.08
29739,1325,small car,manual,50,fiesta,100000,petrol,ford,no,16.92
29742,19500,suv,manual,122,defender,125000,diesel,land_rover,no,12.75
29743,380,limousine,manual,90,passat,150000,petrol,volkswagen,no,27.17
29744,7200,station wagon,manual,129,avensis,90000,petrol,toyota,no,12.25
29745,1800,station wagon,manual,102,c_klasse,150000,diesel,mercedes_benz,no,19.33
29746,1200,station wagon,manual,150,laguna,150000,diesel,renault,yes,15.5
29747,1800,station wagon,manual,101,golf,150000,diesel,volkswagen,no,15.5
29750,3900,cabrio,automatic,41,fortwo,125000,diesel,smart,no,11.08
29752,2950,small car,manual,60,panda,80000,petrol,fiat,no,14.17
29753,2590,limousine,automatic,192,5er,150000,petrol,bmw,no,17.08
29754,800,small car,manual,75,agila,150000,petrol,opel,no,17.08
29756,6200,bus,manual,150,zafira,150000,diesel,opel,no,13.0
29757,4500,small car,manual,80,corsa,100000,petrol,opel,no,12.25
29759,6900,small car,manual,163,cooper,150000,petrol,mini,no,15.92
29760,2200,limousine,automatic,116,3er,125000,petrol,bmw,no,21.5
29761,1599,cabrio,manual,116,golf,150000,petrol,volkswagen,no,22.33
29762,8750,limousine,automatic,170,passat,150000,diesel,volkswagen,no,10.0
29763,1650,small car,manual,113,polo,125000,petrol,volkswagen,no,28.0
29766,4200,small car,manual,101,meriva,150000,diesel,opel,no,12.0
29767,2990,coupe,automatic,163,others,150000,petrol,mercedes_benz,no,17.25
29769,6200,station wagon,manual,140,a4,150000,diesel,audi,no,13.25
29770,3200,small car,manual,58,twingo,80000,petrol,renault,no,9.83
29772,1200,small car,manual,56,cuore,150000,petrol,daihatsu,no,16.17
29773,10800,bus,manual,163,others,125000,diesel,chevrolet,no,6.08
29775,11500,small car,automatic,105,polo,70000,petrol,volkswagen,no,8.33
29781,7500,small car,manual,75,polo,80000,diesel,volkswagen,no,7.33
29782,1300,station wagon,manual,101,astra,150000,petrol,opel,yes,16.0
29783,500,limousine,manual,107,laguna,150000,petrol,renault,no,19.58
29784,4350,station wagon,manual,101,focus,150000,petrol,ford,no,10.17
29786,2500,bus,manual,140,scenic,125000,petrol,renault,no,17.0
29787,5300,limousine,manual,129,1er,150000,petrol,bmw,no,13.83
29788,17999,station wagon,manual,160,insignia,40000,diesel,opel,no,5.17
29789,600,bus,manual,77,transporter,150000,diesel,volkswagen,yes,26.83
29791,9900,limousine,automatic,179,s_klasse,150000,petrol,mercedes_benz,no,29.25
29793,750,small car,manual,100,golf,150000,petrol,volkswagen,no,20.17
29794,600,small car,manual,90,golf,150000,petrol,volkswagen,yes,23.58
29795,2800,limousine,manual,131,golf,30000,diesel,volkswagen,no,16.75
29796,1450,bus,manual,82,vito,150000,diesel,mercedes_benz,no,18.5
29797,4900,cabrio,manual,141,others,125000,petrol,chrysler,no,13.33
29798,13600,limousine,manual,140,focus,50000,diesel,ford,no,8.0
29799,700,station wagon,manual,90,golf,150000,diesel,volkswagen,no,20.08
29800,2250,small car,manual,54,polo,125000,petrol,volkswagen,no,15.58
29801,4000,station wagon,manual,90,focus,150000,diesel,ford,no,8.42
29802,13550,suv,manual,122,cooper,60000,petrol,mini,no,7.08
29803,1800,limousine,manual,103,others,150000,petrol,rover,no,14.0
29807,1500,suv,manual,99,pajero,150000,diesel,mitsubishi,yes,21.25
29808,1999,small car,manual,102,a_klasse,125000,petrol,mercedes_benz,no,18.0
29810,1999,small car,manual,60,polo,150000,petrol,volkswagen,no,17.33
29811,799,station wagon,manual,150,a4,150000,petrol,audi,no,22.08
29814,38950,coupe,automatic,190,others,50000,diesel,bmw,no,3.25
29815,1350,station wagon,manual,101,vectra,150000,petrol,opel,no,20.0
29816,82987,cabrio,automatic,320,boxster,20000,petrol,porsche,no,8.5
29817,9300,coupe,manual,179,megane,80000,petrol,renault,no,8.08
29819,8990,small car,manual,69,500,10000,petrol,fiat,no,4.33
29822,15999,limousine,manual,489,golf,150000,petrol,volkswagen,no,17.75
29823,15400,cabrio,manual,163,slk,70000,petrol,mercedes_benz,no,11.25
29824,3300,small car,manual,109,forfour,125000,petrol,smart,no,13.17
29826,1800,small car,manual,60,punto,150000,petrol,fiat,no,14.67
29829,2799,small car,manual,75,ibiza,150000,petrol,seat,no,13.75
29830,1799,station wagon,manual,150,mondeo,150000,diesel,ford,no,17.83
29831,1200,small car,automatic,61,lupo,150000,diesel,volkswagen,no,17.33
29834,1790,bus,manual,69,berlingo,150000,diesel,citroen,no,12.33
29836,26900,limousine,automatic,235,s_klasse,150000,diesel,mercedes_benz,no,11.0
29837,14000,station wagon,manual,170,3er,125000,petrol,bmw,no,10.33
29839,12999,coupe,automatic,190,a5,150000,diesel,audi,no,10.08
29842,5500,station wagon,automatic,140,passat,150000,diesel,volkswagen,yes,12.67
29844,2000,station wagon,manual,120,laguna,150000,diesel,renault,no,13.42
29845,6600,limousine,manual,39,kadett,60000,petrol,opel,no,54.42
29847,1300,small car,manual,50,arosa,150000,petrol,seat,no,18.0
29848,29970,cabrio,automatic,150,a3,40000,diesel,audi,no,4.83
29850,3990,small car,manual,75,polo,150000,diesel,volkswagen,no,11.42
29851,10800,limousine,manual,163,s60,150000,diesel,volvo,no,9.0
29852,10990,station wagon,manual,106,megane,100000,diesel,renault,no,7.75
29853,6000,bus,manual,140,zafira,100000,petrol,opel,no,11.5
29854,900,station wagon,manual,125,a4,150000,petrol,audi,no,19.83
29855,3700,coupe,automatic,197,clk,150000,petrol,mercedes_benz,no,18.33
29856,150,small car,manual,55,punto,150000,petrol,fiat,no,21.08
29857,13900,small car,automatic,109,a_klasse,80000,diesel,mercedes_benz,no,7.83
29859,5590,small car,automatic,61,fortwo,30000,petrol,smart,no,7.58
29860,3950,small car,manual,60,fabia,80000,petrol,skoda,no,10.58
29861,650,station wagon,automatic,170,e_klasse,150000,petrol,mercedes_benz,yes,20.42
29862,3390,bus,manual,90,touran,150000,diesel,volkswagen,no,14.0
29863,6950,limousine,automatic,224,a6,150000,diesel,audi,no,13.25
29864,5400,limousine,automatic,170,golf,150000,diesel,volkswagen,no,12.5
29868,1800,limousine,manual,105,others,90000,petrol,kia,no,13.33
29869,2499,limousine,automatic,102,others,150000,petrol,mercedes_benz,no,31.33
29873,3455,station wagon,automatic,115,c_klasse,150000,diesel,mercedes_benz,no,16.75
29875,3633,station wagon,automatic,179,a6,150000,diesel,audi,no,16.0
29876,1999,bus,manual,97,zafira,150000,cng,opel,no,13.25
29878,950,limousine,manual,88,others,150000,petrol,citroen,no,24.75
29879,888,small car,automatic,72,golf,5000,petrol,volkswagen,no,28.42
29881,10999,suv,manual,122,yeti,70000,petrol,skoda,yes,7.67
29883,9200,small car,manual,68,up,50000,cng,volkswagen,no,4.08
29884,4999,small car,manual,60,polo,90000,petrol,volkswagen,no,10.75
29885,66000,limousine,automatic,326,others,10000,diesel,audi,no,3.83
29886,2999,station wagon,manual,80,fabia,150000,diesel,skoda,no,11.17
29887,7799,limousine,automatic,122,1er,125000,petrol,bmw,no,10.5
29888,2900,bus,manual,75,transit,70000,diesel,ford,no,17.5
29889,2000,limousine,manual,170,5er,150000,petrol,bmw,yes,23.0
29891,1600,limousine,manual,82,a_klasse,150000,petrol,mercedes_benz,no,18.0
29892,650,limousine,manual,150,passat,150000,petrol,volkswagen,no,22.83
29894,8950,station wagon,manual,110,passat,150000,diesel,volkswagen,no,8.25
29897,6590,station wagon,manual,105,a3,150000,diesel,audi,no,13.58
29898,2550,small car,automatic,80,corsa,150000,petrol,opel,no,14.0
29900,24200,station wagon,manual,150,a3,20000,diesel,audi,no,4.75
29902,14990,suv,automatic,224,m_klasse,150000,diesel,mercedes_benz,no,11.83
29904,500,station wagon,manual,122,c_klasse,150000,petrol,mercedes_benz,no,22.75
29907,2150,bus,manual,90,berlingo,150000,diesel,citroen,yes,11.42
29908,7999,station wagon,manual,110,astra,150000,diesel,opel,no,7.42
29910,599,station wagon,manual,101,passat,150000,petrol,volkswagen,yes,20.0
29911,999,limousine,manual,101,a4,150000,petrol,audi,no,21.83
29915,3300,bus,manual,125,zafira,150000,petrol,opel,no,18.0
29916,3900,limousine,manual,118,3er,90000,petrol,bmw,no,19.17
29917,6250,suv,manual,133,navara,150000,diesel,nissan,no,15.75
29918,3490,small car,manual,80,others,100000,petrol,mazda,no,15.33
29919,7300,small car,manual,69,polo,70000,petrol,volkswagen,no,7.5
29920,6400,coupe,manual,184,clk,150000,petrol,mercedes_benz,no,14.75
29921,22450,limousine,manual,271,golf,70000,petrol,volkswagen,no,6.17
29923,1890,suv,manual,45,others,125000,petrol,suzuki,no,34.0
29925,3800,cabrio,manual,115,mx_reihe,125000,petrol,mazda,no,24.33
29927,18900,suv,automatic,306,gl,150000,diesel,mercedes_benz,no,12.0
29928,2500,station wagon,manual,139,others,60000,petrol,hyundai,no,21.67
29930,3999,limousine,manual,140,leon,150000,diesel,seat,no,13.75
29931,880,limousine,manual,141,ptcruiser,150000,lpg,chrysler,yes,16.08
29932,250,small car,manual,50,fiesta,50000,petrol,ford,no,23.0
29935,8300,station wagon,automatic,140,a4,150000,diesel,audi,no,10.75
29936,5499,small car,manual,75,clio,40000,petrol,renault,no,6.25
29937,17500,station wagon,manual,170,a6,125000,diesel,audi,no,8.08
29938,2699,station wagon,manual,155,mondeo,150000,diesel,ford,no,12.25
29940,2950,station wagon,manual,131,mondeo,150000,diesel,ford,no,12.42
29941,3600,limousine,manual,169,6_reihe,150000,lpg,mazda,no,14.0
29942,15900,limousine,automatic,272,s_klasse,150000,petrol,mercedes_benz,no,13.92
29943,2500,cabrio,manual,125,astra,150000,diesel,opel,no,15.58
29944,1999,small car,manual,60,corsa,150000,petrol,opel,no,14.75
29946,13699,limousine,manual,116,3er,70000,diesel,bmw,no,7.75
29947,16000,limousine,manual,170,a4,150000,diesel,audi,no,7.08
29949,1500,station wagon,automatic,150,laguna,150000,diesel,renault,no,13.08
29950,6666,coupe,automatic,218,crossfire,150000,petrol,chrysler,no,14.25
29952,6000,limousine,manual,122,1er,150000,diesel,bmw,no,14.0
29953,13999,limousine,manual,265,others,150000,petrol,audi,no,11.25
29954,1200,limousine,manual,75,focus,125000,petrol,ford,no,19.25
29955,16800,limousine,manual,204,5er,150000,petrol,bmw,no,7.42
29958,11800,suv,manual,250,cayenne,125000,petrol,porsche,no,13.75
29959,27500,small car,manual,140,kaefer,5000,petrol,volkswagen,no,55.08
29960,700,limousine,manual,116,3er,150000,petrol,bmw,no,23.0
29961,1450,small car,manual,60,polo,125000,petrol,volkswagen,no,19.75
29962,1850,bus,manual,103,others,150000,petrol,hyundai,no,14.83
29963,1650,small car,manual,75,golf,150000,petrol,volkswagen,no,18.0
29965,6500,station wagon,automatic,143,e_klasse,150000,diesel,mercedes_benz,no,17.42
29968,6200,limousine,manual,122,1er,150000,petrol,bmw,no,10.75
29969,5990,station wagon,manual,130,5er,150000,diesel,bmw,yes,10.17
29970,3990,station wagon,manual,120,astra,150000,diesel,opel,no,12.42
29971,2000,limousine,manual,116,bora,150000,petrol,volkswagen,no,16.17
29972,599,bus,manual,90,scenic,150000,petrol,renault,yes,21.83
29973,1100,small car,manual,52,matiz,100000,petrol,daewoo,no,16.17
29975,4800,small car,manual,64,polo,70000,petrol,volkswagen,no,12.83
29976,1000,limousine,automatic,86,corolla,125000,petrol,toyota,yes,20.83
29977,1200,bus,manual,68,transporter,150000,diesel,volkswagen,yes,20.25
29979,2699,limousine,manual,143,e_klasse,150000,diesel,mercedes_benz,no,18.33
29981,14490,limousine,automatic,272,5er,150000,diesel,bmw,no,13.92
29983,39500,cabrio,automatic,306,3er,50000,petrol,bmw,no,5.42
29984,4800,station wagon,manual,75,clio,100000,petrol,renault,no,10.58
29985,1200,limousine,automatic,122,c_klasse,150000,petrol,mercedes_benz,no,22.33
29988,1490,small car,manual,50,lupo,125000,petrol,volkswagen,no,17.83
29989,19500,limousine,automatic,232,q7,125000,diesel,audi,no,12.67
29990,1050,small car,manual,60,corsa,150000,petrol,opel,no,21.08
29991,3490,station wagon,manual,103,astra,100000,petrol,opel,no,14.42
29992,6990,limousine,manual,163,3er,150000,diesel,bmw,no,14.0
29993,2490,small car,manual,60,panda,125000,petrol,fiat,no,9.5
29994,800,station wagon,manual,150,a4,150000,petrol,audi,no,22.92
29997,2900,bus,automatic,144,carnival,80000,diesel,kia,yes,12.33
29998,1900,small car,manual,61,fortwo,125000,petrol,smart,no,12.58
30000,12500,station wagon,automatic,170,others,150000,diesel,mercedes_benz,no,10.75
30001,3300,suv,manual,102,scenic,150000,diesel,renault,no,17.17
30002,1800,limousine,manual,102,3er,150000,petrol,bmw,no,24.83
30004,62500,cabrio,automatic,320,6er,30000,petrol,bmw,no,7.75
30005,4900,limousine,manual,150,a4,150000,petrol,audi,no,16.58
30009,3950,bus,automatic,150,others,150000,diesel,renault,no,13.67
30011,300,coupe,manual,102,3er,150000,petrol,bmw,yes,24.0
30012,1300,small car,automatic,53,swift,125000,petrol,suzuki,no,21.58
30014,3600,limousine,automatic,163,5er,150000,diesel,bmw,no,15.17
30015,13900,suv,manual,116,qashqai,80000,petrol,nissan,no,7.42
30016,7999,station wagon,manual,105,a3,150000,diesel,audi,no,11.42
30017,350,station wagon,manual,101,passat,150000,petrol,volkswagen,yes,20.0
30018,3750,cabrio,manual,109,2_reihe,125000,petrol,peugeot,no,14.92
30019,28850,bus,manual,140,transporter,80000,diesel,volkswagen,no,6.33
30020,5999,small car,manual,69,ibiza,40000,petrol,seat,no,9.58
30023,8989,cabrio,manual,200,a4,20000,diesel,audi,no,15.58
30024,5650,bus,manual,105,caddy,150000,diesel,volkswagen,no,12.08
30025,19990,limousine,automatic,235,s_klasse,150000,diesel,mercedes_benz,no,11.25
30026,2350,station wagon,manual,109,3_reihe,150000,diesel,peugeot,no,12.67
30027,400,station wagon,manual,150,3er,150000,petrol,bmw,no,22.17
30028,2350,small car,manual,105,golf,150000,petrol,volkswagen,no,15.75
30029,8500,limousine,manual,122,1er,50000,petrol,bmw,yes,8.67
30030,19490,station wagon,manual,120,a4,70000,petrol,audi,no,8.92
30031,10500,bus,manual,90,others,60000,petrol,kia,no,6.0
30033,4899,small car,manual,88,one,150000,diesel,mini,no,13.58
30035,6500,station wagon,manual,116,a4,150000,diesel,audi,no,12.92
30036,4700,small car,manual,75,a2,150000,diesel,audi,no,17.92
30038,6000,limousine,manual,101,swift,80000,lpg,suzuki,no,9.25
30042,5800,small car,manual,120,others,125000,petrol,fiat,no,10.42
30044,7949,limousine,manual,177,a6,150000,petrol,audi,no,12.17
30045,25900,limousine,automatic,150,golf,20000,diesel,volkswagen,no,3.17
30048,1900,limousine,manual,75,golf,150000,petrol,volkswagen,no,18.25
30049,4490,limousine,manual,143,c_klasse,150000,petrol,mercedes_benz,no,15.33
30050,18950,station wagon,manual,140,passat,90000,diesel,volkswagen,no,9.0
30051,1000,bus,manual,72,others,150000,petrol,mazda,no,19.5
30052,1499,small car,manual,75,clio,90000,petrol,renault,no,15.5
30054,4500,limousine,manual,193,5er,150000,petrol,bmw,yes,19.58
30055,41500,limousine,automatic,487,c_klasse,80000,petrol,mercedes_benz,no,10.0
30056,4444,small car,manual,75,clio,40000,petrol,renault,no,12.0
30057,800,small car,manual,55,polo,150000,petrol,volkswagen,no,23.08
30058,4500,small car,manual,77,punto,150000,lpg,fiat,yes,7.83
30059,1750,small car,manual,60,polo,150000,petrol,volkswagen,no,15.5
30060,30400,cabrio,automatic,295,boxster,80000,petrol,porsche,no,10.67
30061,599,limousine,manual,90,others,150000,petrol,volkswagen,no,21.17
30062,2990,station wagon,manual,131,passat,150000,diesel,volkswagen,no,16.33
30063,20999,coupe,manual,204,1er,80000,diesel,bmw,no,10.58
30064,11150,station wagon,automatic,218,300c,125000,diesel,chrysler,no,12.08
30065,250,limousine,manual,120,carisma,30000,petrol,mitsubishi,no,21.42
30066,8100,small car,manual,109,rio,80000,petrol,kia,no,8.0
30067,4000,limousine,manual,110,primera,70000,petrol,nissan,no,13.0
30068,500,small car,manual,75,golf,150000,petrol,volkswagen,no,22.33
30069,2500,small car,automatic,83,jazz,125000,petrol,honda,no,16.75
30071,2150,bus,manual,82,scenic,125000,diesel,renault,no,15.75
30073,600,station wagon,manual,115,passat,150000,petrol,volkswagen,no,21.08
30074,5600,small car,manual,60,citigo,40000,petrol,skoda,no,5.08
30075,10599,station wagon,manual,105,focus,60000,petrol,ford,no,5.92
30077,2400,station wagon,automatic,143,c_klasse,150000,diesel,mercedes_benz,no,16.42
30078,2200,bus,manual,101,touran,150000,diesel,volkswagen,no,14.25
30079,33980,limousine,manual,150,q5,30000,diesel,audi,no,3.25
30080,13900,limousine,automatic,235,5er,150000,diesel,bmw,no,9.75
30081,6750,limousine,manual,140,passat,125000,diesel,volkswagen,no,13.17
30083,3000,bus,manual,60,transporter,100000,diesel,volkswagen,no,26.58
30084,9999,suv,manual,86,jimny,50000,petrol,suzuki,no,6.5
30085,11400,station wagon,manual,177,5er,150000,diesel,bmw,no,10.67
30087,11900,station wagon,automatic,140,a3,125000,diesel,audi,no,12.5
30088,1500,limousine,automatic,122,c_klasse,150000,petrol,mercedes_benz,no,23.42
30089,2250,small car,manual,75,polo,150000,diesel,volkswagen,no,16.83
30090,5500,suv,manual,116,rav,150000,diesel,toyota,no,14.58
30091,16000,suv,automatic,185,xc_reihe,90000,diesel,volvo,no,10.08
30092,17490,limousine,automatic,279,s_klasse,125000,petrol,mercedes_benz,no,30.5
30094,1400,station wagon,manual,90,2_reihe,150000,diesel,peugeot,no,16.0
30096,5950,coupe,automatic,163,c_klasse,100000,petrol,mercedes_benz,no,17.5
30097,1499,limousine,manual,68,astra,150000,petrol,opel,no,19.17
30098,3850,cabrio,manual,192,slk,150000,petrol,mercedes_benz,no,21.58
30100,500,small car,manual,75,astra,150000,petrol,opel,no,21.75
30101,22350,bus,automatic,150,viano,80000,diesel,mercedes_benz,no,8.67
30102,2000,station wagon,manual,110,passat,150000,diesel,volkswagen,no,20.42
30103,7950,cabrio,manual,140,astra,90000,petrol,opel,no,11.42
30105,14500,limousine,automatic,224,c_klasse,125000,diesel,mercedes_benz,no,11.33
30108,11950,bus,manual,120,3_reihe,60000,petrol,peugeot,no,6.25
30109,3200,cabrio,automatic,150,80,150000,petrol,audi,no,20.5
30110,1200,small car,manual,110,a3,150000,diesel,audi,yes,20.5
30111,3200,bus,manual,74,zafira,125000,petrol,opel,no,14.58
30112,6000,limousine,manual,143,1er,125000,petrol,bmw,yes,12.0
30113,34900,cabrio,automatic,306,3er,30000,petrol,bmw,no,7.17
30114,3399,small car,manual,75,forfour,150000,petrol,smart,no,12.33
30115,12900,suv,manual,224,touareg,150000,diesel,volkswagen,no,12.33
30116,6590,small car,manual,75,colt,40000,petrol,mitsubishi,no,6.67
30118,3400,limousine,manual,75,colt,125000,petrol,mitsubishi,no,11.75
30119,400,small car,manual,45,fiesta,150000,petrol,ford,yes,24.42
30120,32500,limousine,manual,190,1er,20000,diesel,bmw,no,3.42
30121,750,limousine,manual,75,astra,150000,petrol,opel,no,21.92
30122,2900,small car,manual,75,polo,150000,petrol,volkswagen,no,17.42
30124,3590,limousine,manual,122,e_klasse,150000,diesel,mercedes_benz,no,15.33
30125,3999,small car,manual,90,one,100000,petrol,mini,yes,14.08
30127,2950,limousine,manual,95,e_klasse,150000,diesel,mercedes_benz,no,27.92
30130,5990,small car,manual,69,500,80000,petrol,fiat,no,8.25
30131,680,limousine,automatic,116,toledo,90000,petrol,seat,no,21.75
30132,5900,small car,manual,60,corsa,20000,petrol,opel,no,9.75
30133,8300,small car,manual,90,polo,90000,diesel,volkswagen,no,8.17
30135,999,limousine,manual,121,6_reihe,150000,diesel,mazda,yes,15.75
30136,1300,small car,manual,64,matiz,80000,petrol,daewoo,no,14.75
30137,700,small car,manual,97,rio,150000,petrol,kia,yes,13.75
30139,3990,limousine,automatic,163,5er,150000,diesel,bmw,no,17.25
30140,6000,cabrio,manual,170,3er,150000,petrol,bmw,no,18.33
30141,3299,station wagon,manual,122,forester,150000,petrol,subaru,no,20.92
30143,7000,small car,manual,80,polo,80000,petrol,volkswagen,no,11.42
30145,15900,station wagon,manual,170,c_klasse,150000,diesel,mercedes_benz,no,9.67
30146,21499,cabrio,automatic,177,3er,100000,petrol,bmw,no,8.58
30147,1448,small car,manual,60,arosa,150000,petrol,seat,no,17.33
30148,4500,small car,manual,60,polo,100000,petrol,volkswagen,yes,12.0
30150,2500,small car,manual,60,2_reihe,150000,petrol,peugeot,no,14.42
30154,1850,bus,manual,80,kangoo,150000,diesel,renault,no,18.58
30155,7000,suv,manual,105,duster,125000,petrol,dacia,no,8.33
30156,2000,station wagon,manual,125,passat,150000,petrol,volkswagen,no,18.42
30157,750,small car,manual,53,swift,150000,petrol,suzuki,no,18.0
30158,10500,small car,automatic,146,1er,90000,petrol,bmw,yes,10.58
30159,21000,suv,manual,95,g_klasse,90000,diesel,mercedes_benz,no,26.92
30160,9999,limousine,manual,280,lancer,150000,petrol,mitsubishi,no,23.5
30161,1700,limousine,manual,136,others,150000,petrol,volvo,no,16.67
30162,36000,station wagon,automatic,190,a4,5000,diesel,audi,no,4.5
30163,2900,cabrio,automatic,193,slk,80000,lpg,mercedes_benz,no,17.25
30165,1000,bus,manual,97,zafira,150000,cng,opel,yes,13.33
30166,500,limousine,automatic,131,mondeo,150000,petrol,ford,yes,20.25
30167,5400,small car,manual,116,cooper,125000,petrol,mini,no,15.08
30169,1200,small car,manual,75,polo,150000,petrol,volkswagen,no,22.58
30170,8750,bus,manual,130,galaxy,150000,diesel,ford,no,11.58
30171,5800,limousine,manual,116,focus,150000,petrol,ford,no,10.42
30174,19500,coupe,automatic,156,c_klasse,70000,petrol,mercedes_benz,no,6.33
30175,1700,limousine,automatic,220,e_klasse,150000,petrol,mercedes_benz,no,23.92
30176,3000,coupe,automatic,193,clk,150000,lpg,mercedes_benz,no,19.92
30177,12899,bus,manual,116,sharan,125000,lpg,volkswagen,no,10.92
30178,9900,station wagon,automatic,179,a6,150000,diesel,audi,no,10.92
30185,1499,limousine,automatic,220,e_klasse,150000,petrol,mercedes_benz,no,22.83
30186,2200,small car,manual,58,corsa,150000,petrol,opel,no,17.58
30188,1650,limousine,manual,90,golf,150000,diesel,volkswagen,no,18.33
30189,7800,station wagon,manual,140,a3,150000,diesel,audi,no,12.17
30191,8599,cabrio,manual,150,tt,70000,petrol,audi,no,16.67
30192,2900,bus,manual,116,galaxy,150000,diesel,ford,no,14.58
30193,2700,cabrio,manual,109,2_reihe,150000,petrol,peugeot,no,14.33
30195,1480,coupe,manual,170,3er,150000,petrol,bmw,no,20.08
30197,1400,bus,manual,90,others,150000,diesel,peugeot,no,16.83
30198,12650,suv,manual,135,sportage,90000,petrol,kia,no,7.17
30199,350,small car,manual,50,polo,150000,petrol,volkswagen,no,21.58
30200,700,others,manual,78,transporter,150000,diesel,volkswagen,yes,24.08
30202,2500,small car,manual,69,ka,60000,petrol,ford,no,11.17
30203,800,coupe,manual,90,megane,150000,petrol,renault,no,19.25
30206,750,limousine,manual,90,mondeo,150000,petrol,ford,no,20.33
30207,19900,station wagon,automatic,211,passat,70000,petrol,volkswagen,no,6.75
30208,6000,small car,manual,69,ka,50000,petrol,ford,no,5.75
30209,9900,bus,manual,122,golf,40000,petrol,volkswagen,no,9.67
30211,4200,limousine,manual,109,c4,150000,petrol,citroen,no,11.67
30212,21000,station wagon,automatic,143,a4,40000,diesel,audi,no,7.33
30213,12400,bus,manual,95,transporter,150000,petrol,volkswagen,no,30.42
30214,4499,limousine,automatic,150,others,150000,diesel,saab,no,13.0
30215,13500,limousine,manual,140,golf,125000,diesel,volkswagen,no,8.17
30216,11500,limousine,manual,120,mondeo,70000,petrol,ford,no,7.75
30218,3500,small car,manual,80,corsa,150000,petrol,opel,no,11.33
30219,9300,station wagon,manual,131,megane,80000,diesel,renault,no,7.67
30220,1000,station wagon,manual,125,a4,150000,petrol,audi,no,22.08
30224,3100,small car,manual,68,c3,90000,diesel,citroen,no,13.67
30225,39950,bus,automatic,140,transporter,20000,diesel,volkswagen,no,3.08
30226,1200,coupe,manual,102,3er,150000,petrol,bmw,no,20.0
30227,6900,station wagon,manual,150,laguna,90000,diesel,renault,no,10.75
30229,22150,station wagon,manual,250,focus,30000,petrol,ford,no,5.83
30230,18599,limousine,manual,170,octavia,60000,diesel,skoda,no,9.92
30232,6750,limousine,manual,186,delta,150000,petrol,lancia,no,24.83
30233,11999,small car,manual,116,a_klasse,60000,petrol,mercedes_benz,no,8.83
30234,8000,limousine,manual,122,1er,150000,petrol,bmw,no,10.17
30235,4790,small car,manual,65,micra,80000,petrol,nissan,no,9.75
30236,280,small car,manual,60,polo,150000,petrol,volkswagen,yes,20.0
30237,331,limousine,automatic,136,omega,150000,diesel,opel,yes,21.58
30238,600,limousine,manual,60,ibiza,150000,petrol,seat,no,19.25
30239,3500,cabrio,manual,136,2_reihe,90000,petrol,peugeot,no,14.25
30240,2000,station wagon,automatic,115,a6,150000,diesel,audi,no,17.83
30242,4600,bus,manual,131,sharan,150000,diesel,volkswagen,no,14.33
30243,550,small car,manual,75,corsa,150000,petrol,opel,yes,15.25
30244,3900,limousine,manual,120,147,80000,petrol,alfa_romeo,no,13.92
30245,7850,bus,manual,140,s_max,150000,diesel,ford,no,11.08
30247,11900,cabrio,manual,120,spider,125000,petrol,alfa_romeo,no,28.42
30248,2500,station wagon,automatic,155,vectra,150000,petrol,opel,no,14.67
30251,4800,limousine,manual,193,5er,150000,diesel,bmw,no,16.08
30252,1500,station wagon,manual,116,mondeo,150000,diesel,ford,yes,15.58
30253,12500,others,manual,122,others,50000,petrol,mini,no,6.08
30255,13500,cabrio,manual,264,others,50000,petrol,opel,no,10.5
30256,14900,suv,manual,140,kuga,90000,diesel,ford,no,8.83
30257,1800,bus,manual,83,jazz,150000,petrol,honda,no,16.25
30259,800,small car,manual,60,ibiza,125000,petrol,seat,no,16.25
30261,2100,small car,manual,60,polo,150000,petrol,volkswagen,no,17.75
30262,4999,small car,manual,125,lupo,150000,petrol,volkswagen,no,17.83
30263,8750,station wagon,manual,174,clubman,150000,petrol,mini,no,10.67
30264,2000,station wagon,manual,101,passat,150000,petrol,volkswagen,no,22.67
30265,18000,cabrio,automatic,170,3er,100000,petrol,bmw,no,8.08
30266,4999,station wagon,manual,140,a4,150000,diesel,audi,no,12.33
30267,2800,station wagon,manual,140,3er,150000,petrol,bmw,no,16.08
30268,5900,station wagon,manual,116,touran,150000,petrol,volkswagen,no,15.0
30269,27200,limousine,manual,177,a6,50000,diesel,audi,no,6.58
30270,8900,bus,manual,140,touran,150000,diesel,volkswagen,no,11.75
30271,5000,small car,manual,87,yaris,50000,petrol,toyota,yes,11.58
30273,12499,suv,manual,163,i_reihe,60000,petrol,hyundai,no,7.08
30274,12699,cabrio,manual,231,z_reihe,125000,petrol,bmw,no,14.58
30275,2799,small car,manual,54,fabia,150000,lpg,skoda,no,12.42
30282,300,limousine,manual,101,80,150000,petrol,audi,no,24.08
30283,4900,small car,manual,90,one,80000,petrol,mini,no,16.5
30284,1750,bus,manual,101,zafira,150000,petrol,opel,no,17.83
30286,11500,limousine,manual,177,1er,150000,diesel,bmw,no,10.67
30288,2500,station wagon,manual,116,a4,150000,diesel,audi,no,18.33
30290,5000,bus,manual,86,kangoo,125000,diesel,renault,no,10.83
30292,900,small car,manual,54,corsa,125000,petrol,opel,no,18.92
30293,6000,suv,automatic,224,touareg,150000,diesel,volkswagen,no,12.67
30297,13900,bus,manual,116,galaxy,125000,diesel,ford,yes,6.08
30298,35250,limousine,automatic,299,a6,70000,petrol,audi,no,7.75
30301,12500,limousine,automatic,232,q7,150000,diesel,audi,no,12.75
30303,5200,limousine,automatic,286,7er,150000,lpg,bmw,no,22.42
30304,2000,limousine,manual,75,golf,150000,petrol,volkswagen,no,20.83
30305,1400,limousine,manual,101,astra,150000,petrol,opel,no,16.08
30306,3450,small car,manual,110,micra,125000,petrol,nissan,no,13.75
30307,14450,limousine,manual,122,golf,30000,petrol,volkswagen,no,6.92
30308,1999,station wagon,manual,193,5er,150000,petrol,bmw,no,20.42
30310,2000,small car,manual,54,fabia,150000,petrol,skoda,no,15.67
30311,1100,limousine,automatic,90,80,100000,petrol,audi,yes,27.58
30313,950,small car,automatic,62,lupo,150000,diesel,volkswagen,yes,18.17
30314,16300,coupe,manual,313,others,90000,petrol,nissan,no,11.5
30315,7800,small car,manual,86,polo,80000,petrol,volkswagen,no,8.92
30318,2600,station wagon,manual,90,escort,150000,petrol,ford,no,30.0
30321,3500,suv,manual,82,jimny,80000,petrol,suzuki,no,18.0
30324,1699,small car,manual,50,lupo,80000,petrol,volkswagen,no,19.83
30327,22990,limousine,manual,110,a3,20000,diesel,audi,no,4.67
30328,3000,bus,manual,136,touran,150000,diesel,volkswagen,yes,15.75
30329,8700,station wagon,automatic,224,c_klasse,150000,diesel,mercedes_benz,no,14.58
30331,4899,small car,manual,60,up,80000,petrol,volkswagen,yes,8.0
30332,5000,station wagon,manual,231,5er,150000,petrol,bmw,no,17.75
30333,5900,bus,manual,73,others,50000,petrol,fiat,no,9.75
30336,9000,station wagon,manual,170,passat,150000,diesel,volkswagen,no,10.42
30338,1200,small car,manual,50,arosa,150000,petrol,seat,no,18.08
30339,10000,cabrio,manual,69,500,40000,petrol,fiat,no,6.67
30340,2900,limousine,manual,131,a4,150000,petrol,audi,no,17.17
30341,5500,limousine,automatic,193,5er,150000,diesel,bmw,no,18.92
30342,19149,limousine,manual,122,a_klasse,20000,petrol,mercedes_benz,no,4.92
30343,3999,coupe,automatic,230,clk,150000,petrol,mercedes_benz,no,20.08
30346,1150,limousine,manual,101,golf,150000,petrol,volkswagen,no,19.17
30347,2800,station wagon,manual,102,v40,150000,diesel,volvo,no,17.83
30348,300,coupe,manual,90,tigra,150000,petrol,opel,no,24.42
30350,2100,small car,manual,60,corsa,150000,petrol,opel,no,14.42
30351,2100,limousine,manual,144,omega,100000,petrol,opel,no,18.33
30353,1450,limousine,manual,75,focus,150000,petrol,ford,no,19.25
30354,600,small car,automatic,54,fortwo,100000,petrol,smart,yes,19.25
30358,3000,limousine,manual,101,golf,150000,diesel,volkswagen,no,15.75
30359,6250,limousine,manual,125,leon,150000,petrol,seat,no,9.58
30361,2450,limousine,manual,110,mondeo,150000,petrol,ford,no,16.25
30363,32900,suv,automatic,200,wrangler,70000,diesel,jeep,no,5.17
30364,9500,station wagon,manual,143,3er,150000,petrol,bmw,no,10.42
30365,2700,limousine,manual,101,golf,150000,petrol,volkswagen,no,20.0
30366,5990,small car,manual,101,polo,150000,diesel,volkswagen,no,12.67
30367,1700,small car,manual,60,corsa,125000,petrol,opel,no,14.0
30368,33900,limousine,automatic,457,c_klasse,100000,petrol,mercedes_benz,no,9.25
30373,1000,limousine,manual,54,golf,100000,petrol,volkswagen,no,28.25
30374,2299,coupe,manual,52,others,150000,petrol,fiat,no,46.5
30375,5800,station wagon,manual,120,vectra,150000,diesel,opel,no,11.08
30377,12999,limousine,automatic,240,3er,150000,diesel,bmw,no,11.33
30378,2000,bus,manual,147,zafira,150000,lpg,opel,no,15.42
30379,9990,station wagon,manual,160,octavia,150000,petrol,skoda,no,12.0
30380,1690,small car,manual,75,corsa,150000,petrol,opel,no,16.17
30381,17000,small car,manual,201,clio,30000,petrol,renault,no,6.58
30383,8500,limousine,automatic,163,e_klasse,90000,petrol,mercedes_benz,no,15.67
30384,6800,station wagon,automatic,140,touran,150000,diesel,volkswagen,no,12.0
30385,17450,limousine,manual,143,3er,80000,diesel,bmw,no,7.92
30386,3000,others,manual,115,others,150000,diesel,opel,yes,15.25
30387,13980,limousine,automatic,140,golf,100000,diesel,volkswagen,no,8.08
30388,6200,limousine,manual,105,golf,150000,diesel,volkswagen,no,12.42
30389,900,small car,manual,54,twingo,125000,petrol,renault,no,18.25
30390,7250,limousine,manual,116,a_klasse,125000,petrol,mercedes_benz,no,11.58
30391,18500,station wagon,manual,143,a4,100000,diesel,audi,no,7.0
30392,4800,small car,manual,75,twingo,50000,petrol,renault,no,6.33
30394,3200,station wagon,manual,122,v40,150000,petrol,volvo,no,15.25
30397,20999,suv,automatic,184,sportage,80000,diesel,kia,no,5.08
30400,3499,limousine,manual,136,c_klasse,10000,petrol,mercedes_benz,no,19.33
30401,3450,small car,manual,120,2_reihe,125000,petrol,peugeot,no,12.0
30402,1700,small car,manual,60,polo,125000,petrol,volkswagen,no,18.17
30403,2600,station wagon,manual,100,focus,150000,diesel,ford,no,14.67
30406,5000,cabrio,manual,98,golf,150000,petrol,volkswagen,no,27.58
30407,9300,bus,manual,105,touran,100000,diesel,volkswagen,no,13.0
30408,1250,small car,manual,60,lupo,150000,diesel,volkswagen,no,18.42
30409,6299,cabrio,manual,170,a4,150000,petrol,audi,no,16.5
30410,1500,limousine,manual,116,stilo,150000,diesel,fiat,no,15.33
30412,5400,station wagon,manual,125,focus,90000,petrol,ford,no,8.5
30414,2599,bus,manual,136,others,150000,diesel,mazda,no,15.33
30415,6690,station wagon,manual,150,laguna,150000,diesel,renault,no,9.08
30416,1650,station wagon,manual,140,156,150000,diesel,alfa_romeo,no,17.67
30417,11500,limousine,manual,150,focus,60000,petrol,ford,no,7.75
30419,9990,station wagon,automatic,150,others,150000,petrol,mercedes_benz,no,25.33
30421,6200,bus,manual,105,transporter,150000,diesel,volkswagen,no,13.42
30424,700,limousine,manual,75,polo,150000,petrol,volkswagen,no,19.5
30425,4700,cabrio,automatic,163,c_reihe,150000,petrol,volvo,no,17.58
30426,6700,limousine,automatic,224,e_klasse,150000,diesel,mercedes_benz,no,11.42
30429,2590,station wagon,manual,110,octavia,150000,diesel,skoda,no,17.92
30430,3950,small car,manual,69,ibiza,150000,diesel,seat,no,11.5
30431,1690,station wagon,manual,120,astra,150000,diesel,opel,no,13.08
30433,450,limousine,manual,75,3_reihe,150000,petrol,peugeot,no,17.25
30436,2100,limousine,manual,90,golf,150000,diesel,volkswagen,no,20.83
30438,3800,limousine,manual,113,megane,70000,petrol,renault,no,13.58
30439,1500,small car,manual,75,astra,90000,petrol,opel,no,21.67
30440,599,small car,manual,60,punto,150000,petrol,fiat,no,19.83
30442,3600,small car,manual,59,jimny,70000,petrol,suzuki,no,20.83
30443,13000,bus,manual,151,transporter,150000,diesel,volkswagen,no,17.08
30447,19850,limousine,manual,156,c_klasse,60000,petrol,mercedes_benz,no,5.92
30448,500,small car,manual,60,others,150000,petrol,citroen,no,18.58
30450,7500,suv,automatic,163,m_klasse,150000,diesel,mercedes_benz,no,14.33
30453,26500,coupe,automatic,295,others,125000,petrol,porsche,no,10.08
30455,18400,station wagon,automatic,313,5er,150000,diesel,bmw,no,7.92
30456,2800,cabrio,manual,103,astra,150000,lpg,opel,no,15.58
30457,800,bus,manual,107,scenic,150000,petrol,renault,yes,16.58
30459,2450,small car,manual,101,fiesta,150000,petrol,ford,no,14.33
30461,3500,station wagon,automatic,143,e_klasse,150000,diesel,mercedes_benz,no,18.17
30462,6500,station wagon,manual,140,a3,150000,diesel,audi,no,12.67
30463,20400,station wagon,manual,150,focus,10000,petrol,ford,no,3.42
30466,9200,station wagon,manual,105,superb,150000,diesel,skoda,no,6.17
30467,2550,limousine,manual,116,147,150000,diesel,alfa_romeo,no,15.42
30468,4450,station wagon,manual,163,v70,150000,diesel,volvo,no,13.25
30469,3950,small car,manual,95,forfour,125000,petrol,smart,no,12.67
30471,4499,limousine,manual,193,5er,150000,petrol,bmw,no,18.92
30472,3500,bus,manual,101,touran,150000,diesel,volkswagen,no,15.75
30473,4999,suv,manual,141,tucson,150000,lpg,hyundai,no,12.42
30475,4600,limousine,manual,105,golf,150000,diesel,volkswagen,no,14.42
30476,2000,limousine,manual,150,a6,150000,diesel,audi,no,19.58
30478,3700,small car,manual,77,others,80000,petrol,fiat,no,11.75
30482,3150,limousine,manual,75,twingo,100000,petrol,renault,no,8.08
30483,3650,limousine,automatic,179,e_klasse,150000,petrol,mercedes_benz,no,26.42
30484,1850,limousine,manual,84,astra,150000,petrol,opel,no,17.33
30485,3500,limousine,manual,193,5er,150000,petrol,bmw,no,21.25
30486,900,cabrio,manual,85,astra,150000,petrol,opel,no,22.0
30487,12950,limousine,manual,280,vectra,100000,petrol,opel,no,11.42
30488,350,small car,manual,39,seicento,150000,petrol,fiat,no,19.17
30489,289,small car,manual,60,ka,150000,petrol,ford,no,21.58
30490,2300,limousine,manual,84,astra,150000,petrol,opel,no,17.08
30492,36900,limousine,automatic,300,others,50000,petrol,audi,no,6.0
30493,3800,station wagon,manual,112,scenic,100000,petrol,renault,no,12.5
30495,2599,station wagon,manual,102,octavia,150000,petrol,skoda,no,15.0
30496,600,small car,manual,113,polo,150000,petrol,volkswagen,no,25.08
30498,3900,limousine,manual,177,e_klasse,150000,diesel,mercedes_benz,no,16.83
30499,4500,station wagon,automatic,143,3er,150000,petrol,bmw,no,16.75
30500,200,limousine,manual,90,others,150000,petrol,rover,yes,24.0
30501,5500,bus,manual,140,touran,150000,petrol,volkswagen,yes,9.42
30502,1500,limousine,manual,122,c_klasse,150000,petrol,mercedes_benz,no,23.5
30503,700,small car,manual,60,punto,150000,petrol,fiat,no,18.0
30506,750,limousine,manual,101,astra,125000,petrol,opel,no,20.67
30507,9000,suv,manual,136,captiva,30000,petrol,chevrolet,no,10.42
30508,3999,cabrio,manual,109,2_reihe,70000,petrol,peugeot,no,16.0
30514,10000,station wagon,manual,163,3er,150000,diesel,bmw,no,14.0
30515,2400,limousine,manual,116,5er,150000,petrol,bmw,no,24.75
30516,8900,station wagon,automatic,224,a6,150000,diesel,audi,no,12.08
30517,950,coupe,manual,102,3er,150000,petrol,bmw,no,21.25
30518,26300,cabrio,automatic,205,slk,30000,petrol,mercedes_benz,no,7.58
30520,7600,station wagon,manual,102,caddy,90000,petrol,volkswagen,no,10.25
30521,3800,limousine,automatic,300,a8,150000,petrol,audi,no,24.0
30524,650,limousine,manual,140,others,150000,diesel,alfa_romeo,yes,17.67
30527,400,small car,manual,90,golf,150000,petrol,volkswagen,yes,32.0
30528,6499,bus,manual,75,caddy,150000,petrol,volkswagen,no,12.92
30529,2400,suv,manual,120,freelander,150000,petrol,land_rover,no,19.5
30532,14500,limousine,manual,105,golf,40000,diesel,volkswagen,no,5.33
30533,11500,limousine,manual,200,golf,150000,petrol,volkswagen,no,13.42
30534,1350,small car,manual,75,others,150000,petrol,toyota,no,22.75
30535,2800,limousine,manual,150,kadett,150000,petrol,opel,yes,27.25
30536,1700,small car,manual,75,2_reihe,150000,petrol,peugeot,yes,9.33
30537,14650,station wagon,automatic,235,5er,150000,diesel,bmw,no,12.0
30538,5000,station wagon,automatic,241,forester,150000,petrol,subaru,no,17.17
30539,800,small car,manual,69,corsa,150000,diesel,opel,yes,15.92
30540,1300,small car,manual,54,clio,150000,petrol,renault,no,19.92
30541,9890,bus,manual,175,s_max,150000,diesel,ford,no,9.17
30542,900,bus,manual,101,others,150000,diesel,mazda,yes,15.67
30543,2900,bus,manual,131,scenic,150000,diesel,renault,no,13.67
30545,1199,limousine,manual,105,3er,150000,petrol,bmw,no,19.67
30549,1500,small car,manual,60,twingo,150000,petrol,renault,no,18.0
30553,150,small car,manual,55,clio,150000,petrol,renault,yes,21.83
30556,1999,small car,manual,55,polo,150000,petrol,volkswagen,no,15.92
30557,1190,limousine,manual,60,astra,150000,lpg,opel,no,23.17
30560,550,small car,manual,55,corsa,150000,petrol,opel,no,20.25
30562,400,bus,manual,75,kangoo,150000,petrol,renault,no,19.75
30563,1100,limousine,manual,150,3er,150000,petrol,bmw,yes,24.08
30564,17000,limousine,automatic,170,e_klasse,90000,diesel,mercedes_benz,no,9.58
30565,4300,small car,manual,60,corsa,90000,petrol,opel,no,11.25
30566,4200,small car,manual,131,others,150000,diesel,fiat,no,12.83
30568,1100,station wagon,manual,90,focus,150000,petrol,ford,no,19.33
30570,4850,cabrio,automatic,71,fortwo,70000,petrol,smart,no,11.42
30573,1990,station wagon,manual,195,passat,150000,petrol,volkswagen,no,20.75
30574,4490,bus,manual,140,altea,150000,diesel,seat,no,12.5
30576,550,limousine,manual,102,escort,150000,petrol,ford,no,24.33
30577,2999,bus,manual,88,transporter,150000,diesel,volkswagen,no,15.17
30579,500,small car,manual,75,golf,150000,petrol,volkswagen,no,26.0
30580,1250,station wagon,manual,122,v40,150000,petrol,volvo,no,17.83
30582,12000,station wagon,manual,170,a3,125000,diesel,audi,no,8.5
30583,3100,small car,automatic,75,clio,80000,petrol,renault,no,15.33
30584,3800,small car,manual,69,fiesta,100000,petrol,ford,no,11.67
30585,4990,station wagon,automatic,197,e_klasse,150000,diesel,mercedes_benz,no,17.5
30589,950,small car,manual,75,2_reihe,150000,petrol,peugeot,no,16.5
30590,950,limousine,automatic,90,others,150000,diesel,citroen,no,20.42
30592,1100,coupe,manual,70,clio,150000,petrol,renault,no,18.0
30593,700,small car,manual,60,polo,150000,petrol,volkswagen,no,22.33
30594,33400,suv,automatic,231,m_klasse,125000,diesel,mercedes_benz,no,7.08
30596,5200,limousine,manual,110,astra,150000,diesel,opel,no,10.5
30598,1900,coupe,manual,116,a3,150000,petrol,audi,no,21.08
30599,29999,coupe,automatic,450,others,150000,petrol,audi,no,7.25
30600,10880,limousine,manual,184,c_klasse,90000,petrol,mercedes_benz,no,11.33
30601,2999,limousine,automatic,82,a_klasse,150000,petrol,mercedes_benz,yes,15.17
30604,4800,station wagon,manual,80,focus,100000,petrol,ford,no,13.67
30605,3000,limousine,manual,136,c_klasse,125000,petrol,mercedes_benz,no,22.5
30606,1590,station wagon,manual,90,focus,150000,diesel,ford,no,18.25
30607,6800,station wagon,manual,109,b_klasse,150000,diesel,mercedes_benz,yes,11.17
30609,750,limousine,manual,75,astra,150000,petrol,opel,yes,18.33
30610,500,station wagon,manual,175,156,150000,diesel,alfa_romeo,yes,14.58
30612,1900,station wagon,manual,116,focus,150000,petrol,ford,no,14.25
30613,800,limousine,manual,90,a3,150000,diesel,audi,no,19.75
30615,1195,small car,automatic,54,fortwo,125000,petrol,smart,no,19.92
30616,550,station wagon,manual,101,passat,150000,lpg,volkswagen,no,21.75
30617,600,limousine,manual,75,golf,150000,petrol,volkswagen,no,19.42
30618,500,small car,manual,135,2_reihe,150000,petrol,peugeot,no,18.42
30619,13200,station wagon,manual,114,v60,100000,diesel,volvo,no,6.25
30620,1000,limousine,manual,69,golf,150000,petrol,volkswagen,no,27.33
30621,9850,limousine,manual,86,golf,30000,petrol,volkswagen,yes,4.58
30623,750,station wagon,manual,150,a6,150000,petrol,audi,no,22.42
30625,2550,small car,manual,75,polo,125000,petrol,volkswagen,no,18.67
30626,6800,station wagon,manual,140,a4,150000,diesel,audi,no,12.67
30627,150,small car,manual,60,1_reihe,150000,petrol,peugeot,yes,16.08
30628,8950,cabrio,manual,224,tt,150000,petrol,audi,no,18.25
30632,19990,limousine,automatic,286,5er,100000,diesel,bmw,no,11.75
30633,22900,bus,automatic,163,vito,150000,diesel,mercedes_benz,no,7.92
30634,1350,small car,manual,60,ibiza,150000,petrol,seat,yes,10.25
30636,350,limousine,automatic,147,others,150000,petrol,ford,yes,21.25
30637,10400,cabrio,manual,170,cooper,100000,petrol,mini,no,13.5
30641,11700,station wagon,manual,105,octavia,150000,diesel,skoda,no,5.75
30644,13000,bus,manual,125,zafira,90000,diesel,opel,no,6.67
30645,899,bus,manual,102,others,150000,diesel,mitsubishi,no,17.17
30646,1000,small car,manual,58,corsa,150000,petrol,opel,no,16.58
30647,7800,small car,manual,105,ibiza,10000,petrol,seat,yes,3.5
30648,22000,station wagon,manual,143,3er,80000,diesel,bmw,no,7.58
30652,4500,coupe,automatic,170,clk,150000,diesel,mercedes_benz,no,15.5
30653,1800,small car,manual,55,golf,150000,petrol,volkswagen,no,29.0
30656,9950,coupe,manual,170,others,150000,petrol,toyota,no,33.58
30657,24000,limousine,automatic,245,a6,150000,diesel,audi,no,7.67
30658,1200,limousine,manual,101,focus,150000,diesel,ford,no,14.58
30659,2150,small car,manual,50,fortwo,150000,petrol,smart,no,15.75
30661,550,small car,manual,73,punto,150000,petrol,fiat,no,23.08
30662,16500,coupe,automatic,239,a5,150000,diesel,audi,no,10.67
30663,14999,station wagon,automatic,204,3er,150000,diesel,bmw,no,7.58
30664,9800,bus,automatic,150,grand,125000,diesel,chrysler,no,11.25
30665,1200,small car,manual,60,2_reihe,150000,petrol,peugeot,no,18.75
30667,13990,limousine,manual,125,focus,50000,petrol,ford,no,4.83
30668,600,limousine,manual,75,golf,150000,petrol,volkswagen,no,20.67
30669,600,station wagon,manual,116,focus,150000,petrol,ford,no,18.17
30671,4490,small car,manual,75,a2,100000,petrol,audi,no,16.83
30672,800,limousine,automatic,90,a_klasse,150000,diesel,mercedes_benz,yes,19.08
30673,6100,bus,manual,128,others,150000,diesel,kia,no,8.67
30674,3850,station wagon,manual,116,3er,150000,petrol,bmw,no,15.0
30675,2500,small car,manual,136,2_reihe,150000,petrol,peugeot,no,16.67
30677,9900,bus,manual,90,lodgy,40000,diesel,dacia,no,5.08
30680,3000,limousine,automatic,299,a6,150000,petrol,audi,no,18.08
30681,10900,suv,manual,136,x_trail,60000,diesel,nissan,no,12.5
30682,1100,station wagon,manual,105,passat,150000,diesel,volkswagen,no,20.0
30683,9900,suv,automatic,155,others,150000,petrol,jeep,no,29.58
30686,999,limousine,manual,105,golf,150000,petrol,volkswagen,yes,16.25
30687,4799,limousine,manual,105,golf,150000,diesel,volkswagen,no,14.33
30688,3500,limousine,manual,75,golf,100000,petrol,volkswagen,no,16.08
30689,999,small car,manual,98,clio,150000,petrol,renault,no,14.67
30690,5700,limousine,automatic,140,golf,150000,diesel,volkswagen,no,13.42
30692,530,small car,manual,50,arosa,150000,petrol,seat,no,22.0
30693,14000,station wagon,manual,140,a3,100000,diesel,audi,no,8.58
30694,8000,suv,automatic,184,x_reihe,150000,diesel,bmw,no,15.75
30698,2200,bus,manual,87,meriva,150000,petrol,opel,no,14.42
30699,899,small car,manual,60,ypsilon,80000,petrol,lancia,no,18.25
30700,1699,coupe,manual,116,golf,150000,petrol,volkswagen,no,21.42
30701,1999,limousine,manual,110,leon,150000,diesel,seat,no,16.33
30702,3390,small car,manual,58,clio,40000,petrol,renault,no,14.42
30703,11980,bus,manual,140,touran,80000,petrol,volkswagen,no,8.42
30704,24980,cabrio,automatic,306,3er,80000,petrol,bmw,no,10.25
30705,1849,limousine,manual,150,passat,150000,petrol,volkswagen,no,17.25
30706,5750,suv,manual,125,c4,150000,petrol,citroen,no,13.0
30708,5500,bus,manual,105,touran,150000,diesel,volkswagen,no,14.92
30710,16450,limousine,manual,150,qashqai,70000,diesel,nissan,no,8.83
30711,8490,station wagon,manual,231,3er,150000,petrol,bmw,no,14.5
30712,1600,small car,manual,50,lupo,150000,petrol,volkswagen,no,16.0
30714,3200,station wagon,manual,109,3_reihe,150000,petrol,peugeot,no,14.92
30718,22500,limousine,automatic,232,q7,90000,diesel,audi,no,12.08
30720,999,station wagon,manual,132,others,150000,petrol,mercedes_benz,yes,27.83
30721,24950,limousine,automatic,245,5er,125000,diesel,bmw,no,9.0
30723,17400,station wagon,automatic,140,superb,80000,diesel,skoda,no,5.25
30724,500,limousine,manual,55,punto,150000,petrol,fiat,no,21.83
30726,4790,small car,manual,65,micra,125000,petrol,nissan,no,10.5
30727,10000,cabrio,manual,160,a3,150000,petrol,audi,no,10.5
30728,26500,suv,automatic,184,x_reihe,100000,diesel,bmw,no,7.75
30730,2380,others,manual,75,focus,150000,petrol,ford,no,14.33
30732,500,limousine,manual,75,astra,150000,petrol,opel,no,19.17
30735,13400,station wagon,manual,122,octavia,60000,petrol,skoda,no,6.83
30736,9999,small car,manual,90,corsa,5000,petrol,opel,no,3.25
30737,1100,station wagon,manual,90,passat,150000,petrol,volkswagen,no,25.92
30739,5500,limousine,automatic,136,e_klasse,80000,petrol,mercedes_benz,no,21.5
30742,15450,suv,manual,173,cx_reihe,90000,diesel,mazda,no,7.92
30744,600,small car,manual,60,polo,150000,petrol,volkswagen,no,20.42
30749,450,station wagon,automatic,170,5er,150000,petrol,bmw,yes,21.58
30750,1670,small car,manual,68,c1,150000,petrol,citroen,no,12.0
30751,4600,limousine,manual,147,3_reihe,150000,petrol,peugeot,no,25.42
30752,2300,limousine,manual,75,golf,125000,petrol,volkswagen,no,16.17
30754,6850,cabrio,manual,120,2_reihe,150000,petrol,peugeot,no,11.5
30755,3900,small car,manual,61,fortwo,60000,petrol,smart,no,8.83
30756,5000,station wagon,manual,140,3_reihe,150000,petrol,peugeot,no,11.33
30757,700,station wagon,manual,75,golf,150000,petrol,volkswagen,no,23.92
30758,7300,suv,manual,150,antara,150000,diesel,opel,no,11.25
30759,18300,limousine,manual,110,golf,20000,diesel,volkswagen,no,3.08
30761,600,bus,manual,75,scenic,125000,petrol,renault,no,19.25
30763,1695,limousine,manual,101,a4,150000,petrol,audi,no,21.83
30768,2150,limousine,manual,116,passat,150000,petrol,volkswagen,no,17.42
30769,12450,station wagon,automatic,231,3er,150000,diesel,bmw,no,12.17
30770,23399,bus,manual,116,vivaro,20000,diesel,opel,no,3.67
30771,78993,coupe,automatic,286,911,125000,petrol,porsche,no,22.25
30773,7450,bus,manual,86,roomster,70000,petrol,skoda,no,10.5
30774,14900,cabrio,manual,200,spider,80000,diesel,alfa_romeo,no,10.33
30775,300,small car,manual,55,polo,150000,petrol,volkswagen,yes,26.75
30776,7800,station wagon,automatic,272,e_klasse,150000,petrol,mercedes_benz,no,12.58
30777,4200,small car,manual,120,147,150000,petrol,alfa_romeo,no,11.0
30780,1100,limousine,manual,75,astra,150000,petrol,opel,no,20.0
30781,5100,limousine,manual,163,1er,150000,diesel,bmw,no,12.33
30784,15900,coupe,manual,170,tt,125000,diesel,audi,no,9.25
30785,13999,limousine,manual,143,1er,70000,petrol,bmw,no,9.92
30787,1750,small car,manual,50,twingo,150000,petrol,renault,no,14.33
30790,1250,small car,manual,58,twingo,150000,petrol,renault,no,13.42
30791,3900,bus,manual,116,transporter,150000,diesel,volkswagen,no,15.0
30793,599,small car,manual,54,punto,150000,petrol,fiat,no,23.17
30794,2390,coupe,manual,95,forfour,125000,petrol,smart,no,14.42
30795,26500,limousine,automatic,239,q5,150000,diesel,audi,no,9.5
30796,700,suv,automatic,150,others,150000,diesel,hyundai,yes,15.25
30798,299,small car,manual,55,punto,150000,petrol,fiat,yes,22.17
30799,2650,small car,automatic,80,fiesta,125000,petrol,ford,no,15.25
30800,26900,limousine,manual,116,3er,10000,diesel,bmw,no,3.83
30801,2500,coupe,automatic,200,accord,150000,petrol,honda,yes,20.83
30804,26900,suv,manual,122,defender,80000,diesel,land_rover,no,9.25
30805,500,small car,manual,58,twingo,150000,petrol,renault,no,18.67
30809,5250,limousine,manual,75,others,100000,diesel,mercedes_benz,no,29.42
30810,12900,small car,manual,184,cooper,70000,petrol,mini,no,7.58
30812,1799,station wagon,manual,110,passat,150000,petrol,volkswagen,no,19.0
30814,13000,cabrio,manual,140,3_reihe,100000,diesel,peugeot,no,8.83
30815,3900,small car,automatic,87,yaris,50000,petrol,toyota,no,13.58
30816,27999,suv,automatic,170,q5,100000,diesel,audi,no,8.75
30818,400,small car,manual,60,ka,150000,petrol,ford,no,18.42
30825,5950,small car,manual,75,clio,70000,petrol,renault,no,6.67
30828,4500,small car,manual,80,corsa,125000,petrol,opel,no,12.0
30832,2650,limousine,manual,122,c_klasse,125000,petrol,mercedes_benz,no,21.42
30834,700,small car,manual,75,others,20000,petrol,peugeot,no,23.83
30836,25800,suv,manual,160,tiguan,30000,petrol,volkswagen,no,4.58
30837,5500,coupe,manual,108,c_reihe,150000,diesel,volvo,no,10.25
30839,6900,coupe,manual,190,others,5000,petrol,honda,no,20.0
30840,3500,limousine,manual,150,3er,150000,petrol,bmw,no,27.83
30841,1750,small car,manual,82,a_klasse,125000,petrol,mercedes_benz,no,19.67
30842,11600,station wagon,manual,125,a3,90000,petrol,audi,no,9.25
30844,6900,suv,manual,231,x_reihe,150000,petrol,bmw,no,17.58
30845,88900,cabrio,automatic,349,911,20000,petrol,porsche,no,6.58
30846,9000,coupe,automatic,170,a5,150000,petrol,audi,yes,10.58
30848,1060,small car,manual,65,corsa,150000,petrol,opel,no,19.83
30849,900,station wagon,manual,117,others,150000,petrol,mitsubishi,no,21.75
30850,16990,suv,automatic,184,captiva,40000,diesel,chevrolet,no,6.33
30852,300,small car,manual,45,polo,150000,petrol,volkswagen,yes,22.42
30854,2400,small car,manual,102,swift,125000,petrol,suzuki,yes,11.5
30856,2950,station wagon,manual,150,laguna,150000,diesel,renault,no,13.92
30857,17200,cabrio,automatic,231,sl,90000,petrol,mercedes_benz,no,22.83
30858,17999,limousine,manual,143,3er,70000,diesel,bmw,no,7.17
30859,5490,small car,manual,86,fabia,125000,petrol,skoda,no,10.17
30864,16399,station wagon,manual,165,astra,50000,diesel,opel,no,5.75
30865,2500,station wagon,manual,150,vectra,150000,diesel,opel,no,14.92
30866,1500,small car,manual,75,corsa,150000,petrol,opel,no,18.92
30870,1200,limousine,manual,75,megane,100000,petrol,renault,no,20.25
30871,10490,limousine,automatic,224,e_klasse,150000,diesel,mercedes_benz,no,11.25
30875,2300,station wagon,manual,131,passat,150000,diesel,volkswagen,no,18.0
30876,2999,limousine,manual,135,megane,125000,petrol,renault,no,14.33
30878,8999,cabrio,manual,116,eos,80000,petrol,volkswagen,no,11.08
30879,1700,limousine,manual,193,5er,150000,petrol,bmw,no,22.58
30882,399,small car,manual,60,polo,150000,petrol,volkswagen,no,19.0
30883,40950,limousine,automatic,190,x_reihe,5000,diesel,bmw,no,3.92
30884,3490,small car,manual,64,fabia,80000,petrol,skoda,no,12.33
30885,4699,station wagon,manual,109,focus,150000,diesel,ford,no,7.25
30886,349,limousine,manual,75,astra,150000,petrol,opel,yes,21.92
30890,750,station wagon,manual,75,almera,150000,petrol,nissan,no,20.83
30893,7900,station wagon,automatic,170,a4,150000,petrol,audi,no,17.5
30894,10200,limousine,manual,125,a3,100000,petrol,audi,no,10.25
30896,3950,limousine,manual,150,5er,150000,petrol,bmw,no,19.17
30897,9900,small car,manual,122,cooper,125000,petrol,mini,no,8.33
30898,1500,coupe,manual,140,3er,150000,petrol,bmw,no,25.33
30899,999,small car,manual,60,punto,100000,petrol,fiat,no,18.08
30902,9400,small car,manual,69,500,20000,petrol,fiat,no,4.42
30903,6500,suv,automatic,231,x_reihe,150000,lpg,bmw,no,17.42
30904,4250,small car,manual,105,golf,100000,petrol,volkswagen,no,17.5
30905,2249,limousine,manual,101,golf,150000,petrol,volkswagen,no,18.17
30906,8200,station wagon,automatic,231,5er,150000,diesel,bmw,no,13.92
30907,14000,limousine,automatic,136,c_klasse,125000,diesel,mercedes_benz,no,7.5
30909,9800,station wagon,manual,143,3er,150000,diesel,bmw,no,9.67
30910,800,station wagon,manual,109,3_reihe,100000,diesel,peugeot,yes,10.33
30913,16999,limousine,automatic,204,c_klasse,150000,diesel,mercedes_benz,no,7.67
30914,2850,cabrio,manual,116,golf,150000,petrol,volkswagen,no,24.42
30915,1500,station wagon,automatic,211,omega,125000,petrol,opel,no,20.83
30917,3150,limousine,manual,105,astra,150000,petrol,opel,no,14.0
30921,150,limousine,manual,90,bravo,150000,petrol,fiat,yes,21.0
30922,800,small car,manual,60,twingo,150000,petrol,renault,no,19.67
30929,2350,limousine,automatic,125,a3,150000,petrol,audi,no,20.17
30930,9500,limousine,automatic,225,a6,150000,diesel,audi,no,13.83
30931,8499,station wagon,manual,86,fabia,70000,petrol,skoda,no,9.92
30932,3500,station wagon,manual,170,5er,150000,petrol,bmw,no,17.42
30933,19780,station wagon,automatic,500,e_klasse,150000,petrol,mercedes_benz,no,15.75
30934,2950,limousine,manual,87,logan,150000,lpg,dacia,no,11.5
30937,690,bus,manual,107,scenic,150000,petrol,renault,no,18.75
30938,9890,cabrio,manual,113,3er,100000,petrol,bmw,no,27.58
30940,600,bus,manual,150,others,150000,petrol,mitsubishi,no,18.08
30941,300,small car,manual,75,colt,150000,petrol,mitsubishi,yes,27.75
30942,4800,bus,manual,101,others,125000,petrol,renault,no,10.42
30943,2149,limousine,manual,116,beetle,150000,petrol,volkswagen,no,19.08
30945,8999,small car,manual,143,ibiza,150000,diesel,seat,no,8.25
30946,6800,bus,manual,140,sharan,150000,diesel,volkswagen,no,12.58
30947,9000,bus,manual,105,transporter,90000,diesel,volkswagen,no,14.5
30948,2700,coupe,manual,136,others,150000,petrol,mercedes_benz,no,28.5
30952,3390,small car,manual,75,ibiza,125000,petrol,seat,no,13.58
30955,2000,station wagon,manual,170,c_klasse,150000,diesel,mercedes_benz,no,17.67
30956,3200,bus,automatic,116,sharan,150000,diesel,volkswagen,no,14.67
30957,900,station wagon,manual,90,3_reihe,150000,diesel,peugeot,yes,17.33
30958,9999,coupe,manual,260,others,100000,petrol,alfa_romeo,no,12.25
30959,17900,station wagon,automatic,235,5er,150000,diesel,bmw,no,10.83
30960,2150,bus,manual,64,caddy,150000,diesel,volkswagen,no,15.92
30961,350,small car,manual,60,ka,150000,petrol,ford,yes,19.5
30962,13250,limousine,manual,105,golf,20000,petrol,volkswagen,no,4.67
30963,10950,station wagon,automatic,204,e_klasse,90000,diesel,mercedes_benz,no,14.67
30965,9300,cabrio,manual,150,3er,125000,petrol,bmw,no,13.5
30968,4450,limousine,manual,120,3_reihe,150000,petrol,peugeot,no,10.25
30969,7000,cabrio,automatic,192,3er,150000,petrol,bmw,no,16.67
30971,3900,limousine,manual,116,beetle,70000,petrol,volkswagen,no,19.5
30973,8700,limousine,manual,131,megane,70000,petrol,renault,no,8.83
30975,11500,small car,manual,140,golf,150000,petrol,volkswagen,no,36.25
30977,9750,station wagon,automatic,163,5er,150000,diesel,bmw,no,11.08
30979,299,small car,manual,75,others,150000,petrol,nissan,no,24.25
30980,4000,limousine,automatic,140,golf,90000,diesel,volkswagen,no,10.0
30982,1250,bus,manual,99,others,150000,diesel,hyundai,no,18.0
30985,8000,limousine,manual,120,c4,80000,petrol,citroen,no,7.17
30986,11500,suv,automatic,170,sorento,125000,diesel,kia,no,9.25
30987,1850,limousine,manual,105,others,150000,petrol,mercedes_benz,no,29.92
30988,1350,small car,manual,60,micra,125000,petrol,nissan,no,17.25
30989,3500,small car,manual,75,fabia,80000,petrol,skoda,no,12.5
30991,7500,station wagon,automatic,275,a6,150000,diesel,audi,no,13.92
30992,3100,coupe,manual,143,3er,150000,petrol,bmw,no,16.5
30994,900,small car,manual,47,polo,150000,petrol,volkswagen,yes,15.83
30995,650,station wagon,manual,75,astra,150000,petrol,opel,no,19.08
30997,7300,station wagon,automatic,179,a4,150000,diesel,audi,no,12.67
30998,3999,cabrio,manual,140,astra,150000,petrol,opel,no,12.5
31000,7500,small car,manual,157,others,10000,petrol,peugeot,no,3.33
31001,1400,coupe,manual,101,astra,150000,petrol,opel,no,20.83
31002,3500,small car,manual,88,2_reihe,150000,lpg,peugeot,no,11.08
31005,18700,limousine,automatic,170,e_klasse,50000,diesel,mercedes_benz,no,9.75
31006,3680,cabrio,manual,75,golf,125000,petrol,volkswagen,no,21.33
31007,3650,station wagon,manual,90,corolla,150000,diesel,toyota,no,12.17
31008,14500,coupe,manual,272,3er,150000,petrol,bmw,no,11.25
31009,29550,cabrio,automatic,184,slk,20000,petrol,mercedes_benz,no,6.42
31010,3500,suv,manual,95,others,150000,petrol,daihatsu,no,23.17
31012,1500,limousine,automatic,101,vectra,150000,petrol,opel,no,20.92
31016,14900,bus,manual,105,touran,60000,diesel,volkswagen,no,6.0
31018,1999,cabrio,manual,131,others,125000,petrol,fiat,no,22.33
31019,2800,limousine,manual,170,3er,150000,petrol,bmw,no,17.83
31021,16999,cabrio,manual,211,cooper,40000,petrol,mini,no,8.58
31024,1899,limousine,manual,75,ibiza,150000,petrol,seat,no,14.75
31029,650,small car,manual,60,ypsilon,150000,petrol,lancia,no,18.25
31031,11500,suv,automatic,313,touareg,150000,diesel,volkswagen,no,14.08
31035,1000,small car,manual,125,astra,125000,petrol,opel,yes,9.58
31037,7000,cabrio,manual,218,spider,150000,petrol,alfa_romeo,no,17.25
31039,199,small car,manual,86,3_reihe,150000,petrol,mazda,no,21.0
31040,28499,cabrio,automatic,160,beetle,10000,petrol,volkswagen,no,4.83
31041,1850,bus,manual,128,others,150000,diesel,citroen,no,17.83
31043,700,limousine,manual,105,golf,150000,petrol,volkswagen,yes,17.25
31046,400,small car,manual,60,ka,125000,petrol,ford,yes,23.0
31047,6900,limousine,manual,170,c_klasse,150000,diesel,mercedes_benz,no,11.75
31048,2490,limousine,manual,102,a_klasse,150000,petrol,mercedes_benz,no,16.83
31049,1499,small car,manual,58,twingo,100000,petrol,renault,no,15.25
31051,1599,limousine,manual,90,golf,150000,diesel,volkswagen,no,20.08
31052,21550,suv,manual,170,yeti,20000,diesel,skoda,no,5.42
31053,2500,station wagon,manual,82,kalina,60000,petrol,lada,no,10.67
31054,4490,limousine,manual,60,80,50000,petrol,audi,no,34.42
31056,1499,limousine,manual,102,a_klasse,150000,petrol,mercedes_benz,no,19.5
31057,9390,limousine,manual,114,qashqai,60000,petrol,nissan,no,9.75
31058,8800,limousine,manual,105,golf,60000,petrol,volkswagen,no,7.75
31059,1050,small car,manual,60,corsa,125000,petrol,opel,no,21.42
31060,4400,limousine,automatic,163,c_klasse,150000,petrol,mercedes_benz,no,16.92
31063,6200,limousine,manual,143,c_klasse,90000,petrol,mercedes_benz,no,13.08
31064,1159,small car,manual,60,ka,90000,petrol,ford,no,19.67
31067,350,station wagon,manual,110,4_reihe,150000,lpg,peugeot,yes,18.75
31068,6200,limousine,manual,193,golf,150000,petrol,volkswagen,no,19.42
31070,3249,bus,manual,101,meriva,150000,diesel,opel,no,14.75
31071,5000,station wagon,automatic,300,a6,150000,petrol,audi,no,19.67
31072,9500,station wagon,automatic,272,5er,150000,diesel,bmw,no,11.08
31075,2200,coupe,manual,115,astra,150000,lpg,opel,no,18.25
31076,1500,small car,manual,50,arosa,125000,petrol,seat,no,16.83
31077,27900,station wagon,automatic,140,caddy,20000,diesel,volkswagen,no,6.75
31078,3000,bus,manual,120,scenic,150000,diesel,renault,no,13.25
31081,1500,limousine,manual,75,golf,150000,petrol,volkswagen,no,20.5
31083,8200,station wagon,automatic,204,e_klasse,150000,diesel,mercedes_benz,no,15.67
31087,8282,limousine,manual,129,3er,100000,petrol,bmw,no,12.5
31090,3300,coupe,manual,174,golf,150000,petrol,volkswagen,no,24.5
31091,1200,limousine,manual,75,golf,150000,petrol,volkswagen,no,17.67
31092,5599,limousine,automatic,125,astra,150000,petrol,opel,no,13.08
31093,900,small car,manual,50,polo,150000,petrol,volkswagen,no,20.17
31094,6890,station wagon,manual,140,passat,150000,diesel,volkswagen,no,10.75
31095,1590,small car,manual,75,corsa,150000,petrol,opel,no,17.5
31097,17400,station wagon,manual,170,c_klasse,70000,diesel,mercedes_benz,no,8.5
31100,7100,small car,manual,140,a3,150000,diesel,audi,no,11.25
31101,1790,coupe,automatic,102,3er,150000,petrol,bmw,no,20.67
31102,4000,small car,manual,65,polo,150000,petrol,volkswagen,no,13.5
31104,16490,station wagon,automatic,170,e_klasse,90000,diesel,mercedes_benz,no,10.25
31107,1100,limousine,manual,116,3er,150000,petrol,bmw,no,18.0
31108,3600,cabrio,manual,125,astra,125000,petrol,opel,no,13.5
31109,24200,limousine,manual,349,insignia,70000,petrol,opel,no,8.0
31112,1699,suv,manual,69,others,150000,diesel,suzuki,yes,12.33
31113,21990,suv,automatic,200,wrangler,125000,diesel,jeep,no,6.5
31114,1550,small car,manual,60,agila,125000,petrol,opel,no,17.75
31115,4000,small car,manual,69,polo,50000,petrol,volkswagen,no,9.58
31116,18500,limousine,manual,245,5er,150000,diesel,bmw,no,8.92
31117,1300,limousine,manual,101,golf,150000,petrol,volkswagen,no,20.58
31118,14500,limousine,automatic,272,x_reihe,100000,petrol,bmw,no,12.75
31119,1200,limousine,manual,98,3_reihe,150000,petrol,mazda,no,17.25
31120,2350,small car,manual,131,punto,150000,petrol,fiat,no,19.0
31125,2150,limousine,manual,116,3er,150000,petrol,bmw,no,16.67
31126,1499,limousine,manual,101,a4,150000,petrol,audi,no,20.0
31127,21900,limousine,automatic,265,others,100000,petrol,audi,no,7.67
31128,8000,coupe,manual,210,mustang,150000,petrol,ford,no,9.67
31129,3150,station wagon,manual,150,vectra,150000,diesel,opel,no,13.33
31131,22550,coupe,manual,265,scirocco,125000,petrol,volkswagen,no,8.67
31132,1700,limousine,manual,105,leon,150000,petrol,seat,no,15.92
31133,47900,limousine,automatic,245,q5,30000,diesel,audi,no,5.75
31134,11900,small car,manual,90,sandero,5000,petrol,dacia,no,4.58
31136,1700,small car,manual,58,polo,150000,petrol,volkswagen,no,23.67
31137,3500,limousine,manual,75,golf,150000,petrol,volkswagen,no,12.42
31139,2000,station wagon,manual,200,v40,150000,petrol,volvo,no,18.83
31140,1800,small car,manual,107,clio,150000,petrol,renault,no,17.33
31142,5950,limousine,manual,83,e_klasse,150000,diesel,mercedes_benz,no,28.33
31143,20800,station wagon,manual,170,a4,90000,diesel,audi,no,8.67
31145,9750,limousine,automatic,204,e_klasse,150000,diesel,mercedes_benz,no,13.33
31146,925,small car,manual,50,fiesta,150000,petrol,ford,no,18.92
31147,600,small car,manual,60,fiesta,150000,petrol,ford,no,20.5
31149,5500,suv,manual,114,x_trail,150000,diesel,nissan,no,15.5
31150,16900,suv,manual,175,xc_reihe,80000,diesel,volvo,no,9.5
31151,7900,limousine,automatic,170,3er,70000,petrol,bmw,no,16.5
31152,550,station wagon,manual,101,astra,150000,diesel,opel,no,18.5
31153,1750,bus,manual,140,espace,150000,petrol,renault,no,17.33
31154,9700,small car,manual,82,fiesta,40000,petrol,ford,no,4.08
31156,3490,limousine,manual,105,golf,40000,petrol,volkswagen,no,15.42
31157,5790,limousine,manual,116,astra,80000,petrol,opel,no,10.08
31159,37500,limousine,automatic,306,3er,70000,petrol,bmw,no,7.92
31160,15000,limousine,automatic,150,qashqai,125000,diesel,nissan,no,7.25
31162,3600,limousine,automatic,116,3er,150000,petrol,bmw,no,15.08
31164,2300,limousine,manual,75,golf,90000,petrol,volkswagen,yes,17.5
31165,11500,limousine,manual,136,c_klasse,90000,diesel,mercedes_benz,no,9.83
31167,1699,station wagon,manual,150,a4,150000,petrol,audi,no,21.33
31169,30000,suv,automatic,187,x_reihe,80000,diesel,bmw,no,8.0
31171,13000,station wagon,manual,140,passat,150000,diesel,volkswagen,no,6.17
31173,5000,small car,manual,101,polo,150000,diesel,volkswagen,no,12.75
31174,590,station wagon,manual,75,passat,150000,petrol,volkswagen,no,25.75
31175,2500,limousine,manual,130,a4,150000,diesel,audi,no,14.42
31176,1900,station wagon,manual,136,v40,150000,petrol,volvo,no,16.5
31177,14950,cabrio,manual,160,a3,50000,petrol,audi,no,9.25
31179,4299,suv,automatic,144,grand,150000,petrol,suzuki,no,18.75
31183,2650,station wagon,manual,110,astra,150000,diesel,opel,no,11.92
31184,1350,limousine,manual,90,80,150000,petrol,audi,no,24.67
31185,7300,cabrio,manual,122,eos,125000,petrol,volkswagen,no,10.33
31186,550,small car,manual,75,polo,125000,petrol,volkswagen,no,23.25
31187,1800,station wagon,manual,90,golf,150000,diesel,volkswagen,no,18.58
31188,40000,station wagon,automatic,184,a3,10000,diesel,audi,no,3.83
31192,2600,cabrio,automatic,167,clk,150000,petrol,mercedes_benz,yes,15.17
31195,2490,small car,manual,60,lupo,150000,diesel,volkswagen,no,18.25
31196,5399,coupe,manual,163,cooper,150000,petrol,mini,yes,15.5
31197,1950,limousine,manual,58,clio,80000,petrol,renault,no,16.25
31198,9500,bus,manual,105,touran,100000,diesel,volkswagen,no,9.08
31199,8200,small car,manual,70,polo,60000,petrol,volkswagen,yes,6.25
31200,1500,limousine,manual,60,fabia,150000,petrol,skoda,yes,17.0
31201,700,bus,manual,128,others,150000,diesel,citroen,no,17.5
31203,27800,limousine,manual,143,q5,30000,diesel,audi,no,6.5
31204,999,small car,manual,50,polo,150000,petrol,volkswagen,no,19.08
31206,2000,limousine,manual,116,4_reihe,100000,petrol,peugeot,no,16.83
31207,26500,suv,automatic,170,glk,70000,diesel,mercedes_benz,no,6.42
31208,3450,small car,manual,67,i_reihe,80000,petrol,hyundai,no,10.75
31209,6995,small car,manual,87,corsa,60000,petrol,opel,no,8.42
31210,2990,bus,manual,101,others,125000,diesel,mazda,no,16.0
31211,1199,small car,manual,54,micra,150000,petrol,nissan,no,24.5
31212,1799,station wagon,manual,150,3er,150000,petrol,bmw,no,20.92
31213,3999,station wagon,automatic,163,5er,150000,diesel,bmw,no,16.42
31214,2200,station wagon,manual,136,6_reihe,150000,diesel,mazda,no,14.25
31215,250,others,manual,55,golf,125000,petrol,volkswagen,no,21.5
31216,1450,station wagon,manual,147,vectra,150000,petrol,opel,no,16.08
31217,800,suv,manual,124,others,150000,petrol,ford,yes,17.92
31218,1499,small car,manual,75,1_reihe,150000,petrol,peugeot,no,20.83
31221,4600,station wagon,manual,170,a4,150000,petrol,audi,no,18.0
31223,15900,station wagon,manual,184,c_klasse,125000,petrol,mercedes_benz,no,9.75
31224,1250,station wagon,manual,71,astra,150000,petrol,opel,no,21.08
31225,6900,bus,manual,75,modus,30000,petrol,renault,no,7.75
31226,14700,limousine,manual,211,golf,100000,petrol,volkswagen,no,7.17
31227,3699,limousine,automatic,170,e_klasse,125000,petrol,mercedes_benz,no,19.08
31228,4100,small car,manual,76,twingo,100000,petrol,renault,no,9.08
31231,20000,limousine,automatic,235,golf,70000,petrol,volkswagen,no,7.75
31234,1650,limousine,manual,90,golf,150000,petrol,volkswagen,no,24.5
31239,1300,limousine,automatic,150,a6,150000,petrol,audi,yes,18.08
31241,1899,small car,automatic,61,fortwo,125000,petrol,smart,no,16.67
31242,6250,suv,manual,136,others,150000,diesel,mitsubishi,yes,16.0
31243,1150,station wagon,manual,122,6_reihe,150000,petrol,mazda,no,15.75
31244,3990,station wagon,automatic,116,golf,125000,petrol,volkswagen,no,16.42
31245,1190,limousine,manual,120,laguna,150000,petrol,renault,no,15.92
31246,3200,station wagon,automatic,279,e_klasse,150000,petrol,mercedes_benz,yes,18.33
31247,890,limousine,manual,116,mondeo,150000,petrol,ford,no,22.0
31248,2666,suv,manual,128,rav,150000,petrol,toyota,no,22.83
31249,2300,limousine,manual,101,golf,150000,petrol,volkswagen,no,20.42
31250,20599,suv,automatic,131,others,20000,diesel,opel,no,4.83
31251,2500,bus,manual,109,berlingo,150000,petrol,citroen,no,17.58
31252,2890,station wagon,manual,105,bora,150000,petrol,volkswagen,no,16.67
31253,650,limousine,automatic,116,mondeo,150000,petrol,ford,no,23.92
31254,7100,bus,manual,102,touran,125000,petrol,volkswagen,no,13.0
31256,1250,limousine,manual,84,astra,150000,petrol,opel,no,16.33
31262,9300,limousine,manual,141,others,70000,petrol,chevrolet,no,6.25
31263,10749,limousine,automatic,170,golf,100000,diesel,volkswagen,no,10.42
31264,11990,small car,manual,122,a1,50000,petrol,audi,no,7.92
31265,6900,station wagon,manual,230,x_type,150000,petrol,jaguar,no,14.42
31266,1900,small car,manual,54,polo,5000,petrol,volkswagen,no,16.0
31268,2800,station wagon,manual,150,5er,150000,petrol,bmw,no,19.58
31270,3500,station wagon,manual,140,passat,150000,diesel,volkswagen,no,12.42
31273,12700,station wagon,manual,150,forester,90000,petrol,subaru,no,10.58
31276,16750,limousine,manual,86,golf,10000,petrol,volkswagen,no,3.08
31277,3200,coupe,automatic,167,others,150000,petrol,hyundai,no,16.25
31278,2600,station wagon,manual,75,berlingo,150000,petrol,citroen,no,12.42
31281,2300,limousine,manual,116,3er,150000,petrol,bmw,no,16.83
31284,800,small car,manual,60,2_reihe,150000,petrol,peugeot,no,15.92
31285,7899,station wagon,manual,139,a3,150000,diesel,audi,no,12.67
31286,2450,suv,manual,124,others,150000,lpg,ford,no,17.83
31287,1000,small car,manual,54,seicento,80000,petrol,fiat,yes,13.5
31288,3200,limousine,automatic,125,passat,125000,petrol,volkswagen,no,19.5
31289,5100,limousine,manual,102,a3,150000,petrol,audi,no,13.83
31290,9999,cabrio,automatic,180,others,150000,diesel,saab,no,10.08
31292,900,small car,manual,58,corsa,150000,petrol,opel,no,17.17
31293,28500,limousine,automatic,156,c_klasse,30000,petrol,mercedes_benz,no,4.33
31294,2500,limousine,manual,150,3er,150000,petrol,bmw,no,19.58
31295,785,station wagon,manual,136,omega,150000,petrol,opel,no,20.92
31299,2199,small car,manual,34,others,125000,petrol,renault,no,30.5
31300,14990,station wagon,automatic,173,laguna,70000,diesel,renault,no,7.0
31302,3750,small car,automatic,61,fortwo,60000,petrol,smart,no,8.17
31303,6995,station wagon,manual,105,passat,150000,diesel,volkswagen,no,10.92
31304,19500,limousine,automatic,163,3er,30000,diesel,bmw,no,4.92
31305,1550,station wagon,manual,101,polo,125000,petrol,volkswagen,no,19.08
31306,2950,station wagon,manual,75,combo,150000,diesel,opel,no,15.17
31307,899,small car,manual,54,corsa,150000,petrol,opel,no,20.92
31309,3200,cabrio,automatic,136,3_reihe,150000,petrol,peugeot,no,16.0
31310,1300,limousine,manual,101,astra,150000,petrol,opel,no,16.67
31311,8300,station wagon,manual,147,6_reihe,100000,petrol,mazda,no,11.0
31312,7000,limousine,automatic,218,300c,150000,diesel,chrysler,no,10.33
31314,7777,station wagon,manual,105,golf,150000,diesel,volkswagen,no,10.58
31315,300,limousine,manual,72,others,5000,petrol,nissan,yes,26.42
31316,2700,limousine,automatic,95,a_klasse,150000,diesel,mercedes_benz,no,18.0
31317,14750,cabrio,manual,105,a3,50000,diesel,audi,no,9.83
31318,9500,cabrio,automatic,231,sl,150000,petrol,mercedes_benz,no,20.08
31319,4300,station wagon,manual,177,e_klasse,150000,diesel,mercedes_benz,no,14.17
31320,5000,limousine,manual,116,octavia,150000,petrol,skoda,no,12.5
31321,530,small car,manual,60,punto,150000,petrol,fiat,no,16.08
31322,1480,limousine,manual,165,a4,150000,petrol,audi,no,19.5
31324,4880,small car,manual,68,spark,30000,petrol,chevrolet,no,8.83
31326,5300,bus,manual,140,sharan,150000,diesel,volkswagen,yes,11.83
31327,3450,small car,manual,75,fox,150000,petrol,volkswagen,no,13.75
31331,750,limousine,manual,120,laguna,150000,petrol,renault,no,15.83
31333,20900,limousine,automatic,184,c_klasse,50000,petrol,mercedes_benz,no,7.58
31334,5500,limousine,manual,75,golf,100000,petrol,volkswagen,no,13.92
31335,11900,bus,manual,86,transit,150000,diesel,ford,no,41.42
31336,2000,small car,manual,54,panda,150000,petrol,fiat,no,14.42
31338,3790,station wagon,manual,64,fabia,90000,petrol,skoda,no,11.33
31339,3000,small car,manual,68,spark,70000,petrol,chevrolet,no,7.58
31340,11999,station wagon,manual,105,a3,80000,diesel,audi,no,9.5
31342,2150,small car,automatic,61,fortwo,125000,petrol,smart,no,17.75
31344,849,limousine,manual,56,corsa,150000,petrol,opel,no,18.5
31347,3300,bus,manual,116,sharan,150000,diesel,volkswagen,no,17.83
31349,650,small car,manual,75,twingo,150000,petrol,renault,no,16.33
31351,3400,limousine,automatic,140,primera,150000,petrol,nissan,no,15.0
31352,8700,limousine,automatic,160,mondeo,150000,petrol,ford,no,9.58
31353,12000,coupe,manual,211,cooper,150000,petrol,mini,no,13.0
31356,1350,station wagon,manual,150,a4,150000,petrol,audi,no,20.5
31357,2399,small car,manual,63,others,100000,petrol,hyundai,yes,11.5
31359,2999,limousine,automatic,125,a_klasse,150000,petrol,mercedes_benz,no,17.92
31360,6990,bus,manual,86,roomster,80000,petrol,skoda,no,10.5
31363,12000,limousine,automatic,177,5er,125000,diesel,bmw,no,12.08
31366,4300,station wagon,manual,190,vectra,150000,diesel,opel,no,13.42
31368,2990,small car,manual,60,corsa,90000,petrol,opel,no,14.17
31369,1250,limousine,manual,75,golf,150000,petrol,volkswagen,no,22.67
31370,3999,small car,manual,174,golf,40000,petrol,volkswagen,no,22.67
31371,4950,bus,automatic,116,touran,80000,petrol,volkswagen,no,15.67
31372,16800,cabrio,manual,200,tt,90000,petrol,audi,no,12.0
31375,2300,small car,manual,80,micra,150000,petrol,nissan,no,13.67
31379,950,small car,manual,60,ka,70000,petrol,ford,no,18.0
31380,18420,coupe,manual,140,cc,90000,diesel,volkswagen,no,7.0
31381,7350,cabrio,manual,179,tt,150000,petrol,audi,no,15.58
31382,2950,bus,manual,170,transporter,150000,petrol,volkswagen,no,19.25
31383,14400,limousine,manual,105,golf,60000,diesel,volkswagen,no,5.83
31384,2499,limousine,manual,125,leon,125000,petrol,seat,no,15.58
31385,500,small car,manual,54,others,150000,petrol,citroen,no,21.67
31388,2750,limousine,manual,150,golf,150000,petrol,volkswagen,no,19.08
31390,1300,small car,manual,58,clio,150000,petrol,renault,no,16.17
31391,700,station wagon,manual,90,others,150000,petrol,citroen,no,19.0
31395,4999,station wagon,manual,170,v70,150000,petrol,volvo,no,14.17
31396,400,coupe,manual,125,others,150000,petrol,ford,no,19.17
31399,3199,station wagon,automatic,143,e_klasse,150000,diesel,mercedes_benz,no,17.83
31402,750,limousine,manual,88,others,150000,petrol,kia,no,18.92
31403,2600,small car,manual,65,polo,80000,petrol,volkswagen,no,15.0
31404,3499,small car,manual,65,picanto,30000,petrol,kia,yes,8.58
31406,800,station wagon,manual,125,mondeo,150000,petrol,ford,yes,15.5
31407,14900,limousine,manual,122,b_klasse,60000,petrol,mercedes_benz,no,7.0
31408,8900,small car,manual,84,punto,30000,petrol,fiat,no,5.17
31409,3200,small car,manual,95,forfour,100000,petrol,smart,no,12.75
31410,2000,small car,manual,54,golf,90000,petrol,volkswagen,no,27.25
31411,3250,limousine,manual,150,avensis,150000,petrol,toyota,no,17.0
31414,400,small car,manual,75,golf,125000,petrol,volkswagen,no,25.25
31416,1050,limousine,manual,75,golf,150000,petrol,volkswagen,no,17.17
31417,21900,suv,automatic,170,glk,100000,diesel,mercedes_benz,no,9.5
31418,150,small car,manual,60,corsa,150000,petrol,opel,yes,22.5
31422,2950,station wagon,manual,101,golf,150000,diesel,volkswagen,no,15.92
31423,8900,small car,manual,60,up,30000,petrol,volkswagen,no,6.25
31424,2500,limousine,manual,116,focus,125000,petrol,ford,no,14.75
31426,2999,limousine,manual,170,astra,150000,petrol,opel,no,14.92
31428,1500,bus,automatic,110,galaxy,5000,diesel,ford,no,19.67
31431,1490,limousine,manual,101,3er,150000,petrol,bmw,no,24.0
31432,1250,bus,manual,75,berlingo,150000,petrol,citroen,no,19.83
31434,1050,small car,manual,75,corsa,150000,petrol,opel,no,16.42
31435,1199,bus,manual,144,carnival,150000,diesel,kia,no,15.67
31437,22900,cabrio,manual,50,kaefer,125000,petrol,volkswagen,no,42.0
31438,3950,coupe,manual,179,tt,150000,petrol,audi,no,18.58
31441,1250,small car,manual,60,2_reihe,150000,petrol,peugeot,yes,15.08
31442,3399,bus,manual,68,transporter,150000,diesel,volkswagen,no,20.0
31443,6450,bus,manual,86,transporter,150000,diesel,volkswagen,no,14.0
31444,5700,limousine,manual,101,megane,90000,petrol,renault,no,9.58
31445,7500,station wagon,manual,163,6_reihe,150000,diesel,mazda,no,7.17
31446,10850,station wagon,manual,140,a3,125000,diesel,audi,no,8.08
31447,13999,cabrio,manual,231,3er,150000,petrol,bmw,no,14.17
31448,1900,small car,manual,150,golf,125000,petrol,volkswagen,no,20.25
31449,5000,cabrio,manual,120,spider,150000,petrol,alfa_romeo,no,28.92
31450,3550,small car,manual,60,corsa,150000,petrol,opel,no,10.33
31451,4500,bus,manual,125,c4,150000,petrol,citroen,yes,11.17
31452,15800,small car,manual,182,fiesta,20000,petrol,ford,no,3.83
31453,7200,limousine,manual,209,others,150000,petrol,audi,no,18.25
31455,15000,bus,manual,147,verso,50000,petrol,toyota,no,5.25
31456,2450,station wagon,manual,155,vectra,150000,petrol,opel,yes,14.33
31457,950,small car,manual,60,fiesta,150000,petrol,ford,no,20.33
31460,26888,station wagon,automatic,286,3er,80000,diesel,bmw,no,8.33
31461,1750,small car,manual,45,fortwo,100000,petrol,smart,no,16.33
31462,2000,station wagon,manual,192,3er,150000,lpg,bmw,yes,15.75
31463,8299,limousine,manual,110,golf,150000,diesel,volkswagen,no,11.0
31466,4990,limousine,automatic,143,c_klasse,150000,diesel,mercedes_benz,no,18.83
31467,9998,coupe,manual,204,c_klasse,125000,petrol,mercedes_benz,no,10.08
31468,1000,limousine,automatic,150,a6,150000,diesel,audi,no,19.83
31469,4100,station wagon,automatic,163,5er,150000,diesel,bmw,no,16.0
31472,8500,bus,automatic,150,c4,90000,petrol,citroen,no,10.83
31473,1650,station wagon,manual,140,156,150000,petrol,alfa_romeo,no,17.42
31474,7000,suv,automatic,241,touareg,150000,petrol,volkswagen,no,13.58
31475,1499,small car,manual,60,punto,150000,petrol,fiat,no,16.0
31476,1000,limousine,manual,163,galant,150000,petrol,mitsubishi,no,20.0
31477,9990,station wagon,manual,80,caddy,60000,petrol,volkswagen,no,8.67
31478,1500,station wagon,manual,122,c_klasse,150000,petrol,mercedes_benz,no,19.5
31479,11150,station wagon,manual,163,5er,150000,diesel,bmw,no,12.75
31480,33200,suv,automatic,190,range_rover_evoque,30000,diesel,land_rover,no,7.92
31481,10500,limousine,manual,140,a3,150000,diesel,audi,no,7.75
31483,5500,coupe,manual,143,others,125000,petrol,toyota,no,14.25
31484,1699,limousine,manual,101,golf,150000,petrol,volkswagen,no,18.25
31485,2999,station wagon,manual,90,golf,150000,diesel,volkswagen,no,16.08
31487,85000,coupe,manual,231,911,150000,petrol,porsche,no,29.08
31488,22300,limousine,manual,184,5er,125000,diesel,bmw,no,7.5
31491,250,small car,manual,45,fiesta,90000,petrol,ford,yes,21.5
31493,3700,limousine,manual,90,astra,150000,petrol,opel,no,13.25
31495,4999,cabrio,manual,95,golf,125000,petrol,volkswagen,no,29.42
31496,4490,small car,manual,60,polo,100000,petrol,volkswagen,no,10.92
31498,21950,cabrio,automatic,239,a5,150000,diesel,audi,no,9.58
31499,15399,small car,manual,105,ibiza,40000,petrol,seat,no,4.42
31500,2400,limousine,manual,150,3er,150000,petrol,bmw,no,20.58
31501,9000,suv,automatic,224,touareg,150000,diesel,volkswagen,no,12.42
31502,1450,station wagon,manual,90,golf,150000,diesel,volkswagen,no,20.67
31503,8700,small car,manual,90,jazz,40000,petrol,honda,no,5.83
31507,950,limousine,manual,105,3er,150000,petrol,bmw,no,18.08
31508,999,small car,manual,54,seicento,150000,petrol,fiat,no,17.25
31509,3600,suv,automatic,150,others,150000,diesel,hyundai,no,16.0
31510,9300,bus,manual,110,scenic,40000,petrol,renault,no,7.92
31513,1000,station wagon,manual,90,others,150000,diesel,citroen,no,15.42
31514,29400,station wagon,automatic,179,a3,10000,petrol,audi,no,3.33
31515,1950,limousine,manual,109,3_reihe,150000,diesel,peugeot,no,13.08
31516,11500,bus,manual,175,s_max,150000,diesel,ford,no,10.08
31522,19900,cabrio,automatic,306,sl,125000,petrol,mercedes_benz,no,15.33
31525,7600,limousine,manual,102,golf,100000,petrol,volkswagen,no,9.17
31528,6750,limousine,automatic,170,a4,150000,diesel,audi,no,11.58
31529,400,station wagon,manual,101,a4,150000,petrol,audi,no,21.42
31532,4500,bus,automatic,140,touran,150000,diesel,volkswagen,no,14.92
31533,8200,small car,manual,122,cooper,90000,petrol,mini,no,13.0
31536,7500,station wagon,automatic,180,a6,150000,diesel,audi,yes,11.67
31537,20700,station wagon,manual,265,others,125000,petrol,audi,no,9.42
31540,6850,station wagon,manual,170,passat,150000,diesel,volkswagen,yes,11.5
31541,1350,limousine,manual,90,a_klasse,150000,diesel,mercedes_benz,no,19.08
31542,1250,station wagon,manual,75,caddy,150000,petrol,volkswagen,no,17.08
31544,14300,limousine,manual,150,impreza,80000,diesel,subaru,no,8.25
31547,1650,station wagon,manual,90,golf,150000,diesel,volkswagen,no,19.0
31548,1899,small car,manual,60,2_reihe,150000,petrol,peugeot,no,19.17
31549,6999,limousine,manual,192,5er,150000,petrol,bmw,no,15.92
31550,800,limousine,manual,100,a4,150000,petrol,audi,no,23.58
31552,1200,small car,manual,58,corsa,150000,petrol,opel,no,15.17
31555,9900,suv,manual,156,outlander,150000,diesel,mitsubishi,no,12.0
31557,2000,small car,manual,83,others,150000,petrol,chevrolet,no,15.67
31558,600,station wagon,automatic,122,c_klasse,150000,petrol,mercedes_benz,no,19.17
31559,8990,small car,manual,95,one,70000,petrol,mini,no,10.0
31560,1000,small car,manual,60,punto,70000,petrol,fiat,yes,15.42
31562,4490,small car,manual,54,polo,80000,petrol,volkswagen,no,13.75
31563,10500,bus,manual,116,b_klasse,30000,petrol,mercedes_benz,no,10.67
31564,6499,cabrio,manual,170,a4,150000,petrol,audi,no,16.75
31565,4000,small car,manual,54,polo,80000,petrol,volkswagen,no,12.17
31567,12999,limousine,manual,105,golf,125000,diesel,volkswagen,no,8.0
31568,12000,coupe,manual,218,3er,150000,petrol,bmw,no,11.58
31569,7500,station wagon,manual,120,2_reihe,70000,petrol,peugeot,no,8.5
31570,2250,coupe,manual,125,cr_reihe,150000,petrol,honda,no,21.67
31571,17950,station wagon,manual,147,forester,60000,diesel,subaru,no,6.25
31572,13000,limousine,automatic,190,e_klasse,150000,diesel,mercedes_benz,no,10.83
31573,5500,limousine,manual,116,1er,150000,petrol,bmw,yes,12.5
31574,4799,limousine,manual,131,a6,150000,diesel,audi,no,15.92
31575,2400,limousine,manual,120,6_reihe,125000,petrol,mazda,no,12.0
31580,800,small car,manual,54,micra,150000,petrol,nissan,no,19.75
31581,21700,limousine,automatic,140,a1,30000,petrol,audi,no,4.33
31582,10300,station wagon,manual,174,clubman,90000,petrol,mini,no,10.75
31584,20900,coupe,automatic,245,a5,150000,diesel,audi,no,6.5
31585,9400,bus,manual,110,5_reihe,100000,diesel,mazda,no,7.5
31587,6900,station wagon,manual,100,focus,125000,diesel,ford,no,9.17
31590,1200,small car,manual,60,golf,150000,petrol,volkswagen,no,24.83
31592,550,small car,manual,75,civic,150000,petrol,honda,no,23.17
31593,12750,limousine,manual,125,focus,30000,petrol,ford,no,6.58
31594,3999,station wagon,manual,127,avensis,150000,diesel,toyota,no,12.83
31595,6000,small car,manual,68,c1,60000,petrol,citroen,no,7.83
31596,7999,bus,automatic,109,b_klasse,150000,diesel,mercedes_benz,no,12.33
31598,2200,limousine,automatic,218,7er,150000,petrol,bmw,no,25.75
31599,2299,limousine,manual,125,a3,150000,petrol,audi,no,22.92
31600,1400,small car,manual,54,twingo,150000,petrol,renault,no,19.17
31603,9400,bus,manual,140,zafira,90000,petrol,opel,no,9.67
31604,850,suv,manual,159,others,150000,diesel,opel,yes,19.92
31605,4000,coupe,manual,102,a3,150000,petrol,audi,no,14.92
31606,1800,bus,manual,97,zafira,150000,cng,opel,no,14.17
31608,17100,limousine,automatic,300,golf,90000,petrol,volkswagen,no,8.25
31609,9750,station wagon,automatic,197,3er,150000,diesel,bmw,no,10.58
31610,6950,limousine,automatic,150,a3,100000,petrol,audi,no,14.08
31611,4700,station wagon,automatic,143,c_klasse,150000,diesel,mercedes_benz,no,16.58
31612,5199,station wagon,manual,110,astra,125000,diesel,opel,no,9.33
31613,790,station wagon,manual,109,v40,150000,petrol,volvo,no,17.08
31616,3890,station wagon,manual,150,3er,150000,diesel,bmw,no,15.25
31617,7200,station wagon,automatic,163,c_klasse,80000,petrol,mercedes_benz,no,14.17
31618,8500,station wagon,manual,177,a6,150000,petrol,audi,no,13.0
31619,1800,bus,manual,125,zafira,150000,petrol,opel,no,15.5
31620,10500,bus,automatic,140,touran,150000,diesel,volkswagen,no,10.0
31621,8888,cabrio,automatic,231,3er,150000,petrol,bmw,no,15.08
31622,8300,bus,manual,105,transporter,150000,diesel,volkswagen,no,14.25
31623,14700,station wagon,manual,110,astra,50000,diesel,opel,no,6.33
31624,4499,bus,manual,68,transporter,30000,diesel,volkswagen,no,24.83
31625,3850,small car,manual,34,kaefer,100000,petrol,volkswagen,no,37.5
31626,4290,small car,manual,60,panda,40000,petrol,fiat,no,8.42
31627,6250,bus,manual,109,sprinter,150000,diesel,mercedes_benz,no,11.92
31628,8500,suv,manual,174,touareg,150000,diesel,volkswagen,no,14.17
31629,700,station wagon,manual,125,c_klasse,150000,diesel,mercedes_benz,no,19.67
31630,3600,station wagon,manual,137,astra,150000,diesel,opel,no,13.83
31632,10350,bus,manual,95,c3,30000,petrol,citroen,no,5.33
31633,12999,cabrio,manual,232,a4,150000,diesel,audi,no,12.75
31634,950,small car,manual,45,corsa,150000,petrol,opel,no,22.42
31636,2350,limousine,manual,75,golf,125000,petrol,volkswagen,no,17.08
31637,3150,bus,manual,116,sharan,150000,diesel,volkswagen,no,15.08
31638,1450,bus,manual,101,zafira,150000,cng,opel,no,16.42
31641,1999,station wagon,automatic,150,a6,150000,petrol,audi,no,19.83
31645,999,limousine,manual,101,a3,150000,petrol,audi,no,21.0
31646,3990,bus,manual,102,transporter,150000,diesel,volkswagen,no,21.92
31647,500,small car,automatic,52,twingo,125000,petrol,renault,yes,18.42
31649,699,station wagon,manual,101,focus,150000,diesel,ford,yes,15.25
31650,20700,cabrio,manual,218,3er,100000,petrol,bmw,no,7.5
31651,3490,station wagon,manual,131,a4,150000,diesel,audi,no,18.0
31652,4000,limousine,automatic,218,c_klasse,150000,petrol,mercedes_benz,no,17.75
31653,10990,cabrio,manual,86,500,20000,petrol,fiat,no,5.75
31655,10450,cabrio,manual,231,slk,150000,petrol,mercedes_benz,no,12.92
31657,12999,limousine,manual,204,1er,150000,diesel,bmw,no,9.58
31660,8750,small car,manual,87,corsa,30000,petrol,opel,no,5.17
31661,650,small car,manual,58,twingo,150000,petrol,renault,no,18.25
31662,1880,small car,manual,67,matiz,80000,petrol,chevrolet,no,12.08
31667,1999,limousine,automatic,192,5er,150000,petrol,bmw,no,22.0
31668,700,limousine,manual,114,3_reihe,150000,petrol,mazda,no,19.17
31669,3000,coupe,manual,53,others,30000,petrol,skoda,yes,46.42
31671,3400,bus,manual,129,sprinter,150000,diesel,mercedes_benz,no,16.25
31672,7599,small car,manual,86,ibiza,50000,petrol,seat,no,9.08
31673,5500,bus,manual,82,sprinter,150000,diesel,mercedes_benz,no,12.42
31674,6666,small car,manual,80,fiesta,40000,petrol,ford,no,10.58
31677,850,others,manual,101,focus,150000,petrol,ford,no,19.92
31678,4050,limousine,manual,177,e_klasse,150000,diesel,mercedes_benz,no,14.08
31679,7699,limousine,manual,175,vectra,125000,petrol,opel,no,12.42
31681,5500,coupe,manual,180,tt,150000,petrol,audi,no,19.33
31682,11000,station wagon,manual,122,clubman,150000,petrol,mini,no,7.25
31683,4350,bus,manual,116,s_max,150000,diesel,ford,no,9.42
31685,1200,limousine,manual,73,3er,150000,petrol,bmw,no,25.0
31686,1300,station wagon,automatic,140,v70,150000,petrol,volvo,no,18.17
31688,2550,bus,manual,77,transporter,150000,diesel,volkswagen,no,24.67
31689,2800,station wagon,manual,131,passat,150000,petrol,volkswagen,no,16.33
31691,19200,coupe,automatic,265,a5,150000,petrol,audi,no,10.67
31695,13500,limousine,manual,140,a6,125000,diesel,audi,no,13.75
31696,2100,limousine,automatic,116,e_klasse,150000,diesel,mercedes_benz,yes,16.75
31698,29199,coupe,manual,273,megane,20000,petrol,renault,no,4.83
31699,11300,coupe,manual,116,megane,40000,petrol,renault,no,7.0
31700,1900,cabrio,manual,136,80,150000,petrol,audi,no,25.5
31701,1700,small car,manual,50,lupo,150000,petrol,volkswagen,no,17.83
31702,2500,station wagon,manual,75,golf,100000,petrol,volkswagen,no,24.92
31703,1290,limousine,manual,136,omega,150000,petrol,opel,no,19.5
31706,5100,limousine,manual,86,ibiza,100000,petrol,seat,no,11.58
31707,1099,limousine,manual,140,primera,150000,petrol,nissan,no,17.92
31708,5500,limousine,manual,143,1er,150000,diesel,bmw,yes,11.92
31709,11500,bus,manual,150,c_max,60000,petrol,ford,no,7.67
31710,9250,station wagon,manual,110,passat,150000,diesel,volkswagen,no,8.25
31712,9500,limousine,manual,200,golf,125000,petrol,volkswagen,no,11.25
31713,2300,cabrio,manual,90,golf,150000,diesel,volkswagen,no,19.17
31714,25500,coupe,manual,321,z_reihe,125000,petrol,bmw,no,19.08
31715,12350,limousine,manual,120,others,10000,petrol,alfa_romeo,yes,3.08
31716,1500,limousine,manual,144,omega,150000,petrol,opel,no,15.5
31718,19480,limousine,manual,177,a6,150000,diesel,audi,no,8.0
31720,19500,limousine,manual,170,q3,80000,petrol,audi,no,6.33
31723,10600,small car,manual,82,fiesta,30000,petrol,ford,no,3.25
31724,3500,limousine,manual,155,vectra,90000,petrol,opel,no,14.67
31726,8499,limousine,manual,105,3_reihe,60000,petrol,mazda,no,9.67
31727,11500,station wagon,manual,170,superb,150000,diesel,skoda,no,8.5
31728,26499,suv,manual,197,sorento,30000,diesel,kia,no,4.25
31729,12999,limousine,automatic,326,a8,150000,diesel,audi,no,12.58
31732,6990,bus,automatic,150,grand,125000,diesel,chrysler,no,11.33
31734,4799,limousine,manual,235,5er,150000,petrol,bmw,no,20.42
31736,1400,station wagon,automatic,131,passat,150000,diesel,volkswagen,no,16.92
31740,11550,station wagon,manual,140,golf,125000,diesel,volkswagen,no,6.08
31741,7990,coupe,automatic,170,clk,150000,petrol,mercedes_benz,no,13.17
31742,3800,limousine,manual,115,3er,150000,petrol,bmw,no,14.75
31745,9999,bus,automatic,131,transporter,150000,diesel,volkswagen,no,12.0
31746,500,limousine,manual,75,golf,150000,petrol,volkswagen,no,21.33
31747,9290,limousine,automatic,140,civic,80000,petrol,honda,no,10.0
31748,6700,limousine,automatic,163,3er,150000,diesel,bmw,no,12.42
31750,5990,limousine,manual,140,a6,150000,diesel,audi,no,12.42
31753,17900,limousine,manual,58,others,50000,petrol,citroen,no,67.5
31754,12950,suv,automatic,305,others,100000,petrol,ford,no,11.5
31757,8200,limousine,manual,122,golf,125000,petrol,volkswagen,no,8.33
31760,2200,coupe,automatic,136,clk,150000,petrol,mercedes_benz,no,20.92
31761,3999,coupe,manual,179,tt,150000,petrol,audi,no,17.58
31763,2400,small car,manual,68,fusion,150000,diesel,ford,no,15.67
31765,1600,limousine,automatic,150,others,150000,petrol,mercedes_benz,no,21.08
31766,4999,coupe,manual,141,others,150000,petrol,mitsubishi,no,19.5
31768,22999,station wagon,automatic,290,a6,125000,petrol,audi,no,9.75
31769,64900,cabrio,automatic,325,911,40000,petrol,porsche,no,10.42
31771,6550,station wagon,manual,140,a4,150000,diesel,audi,no,12.08
31772,1500,limousine,manual,75,golf,150000,petrol,volkswagen,no,20.0
31773,3600,cabrio,manual,118,z_reihe,150000,petrol,bmw,no,20.92
31776,3500,limousine,manual,116,beetle,150000,petrol,volkswagen,no,18.42
31777,1200,limousine,manual,75,golf,150000,petrol,volkswagen,no,20.92
31779,6500,station wagon,manual,131,megane,125000,diesel,renault,no,8.08
31781,7500,small car,manual,69,yaris,40000,petrol,toyota,yes,9.17
31784,6250,coupe,automatic,170,clk,150000,diesel,mercedes_benz,no,13.42
31786,9200,station wagon,manual,150,3er,150000,petrol,bmw,no,12.08
31787,28500,limousine,automatic,230,golf,30000,petrol,volkswagen,no,5.75
31788,1150,small car,manual,58,corsa,150000,petrol,opel,no,17.5
31790,8000,station wagon,manual,140,passat,150000,diesel,volkswagen,no,9.42
31791,4700,limousine,manual,140,a3,150000,diesel,audi,no,14.83
31792,2950,station wagon,manual,150,passat,150000,diesel,volkswagen,no,15.25
31793,3300,limousine,manual,113,megane,150000,petrol,renault,no,14.17
31795,3950,cabrio,manual,109,2_reihe,60000,petrol,peugeot,no,14.83
31797,27300,bus,manual,174,transporter,90000,diesel,volkswagen,no,9.75
31798,18490,limousine,manual,143,1er,50000,diesel,bmw,no,7.75
31799,21900,cabrio,manual,184,cooper,10000,petrol,mini,no,5.33
31802,980,limousine,manual,82,a_klasse,150000,petrol,mercedes_benz,no,17.08
31803,2999,station wagon,manual,75,combo,150000,diesel,opel,no,14.08
31807,19250,suv,automatic,224,touareg,100000,diesel,volkswagen,no,11.58
31808,4100,limousine,manual,97,corolla,150000,petrol,toyota,no,15.75
31809,8900,bus,automatic,136,b_klasse,80000,petrol,mercedes_benz,no,12.58
31811,4250,small car,manual,76,twingo,90000,petrol,renault,no,10.83
31813,2100,limousine,manual,150,147,150000,diesel,alfa_romeo,no,13.42
31814,10999,station wagon,manual,170,octavia,150000,diesel,skoda,no,8.83
31816,21999,station wagon,manual,184,leon,60000,diesel,seat,no,4.42
31817,8650,limousine,automatic,177,5er,150000,diesel,bmw,no,14.33
31818,7499,limousine,automatic,218,5er,150000,diesel,bmw,no,14.75
31819,9500,station wagon,manual,140,passat,150000,diesel,volkswagen,no,10.25
31820,2200,limousine,manual,106,3_reihe,150000,diesel,mazda,no,13.92
31822,14600,suv,automatic,224,m_klasse,150000,diesel,mercedes_benz,no,10.33
31823,2900,station wagon,manual,116,3er,150000,petrol,bmw,no,16.42
31824,4500,station wagon,manual,70,fabia,150000,petrol,skoda,no,9.5
31826,1700,bus,manual,125,zafira,150000,petrol,opel,no,15.75
31827,1900,small car,manual,60,fiesta,125000,petrol,ford,no,14.42
31828,16950,station wagon,manual,122,a3,30000,petrol,audi,no,5.67
31830,15500,bus,automatic,105,touran,40000,diesel,volkswagen,no,7.42
31831,1000,station wagon,automatic,170,e_klasse,150000,petrol,mercedes_benz,no,19.33
31833,1150,limousine,manual,150,a4,150000,petrol,audi,no,22.0
31834,9200,suv,automatic,155,santa,150000,diesel,hyundai,no,11.58
31836,999,small car,manual,50,fiesta,60000,petrol,ford,no,20.83
31837,4800,small car,manual,109,i_reihe,60000,petrol,hyundai,no,10.0
31838,550,limousine,manual,136,c_klasse,150000,petrol,mercedes_benz,no,23.08
31842,7499,limousine,automatic,143,c_klasse,125000,diesel,mercedes_benz,no,16.08
31843,3990,limousine,manual,120,bravo,125000,petrol,fiat,yes,10.92
31844,3499,limousine,manual,136,3er,150000,diesel,bmw,no,17.67
31847,999,small car,manual,59,twingo,125000,petrol,renault,yes,16.17
31849,850,station wagon,automatic,136,vectra,150000,petrol,opel,no,21.17
31852,1299,small car,manual,98,clio,150000,petrol,renault,no,16.83
31857,15490,station wagon,manual,325,insignia,150000,petrol,opel,no,9.92
31858,2550,station wagon,manual,109,3_reihe,150000,diesel,peugeot,no,13.75
31859,300,small car,manual,101,a3,150000,petrol,audi,yes,21.83
31862,1100,limousine,manual,90,a3,150000,diesel,audi,no,20.58
31863,2800,coupe,manual,192,c_klasse,150000,petrol,mercedes_benz,no,17.92
31864,2333,small car,manual,75,corsa,150000,petrol,opel,no,15.5
31865,20000,limousine,manual,194,insignia,60000,diesel,opel,no,5.83
31868,2490,station wagon,manual,126,primera,150000,diesel,nissan,no,16.25
31870,350,small car,manual,90,escort,150000,petrol,ford,yes,20.17
31871,120,limousine,manual,130,mondeo,150000,petrol,ford,yes,21.5
31873,3750,limousine,automatic,166,156,125000,petrol,alfa_romeo,no,14.75
31875,13000,small car,manual,184,cooper,60000,petrol,mini,no,8.0
31878,4199,station wagon,manual,101,bora,150000,diesel,volkswagen,no,16.92
31879,1350,station wagon,manual,116,passat,150000,diesel,volkswagen,no,19.67
31881,36500,bus,automatic,163,viano,60000,diesel,mercedes_benz,no,5.83
31883,19995,station wagon,manual,220,insignia,50000,petrol,opel,no,7.75
31884,5800,small car,manual,87,yaris,10000,petrol,toyota,no,11.92
31885,24999,limousine,automatic,184,x_reihe,150000,diesel,bmw,no,5.25
31889,4500,station wagon,manual,105,astra,80000,petrol,opel,no,13.42
31890,500,limousine,manual,90,primera,125000,petrol,nissan,yes,21.92
31891,999,cabrio,manual,90,golf,150000,petrol,volkswagen,no,23.42
31892,250,small car,manual,50,ka,90000,petrol,ford,yes,21.0
31893,1100,small car,manual,101,golf,150000,petrol,volkswagen,no,20.83
31896,800,limousine,manual,116,mondeo,150000,petrol,ford,yes,20.25
31898,11490,limousine,manual,143,1er,100000,diesel,bmw,no,10.33
31899,3500,limousine,manual,192,corolla,150000,petrol,toyota,no,16.5
31900,7500,bus,manual,204,sharan,150000,petrol,volkswagen,no,13.42
31901,15000,limousine,manual,177,1er,80000,diesel,bmw,no,7.5
31902,14650,limousine,automatic,224,e_klasse,150000,diesel,mercedes_benz,no,11.08
31903,46999,limousine,automatic,306,x_reihe,60000,diesel,bmw,no,8.92
31904,850,limousine,manual,116,3er,150000,petrol,bmw,no,24.33
31905,5500,small car,manual,69,fabia,100000,petrol,skoda,no,11.67
31906,13200,limousine,manual,163,s60,125000,diesel,volvo,no,9.0
31908,1100,small car,manual,54,corsa,80000,petrol,opel,no,19.75
31909,12600,bus,automatic,140,touran,100000,petrol,volkswagen,no,9.58
31910,3525,bus,manual,101,others,150000,diesel,renault,no,14.42
31912,200,limousine,automatic,75,e_klasse,150000,diesel,mercedes_benz,yes,24.92
31913,500,limousine,manual,125,a4,125000,petrol,audi,yes,25.0
31914,3990,small car,manual,77,punto,100000,petrol,fiat,no,12.67
31915,19950,coupe,automatic,320,others,80000,petrol,porsche,no,27.92
31916,22400,station wagon,manual,150,golf,20000,diesel,volkswagen,no,3.25
31917,14200,station wagon,automatic,105,a3,50000,petrol,audi,no,7.83
31919,1000,station wagon,manual,170,vectra,150000,petrol,opel,yes,19.42
31921,13990,suv,manual,223,touareg,150000,diesel,volkswagen,no,12.17
31924,5750,small car,manual,77,i_reihe,60000,petrol,hyundai,no,6.08
31925,4890,coupe,automatic,71,fortwo,80000,petrol,smart,no,9.75
31926,3300,small car,manual,67,i_reihe,100000,petrol,hyundai,no,9.25
31927,12700,bus,manual,105,touran,150000,diesel,volkswagen,no,7.75
31928,500,small car,manual,60,corsa,150000,petrol,opel,no,20.67
31930,3500,limousine,automatic,109,others,150000,petrol,mercedes_benz,yes,28.67
31934,3500,suv,manual,150,rav,150000,lpg,toyota,no,16.17
31935,999,small car,manual,75,clio,150000,petrol,renault,no,17.67
31936,14900,bus,manual,105,transporter,150000,diesel,volkswagen,no,14.5
31938,3900,limousine,automatic,150,passat,150000,petrol,volkswagen,no,14.42
31939,17990,coupe,automatic,170,scirocco,100000,diesel,volkswagen,no,7.67
31940,990,station wagon,manual,95,mondeo,150000,petrol,ford,yes,20.67
31941,400,limousine,manual,90,escort,125000,petrol,ford,yes,21.33
31945,1990,limousine,automatic,220,a6,150000,petrol,audi,yes,17.75
31948,5700,station wagon,manual,177,avensis,150000,diesel,toyota,no,12.58
31949,3200,limousine,automatic,147,vectra,150000,petrol,opel,no,15.25
31950,9800,small car,manual,105,polo,150000,diesel,volkswagen,no,9.92
31951,750,limousine,manual,100,carisma,150000,petrol,mitsubishi,no,22.08
31953,6200,limousine,manual,95,a_klasse,125000,petrol,mercedes_benz,no,10.17
31954,999,small car,manual,90,2_reihe,150000,diesel,peugeot,no,15.75
31955,1100,station wagon,manual,64,others,150000,diesel,skoda,no,20.67
31956,2600,limousine,automatic,125,a_klasse,125000,petrol,mercedes_benz,no,16.42
31957,399,small car,manual,60,ka,125000,petrol,ford,no,18.83
31958,850,small car,manual,60,golf,150000,petrol,volkswagen,no,22.83
31959,3200,bus,manual,101,others,150000,petrol,mazda,no,14.42
31960,5190,limousine,automatic,80,corsa,50000,petrol,opel,no,11.5
31961,650,small car,manual,58,corsa,150000,petrol,opel,no,18.83
31963,2490,limousine,manual,110,corolla,150000,petrol,toyota,no,18.75
31964,2450,small car,automatic,76,others,100000,petrol,suzuki,no,17.25
31966,100,small car,manual,40,twingo,150000,petrol,renault,yes,21.58
31968,11700,station wagon,manual,160,a4,100000,petrol,audi,no,9.75
31969,3150,limousine,manual,131,mondeo,150000,diesel,ford,no,13.5
31970,2850,bus,manual,125,meriva,150000,petrol,opel,no,14.08
31972,8350,bus,automatic,140,golf,150000,diesel,volkswagen,no,12.08
31975,5500,bus,manual,130,scenic,100000,diesel,renault,no,10.17
31976,2950,station wagon,manual,80,fabia,150000,lpg,skoda,no,12.83
31977,9495,limousine,manual,125,astra,125000,diesel,opel,no,9.75
31978,18400,limousine,automatic,224,e_klasse,80000,petrol,mercedes_benz,no,14.08
31979,5400,limousine,manual,143,c_klasse,150000,petrol,mercedes_benz,no,14.92
31980,6000,limousine,manual,131,a4,150000,diesel,audi,no,17.83
31981,1500,small car,manual,111,3er,150000,petrol,bmw,no,20.17
31982,2400,coupe,manual,50,escort,5000,petrol,ford,no,35.5
31984,17300,limousine,manual,105,others,30000,diesel,skoda,no,4.42
31985,699,limousine,manual,116,focus,150000,petrol,ford,yes,16.83
31988,2900,limousine,automatic,82,a_klasse,150000,petrol,mercedes_benz,no,14.33
31989,16200,limousine,manual,184,3er,80000,diesel,bmw,no,7.83
31990,7700,coupe,manual,166,others,150000,petrol,alfa_romeo,no,8.08
31991,10500,station wagon,manual,140,octavia,125000,diesel,skoda,no,9.33
31992,8900,bus,manual,150,5_reihe,150000,diesel,peugeot,no,8.5
31993,2400,station wagon,manual,165,a6,150000,petrol,audi,no,19.42
31994,11490,station wagon,manual,120,cooper,40000,petrol,mini,no,10.0
31995,3300,small car,manual,101,polo,150000,diesel,volkswagen,no,13.83
31996,27790,station wagon,automatic,204,5er,80000,diesel,bmw,no,7.42
31997,890,small car,manual,60,golf,150000,petrol,volkswagen,no,22.33
31998,900,station wagon,manual,158,4_reihe,150000,petrol,peugeot,no,17.25
31999,18499,limousine,manual,330,leon,70000,petrol,seat,no,8.5
32001,10999,small car,manual,75,clio,10000,petrol,renault,no,4.67
32002,2400,small car,manual,67,getz,125000,petrol,hyundai,no,11.25
32003,4699,station wagon,manual,140,passat,150000,diesel,volkswagen,no,10.83
32004,1850,station wagon,manual,158,1_reihe,150000,petrol,peugeot,no,15.17
32006,7999,limousine,manual,122,1er,125000,petrol,bmw,no,8.58
32007,1350,station wagon,automatic,170,e_klasse,150000,petrol,mercedes_benz,no,18.58
32008,11350,small car,manual,90,polo,80000,diesel,volkswagen,no,5.25
32009,5800,limousine,manual,116,passat,125000,petrol,volkswagen,no,13.92
32010,12500,limousine,automatic,143,1er,125000,diesel,bmw,no,9.83
32011,25500,limousine,automatic,184,5er,50000,diesel,bmw,no,6.42
32012,20900,cabrio,manual,132,megane,5000,petrol,renault,no,4.08
32013,2798,small car,manual,68,aygo,150000,petrol,toyota,no,12.17
32015,2900,small car,manual,60,corsa,50000,petrol,opel,no,12.5
32016,7899,station wagon,manual,170,a4,150000,diesel,audi,no,11.17
32017,6500,station wagon,manual,75,golf,50000,petrol,volkswagen,no,12.42
32018,31500,bus,automatic,177,alhambra,30000,diesel,seat,no,6.0
32019,3900,small car,manual,97,rio,40000,petrol,kia,no,9.33
32020,33500,coupe,manual,295,others,30000,petrol,porsche,no,10.75
32021,22500,coupe,automatic,218,1er,50000,petrol,bmw,no,6.17
32022,2900,cabrio,manual,150,megane,150000,diesel,renault,no,14.67
32023,1590,coupe,manual,136,clk,150000,petrol,mercedes_benz,no,20.42
32024,2200,small car,manual,75,twingo,125000,petrol,renault,no,15.5
32025,1650,small car,automatic,41,fortwo,150000,diesel,smart,no,17.5
32026,4300,bus,manual,120,zafira,150000,diesel,opel,no,12.92
32027,1999,bus,manual,125,zafira,150000,petrol,opel,no,17.5
32028,7499,limousine,manual,150,3er,150000,petrol,bmw,no,11.42
32029,22500,suv,manual,140,tiguan,30000,diesel,volkswagen,no,4.17
32033,10900,small car,manual,18,500,40000,petrol,fiat,no,48.58
32034,950,station wagon,manual,101,astra,150000,petrol,opel,no,18.75
32035,1600,limousine,manual,116,vectra,70000,petrol,opel,no,21.42
32037,8800,small car,automatic,71,fortwo,20000,petrol,smart,no,4.42
32039,7500,small car,manual,105,ibiza,90000,diesel,seat,no,7.25
32040,6700,limousine,manual,80,golf,60000,petrol,volkswagen,no,10.33
32041,800,small car,manual,60,punto,150000,petrol,fiat,no,17.83
32043,1550,station wagon,automatic,101,passat,150000,petrol,volkswagen,no,19.33
32044,2550,small car,automatic,75,forfour,150000,petrol,smart,no,13.25
32045,5000,limousine,manual,179,a4,150000,diesel,audi,no,17.67
32046,5999,station wagon,manual,163,a4,150000,petrol,audi,no,15.5
32047,10900,cabrio,manual,170,z_reihe,70000,petrol,bmw,no,13.25
32048,7500,suv,automatic,175,tucson,150000,petrol,hyundai,no,13.0
32049,4300,station wagon,manual,105,passat,150000,diesel,volkswagen,no,12.5
32050,11850,suv,automatic,225,touareg,150000,diesel,volkswagen,no,10.67
32051,11900,station wagon,manual,140,passat,150000,diesel,volkswagen,no,7.58
32053,1399,small car,manual,60,punto,150000,petrol,fiat,no,15.58
32054,19900,station wagon,automatic,170,passat,100000,diesel,volkswagen,no,7.75
32055,600,small car,manual,50,polo,150000,petrol,volkswagen,no,21.0
32058,3900,limousine,automatic,211,x_type,150000,petrol,jaguar,no,23.58
32059,8800,limousine,manual,161,golf,125000,petrol,volkswagen,yes,7.5
32060,1800,station wagon,manual,110,passat,150000,petrol,volkswagen,no,19.0
32061,13900,bus,manual,102,transporter,150000,diesel,volkswagen,no,8.17
32062,1700,limousine,manual,83,almera,150000,petrol,nissan,no,17.0
32063,4000,station wagon,automatic,175,c_klasse,150000,petrol,mercedes_benz,no,16.08
32064,17300,station wagon,automatic,170,5er,150000,diesel,bmw,yes,7.25
32066,7499,limousine,manual,160,golf,80000,petrol,volkswagen,no,9.33
32067,649,small car,manual,54,corsa,150000,petrol,opel,no,18.25
32068,4900,bus,manual,139,scenic,100000,petrol,renault,no,15.17
32069,10000,station wagon,manual,140,passat,40000,diesel,volkswagen,no,5.5
32070,16250,small car,manual,211,golf,50000,petrol,volkswagen,no,7.92
32071,4321,station wagon,manual,115,bora,150000,diesel,volkswagen,no,19.75
32072,3300,station wagon,manual,131,passat,150000,diesel,volkswagen,no,14.58
32075,1750,station wagon,manual,122,c_klasse,150000,lpg,mercedes_benz,no,18.75
32078,490,small car,manual,75,lupo,150000,petrol,volkswagen,no,17.0
32079,1499,suv,manual,82,niva,150000,petrol,lada,yes,12.92
32080,3050,bus,manual,105,caddy,150000,diesel,volkswagen,yes,12.08
32081,8500,limousine,automatic,184,5er,150000,petrol,bmw,no,33.92
32083,11000,bus,manual,140,touran,70000,petrol,volkswagen,no,8.25
32084,5999,cabrio,manual,170,a4,150000,petrol,audi,no,16.58
32086,6900,cabrio,manual,231,3er,150000,petrol,bmw,no,17.08
32087,4300,cabrio,manual,109,2_reihe,80000,petrol,peugeot,no,14.92
32088,750,small car,manual,64,corsa,125000,petrol,opel,yes,18.5
32089,7900,station wagon,manual,143,exeo,150000,diesel,seat,no,8.83
32091,1200,bus,manual,116,galaxy,150000,petrol,ford,no,20.08
32093,15500,coupe,manual,200,tt,150000,petrol,audi,no,10.17
32095,22200,station wagon,manual,140,a3,30000,petrol,audi,no,4.25
32096,3100,bus,manual,131,others,150000,diesel,renault,no,12.5
32097,6850,station wagon,manual,163,a4,150000,petrol,audi,no,15.5
32098,2300,limousine,manual,165,a4,150000,petrol,audi,no,20.5
32099,6800,small car,manual,109,cooper,125000,diesel,mini,no,11.83
32100,8850,limousine,manual,143,1er,150000,diesel,bmw,no,11.5
32101,10999,station wagon,automatic,170,passat,125000,diesel,volkswagen,no,10.92
32102,7700,bus,automatic,140,s_max,5000,diesel,ford,no,10.67
32103,15400,small car,automatic,170,others,30000,petrol,alfa_romeo,no,4.5
32105,19480,station wagon,manual,177,passat,60000,diesel,volkswagen,no,4.33
32106,5999,cabrio,manual,192,3er,150000,petrol,bmw,no,16.33
32108,3450,small car,manual,75,fabia,150000,petrol,skoda,no,17.0
32109,3699,station wagon,manual,105,bora,150000,petrol,volkswagen,no,15.58
32110,6300,bus,manual,105,meriva,70000,petrol,opel,no,11.0
32112,1800,small car,manual,75,corsa,150000,petrol,opel,no,15.17
32113,3100,small car,manual,76,fusion,80000,petrol,ford,no,13.83
32114,6400,cabrio,manual,116,golf,125000,petrol,volkswagen,no,16.58
32115,2600,station wagon,automatic,100,passat,40000,petrol,volkswagen,no,20.0
32116,5200,bus,manual,105,altea,150000,diesel,seat,no,11.75
32119,10900,station wagon,manual,143,a4,150000,diesel,audi,no,10.08
32120,43900,station wagon,automatic,313,a6,50000,diesel,audi,no,6.58
32122,6499,cabrio,manual,109,colt,60000,petrol,mitsubishi,no,9.58
32124,10500,station wagon,automatic,224,a6,150000,diesel,audi,no,12.33
32126,29950,coupe,automatic,204,others,30000,petrol,mercedes_benz,no,6.5
32127,2999,limousine,manual,120,bravo,150000,petrol,fiat,yes,10.17
32128,1650,small car,manual,60,corsa,150000,petrol,opel,no,13.75
32133,600,others,manual,93,others,150000,diesel,peugeot,no,20.25
32134,2700,bus,manual,116,alhambra,150000,diesel,seat,no,14.75
32135,12500,small car,manual,109,cooper,80000,diesel,mini,no,9.58
32137,5900,limousine,manual,102,golf,125000,petrol,volkswagen,no,12.42
32140,9999,station wagon,manual,143,3er,150000,diesel,bmw,no,9.92
32141,14500,suv,manual,150,x_trail,70000,diesel,nissan,no,9.0
32142,3500,station wagon,manual,105,golf,150000,diesel,volkswagen,no,14.42
32144,2300,small car,automatic,68,fiesta,150000,diesel,ford,no,14.75
32148,1590,small car,manual,75,corsa,150000,petrol,opel,no,17.75
32149,400,limousine,manual,90,carisma,150000,petrol,mitsubishi,yes,22.33
32150,14000,suv,manual,110,qashqai,70000,diesel,nissan,no,5.92
32152,250,small car,manual,60,ka,125000,petrol,ford,yes,16.17
32153,1000,limousine,automatic,150,c_klasse,150000,petrol,mercedes_benz,no,23.75
32154,1500,bus,manual,114,others,150000,diesel,renault,no,18.42
32155,27350,limousine,manual,170,q3,60000,petrol,audi,no,5.08
32157,17900,coupe,manual,156,others,30000,petrol,peugeot,no,7.5
32158,10999,coupe,manual,200,tt,150000,petrol,audi,no,11.67
32160,450,small car,manual,60,polo,150000,petrol,volkswagen,no,19.5
32161,6900,station wagon,manual,179,a6,150000,diesel,audi,no,13.92
32162,12899,limousine,manual,190,5er,125000,petrol,bmw,no,12.0
32163,799,small car,manual,50,arosa,150000,petrol,seat,no,19.92
32164,5500,limousine,automatic,60,others,20000,diesel,mercedes_benz,no,44.58
32166,1700,station wagon,automatic,95,c_klasse,150000,diesel,mercedes_benz,no,22.42
32167,1649,limousine,manual,102,3er,150000,petrol,bmw,no,21.25
32168,3900,coupe,manual,147,astra,125000,petrol,opel,no,17.58
32169,550,small car,manual,67,corsa,150000,diesel,opel,yes,21.58
32171,13900,station wagon,manual,140,passat,90000,diesel,volkswagen,no,8.0
32172,2750,cabrio,manual,110,mx_reihe,125000,petrol,mazda,no,20.92
32173,2950,small car,manual,90,a3,150000,diesel,audi,no,19.08
32174,1499,coupe,manual,140,r19,150000,petrol,renault,no,17.17
32175,650,station wagon,manual,90,passat,150000,diesel,volkswagen,no,23.08
32176,1450,small car,manual,75,twingo,150000,petrol,renault,no,14.67
32178,3950,cabrio,manual,135,megane,150000,petrol,renault,no,13.67
32179,2999,station wagon,automatic,150,3er,150000,diesel,bmw,no,13.42
32183,8350,station wagon,manual,140,a3,150000,diesel,audi,no,9.83
32184,199,small car,manual,53,swift,125000,petrol,suzuki,yes,21.83
32185,650,small car,manual,65,fiesta,150000,petrol,ford,no,17.08
32188,13499,station wagon,manual,344,others,150000,petrol,audi,no,13.5
32191,1600,limousine,manual,69,golf,150000,petrol,volkswagen,no,29.0
32192,4999,limousine,manual,122,golf,60000,petrol,volkswagen,yes,9.83
32193,3999,small car,manual,101,yaris,150000,petrol,toyota,no,10.0
32194,1750,station wagon,manual,75,fabia,150000,petrol,skoda,no,17.83
32195,10900,others,automatic,136,others,90000,hybrid,toyota,no,9.75
32196,2700,station wagon,automatic,224,e_klasse,150000,petrol,mercedes_benz,no,18.58
32198,1950,bus,manual,115,galaxy,150000,diesel,ford,yes,16.33
32199,3200,small car,manual,75,sandero,60000,petrol,dacia,no,9.67
32201,7500,limousine,automatic,314,e_klasse,150000,diesel,mercedes_benz,no,13.5
32203,17999,station wagon,automatic,306,3er,50000,petrol,bmw,no,13.0
32205,1999,limousine,manual,75,ibiza,150000,petrol,seat,no,14.75
32208,250,limousine,manual,107,scenic,150000,petrol,renault,yes,19.17
32209,1000,limousine,manual,80,focus,125000,petrol,ford,yes,13.17
32210,3900,limousine,automatic,132,e_klasse,150000,petrol,mercedes_benz,no,27.58
32211,11235,bus,manual,95,500,40000,petrol,fiat,no,6.5
32212,2799,limousine,manual,60,polo,150000,petrol,volkswagen,no,16.0
32221,700,small car,manual,75,3_reihe,150000,petrol,mazda,yes,20.25
32222,12900,cabrio,manual,145,focus,70000,petrol,ford,no,9.17
32223,4950,small car,manual,80,polo,125000,diesel,volkswagen,no,9.25
32224,5660,station wagon,manual,175,mondeo,150000,diesel,ford,no,9.42
32225,12999,bus,manual,95,vito,125000,diesel,mercedes_benz,no,6.5
32226,5999,coupe,manual,150,3er,150000,diesel,bmw,no,14.92
32227,1999,small car,manual,45,picanto,150000,petrol,kia,no,11.33
32229,700,small car,manual,60,2_reihe,150000,petrol,peugeot,no,13.33
32232,2400,station wagon,manual,131,laguna,150000,diesel,renault,no,12.83
32235,1490,station wagon,manual,122,v40,150000,petrol,volvo,no,18.75
32236,500,small car,manual,60,corsa,150000,petrol,opel,no,23.0
32237,4499,small car,manual,69,punto,125000,petrol,fiat,no,6.25
32238,1900,small car,manual,80,corsa,150000,petrol,opel,no,12.08
32240,1099,small car,manual,75,ibiza,150000,petrol,seat,no,16.75
32241,33700,coupe,automatic,435,cl,150000,petrol,mercedes_benz,no,7.08
32244,9590,limousine,manual,200,a4,100000,petrol,audi,no,12.25
32245,2222,bus,manual,101,others,150000,diesel,citroen,yes,14.5
32246,3490,limousine,manual,116,bora,70000,petrol,volkswagen,no,17.17
32247,6700,small car,manual,170,cooper,150000,petrol,mini,no,12.17
32248,18000,bus,automatic,174,transporter,150000,diesel,volkswagen,no,11.5
32249,11000,cabrio,manual,69,500,30000,petrol,fiat,no,4.17
32251,1849,station wagon,manual,101,vectra,150000,petrol,opel,no,18.17
32253,2500,others,manual,170,3er,150000,petrol,bmw,no,20.25
32257,4390,small car,manual,68,fiesta,70000,diesel,ford,no,11.33
32258,999,limousine,manual,130,156,150000,petrol,alfa_romeo,yes,17.58
32259,950,bus,manual,86,yaris,150000,petrol,toyota,no,18.33
32260,11990,bus,manual,140,zafira,50000,petrol,opel,no,7.83
32261,9990,bus,automatic,140,others,20000,petrol,kia,no,6.58
32262,600,station wagon,manual,136,omega,150000,petrol,opel,yes,20.67
32263,17900,station wagon,manual,125,caddy,10000,petrol,volkswagen,no,3.42
32264,3999,coupe,manual,204,others,150000,petrol,mitsubishi,no,27.08
32265,1600,limousine,manual,75,golf,150000,petrol,volkswagen,no,18.5
32266,3500,coupe,manual,265,a3,150000,petrol,audi,no,18.58
32267,11650,limousine,automatic,122,golf,70000,petrol,volkswagen,no,9.58
32268,5750,limousine,manual,105,golf,150000,diesel,volkswagen,no,12.58
32271,2799,others,manual,90,caddy,150000,diesel,volkswagen,no,18.5
32272,22800,limousine,manual,150,golf,10000,petrol,volkswagen,no,3.75
32273,7990,small car,manual,69,polo,60000,petrol,volkswagen,no,6.25
32276,3750,coupe,manual,116,3er,150000,diesel,bmw,no,14.92
32277,2000,station wagon,automatic,180,a6,150000,diesel,audi,yes,14.92
32278,15500,station wagon,automatic,99,auris,30000,hybrid,toyota,no,5.58
32280,500,limousine,manual,136,omega,125000,petrol,opel,no,23.75
32281,1000,bus,manual,145,galaxy,150000,petrol,ford,no,20.67
32283,8400,small car,manual,82,fiesta,40000,petrol,ford,no,6.75
32284,1500,small car,manual,60,arosa,150000,petrol,seat,no,14.0
32285,1300,small car,manual,52,matiz,125000,petrol,daewoo,no,15.92
32286,2700,station wagon,manual,105,bora,150000,petrol,volkswagen,no,17.25
32287,3200,coupe,manual,129,others,150000,lpg,mercedes_benz,no,17.92
32288,4250,bus,manual,88,zafira,150000,diesel,opel,no,11.58
32289,7850,limousine,manual,179,a6,150000,diesel,audi,no,11.25
32290,3000,station wagon,manual,101,passat,125000,petrol,volkswagen,no,18.67
32291,2600,small car,automatic,61,fortwo,100000,petrol,smart,no,12.17
32293,2100,station wagon,manual,84,astra,150000,petrol,opel,no,16.17
32294,3800,station wagon,automatic,155,vectra,150000,petrol,opel,no,14.92
32298,5500,limousine,manual,265,others,150000,petrol,audi,no,19.17
32299,10499,limousine,manual,105,golf,40000,petrol,volkswagen,no,7.25
32301,1990,limousine,manual,170,3er,150000,petrol,bmw,no,19.33
32303,13100,station wagon,automatic,177,3er,90000,diesel,bmw,no,10.5
32304,399,small car,manual,58,twingo,150000,petrol,renault,no,18.67
32305,3452,station wagon,automatic,179,a6,150000,diesel,audi,no,17.08
32306,900,small car,manual,75,corsa,150000,petrol,opel,no,15.42
32307,666,limousine,manual,150,5er,150000,petrol,bmw,yes,20.17
32310,13400,cabrio,automatic,99,500,20000,petrol,fiat,no,5.58
32311,650,limousine,automatic,110,a4,150000,diesel,audi,no,21.0
32313,5199,small car,manual,82,fiesta,125000,petrol,ford,no,9.92
32314,10500,cabrio,manual,116,eos,40000,petrol,volkswagen,no,12.92
32315,2500,cabrio,manual,116,3er,150000,petrol,bmw,no,21.58
32316,999,small car,manual,85,corolla,150000,petrol,toyota,no,18.08
32319,11000,station wagon,automatic,232,a6,150000,diesel,audi,no,11.75
32321,550,limousine,manual,90,carisma,150000,petrol,mitsubishi,no,21.83
32323,2800,limousine,automatic,150,e_klasse,150000,diesel,mercedes_benz,yes,15.0
32324,990,station wagon,manual,136,5er,150000,diesel,bmw,yes,15.08
32325,11999,station wagon,manual,131,transporter,150000,diesel,volkswagen,no,13.42
32326,3500,small car,manual,86,fabia,150000,petrol,skoda,no,11.75
32327,4300,bus,manual,140,touran,150000,diesel,volkswagen,no,12.33
32328,7850,bus,manual,116,b_klasse,150000,cng,mercedes_benz,no,9.08
32329,2300,small car,manual,77,jazz,150000,petrol,honda,no,13.25
32333,4480,suv,manual,75,caddy,150000,petrol,volkswagen,no,13.75
32334,5700,cabrio,manual,163,slk,150000,petrol,mercedes_benz,no,16.17
32335,63452,station wagon,automatic,272,a6,10000,diesel,audi,no,3.75
32336,15500,small car,manual,63,others,60000,petrol,mini,no,19.92
32337,1750,limousine,manual,122,c_klasse,150000,petrol,mercedes_benz,no,20.83
32338,9000,cabrio,automatic,192,z_reihe,150000,petrol,bmw,no,16.0
32339,5400,limousine,manual,200,passat,150000,petrol,volkswagen,no,11.67
32340,1499,small car,manual,60,2_reihe,150000,petrol,peugeot,no,13.75
32341,9500,coupe,manual,231,rx_reihe,80000,petrol,mazda,no,11.58
32346,2699,cabrio,manual,110,2_reihe,150000,petrol,peugeot,no,16.92
32349,7490,small car,manual,116,cooper,90000,petrol,mini,no,13.83
32350,6200,small car,manual,82,spark,40000,petrol,chevrolet,no,6.33
32352,3100,small car,manual,75,twingo,150000,petrol,renault,no,9.5
32353,1400,small car,manual,75,civic,125000,petrol,honda,yes,21.58
32354,2400,small car,manual,68,fiesta,150000,diesel,ford,no,13.08
32355,5500,cabrio,automatic,197,clk,150000,petrol,mercedes_benz,no,17.08
32356,1200,station wagon,manual,82,astra,150000,diesel,opel,no,19.67
32357,5600,limousine,automatic,193,5er,150000,diesel,bmw,no,17.17
32358,2600,bus,manual,100,zafira,150000,petrol,opel,no,10.92
32360,850,limousine,automatic,101,golf,150000,petrol,volkswagen,no,20.25
32361,4650,station wagon,automatic,140,passat,20000,diesel,volkswagen,no,12.0
32362,2500,small car,manual,90,others,150000,diesel,fiat,no,11.25
32363,7800,limousine,manual,256,a6,125000,petrol,audi,no,14.75
32364,1000,station wagon,manual,131,mondeo,150000,diesel,ford,no,13.83
32365,1500,limousine,manual,150,5er,150000,petrol,bmw,no,22.5
32366,250,small car,manual,75,colt,150000,petrol,mitsubishi,no,20.17
32367,650,limousine,manual,90,others,50000,petrol,fiat,no,29.58
32368,990,limousine,manual,109,megane,90000,petrol,renault,no,17.33
32369,8500,small car,manual,90,sandero,80000,petrol,dacia,no,4.67
32370,9700,suv,automatic,250,m_klasse,150000,diesel,mercedes_benz,no,15.0
32371,7100,small car,manual,82,fiesta,80000,petrol,ford,no,7.5
32372,3700,limousine,automatic,122,c_klasse,150000,petrol,mercedes_benz,no,22.42
32373,9600,station wagon,automatic,231,5er,150000,diesel,bmw,no,12.67
32375,400,small car,manual,102,a_klasse,150000,petrol,mercedes_benz,yes,20.75
32380,9900,limousine,manual,116,astra,30000,petrol,opel,no,8.92
32381,1850,limousine,manual,116,e_klasse,150000,diesel,mercedes_benz,no,18.33
32382,21900,limousine,automatic,140,golf,40000,petrol,volkswagen,no,4.33
32383,1700,bus,manual,82,vito,150000,diesel,mercedes_benz,no,16.58
32384,2700,station wagon,manual,116,mondeo,150000,diesel,ford,no,14.17
32385,9700,coupe,manual,160,scirocco,150000,petrol,volkswagen,no,10.67
32386,6000,limousine,automatic,177,e_klasse,150000,diesel,mercedes_benz,no,14.33
32387,1750,station wagon,manual,141,ptcruiser,125000,petrol,chrysler,no,17.17
32391,7499,limousine,manual,241,leon,150000,petrol,seat,no,10.33
32392,4300,limousine,manual,140,golf,150000,diesel,volkswagen,no,14.83
32393,6000,bus,automatic,105,meriva,100000,petrol,opel,no,12.67
32394,1590,station wagon,manual,184,3er,150000,diesel,bmw,no,18.92
32396,4000,station wagon,automatic,163,5er,150000,diesel,bmw,no,15.75
32398,850,bus,manual,68,transporter,150000,diesel,volkswagen,yes,21.0
32401,9350,small car,manual,69,polo,30000,petrol,volkswagen,no,6.0
32402,3950,bus,manual,105,touran,150000,diesel,volkswagen,yes,12.83
32403,3100,small car,manual,54,fox,125000,petrol,volkswagen,no,11.58
32405,13000,small car,manual,122,clubman,100000,petrol,mini,no,8.58
32406,4500,station wagon,manual,192,5er,150000,petrol,bmw,no,17.92
32407,8700,limousine,automatic,235,5er,150000,diesel,bmw,no,11.5
32408,4300,limousine,manual,131,a4,150000,petrol,audi,no,17.25
32409,1400,limousine,manual,90,80,150000,petrol,audi,no,27.58
32410,400,cabrio,manual,71,astra,150000,petrol,opel,yes,23.17
32412,950,small car,manual,50,ibiza,150000,petrol,seat,no,18.58
32413,2657,station wagon,manual,105,touran,150000,diesel,volkswagen,no,13.5
32416,9950,station wagon,manual,197,5er,150000,diesel,bmw,no,11.58
32418,6000,limousine,manual,105,passat,150000,diesel,volkswagen,no,11.92
32419,5100,bus,manual,105,roomster,150000,diesel,skoda,no,11.08
32420,5750,limousine,manual,120,bravo,150000,diesel,fiat,no,10.67
32421,13700,cabrio,automatic,143,1er,100000,petrol,bmw,no,10.25
32422,30000,limousine,automatic,231,5er,150000,diesel,bmw,no,10.33
32425,4500,coupe,manual,109,c4,125000,diesel,citroen,no,11.08
32426,1800,small car,manual,55,others,100000,petrol,hyundai,no,20.83
32427,13500,limousine,manual,143,a4,150000,diesel,audi,no,12.0
32430,111,station wagon,manual,90,escort,90000,petrol,ford,yes,20.33
32431,650,small car,manual,60,2_reihe,150000,petrol,peugeot,yes,16.17
32433,2500,bus,manual,107,scenic,150000,petrol,renault,no,15.25
32434,1200,small car,manual,75,2_reihe,150000,petrol,peugeot,no,17.58
32436,23990,station wagon,automatic,245,3er,125000,diesel,bmw,no,9.0
32437,5390,limousine,manual,200,golf,150000,petrol,volkswagen,no,13.33
32438,1890,limousine,manual,110,megane,150000,diesel,renault,no,15.67
32439,3200,cabrio,manual,105,escort,150000,petrol,ford,no,29.42
32441,2400,small car,manual,76,others,125000,petrol,suzuki,no,16.42
32442,21000,limousine,manual,150,golf,30000,diesel,volkswagen,no,4.5
32446,19500,limousine,automatic,235,s_klasse,150000,diesel,mercedes_benz,no,10.67
32449,4500,limousine,manual,101,golf,150000,diesel,volkswagen,no,15.92
32450,13900,bus,manual,122,golf,30000,petrol,volkswagen,no,7.92
32452,8699,station wagon,manual,125,focus,90000,petrol,ford,no,9.58
32453,7777,limousine,automatic,272,7er,150000,petrol,bmw,no,17.92
32454,4250,limousine,automatic,102,a3,125000,petrol,audi,no,16.42
32458,6900,station wagon,manual,105,golf,150000,diesel,volkswagen,no,10.33
32459,21900,bus,manual,179,transporter,60000,diesel,volkswagen,no,6.75
32461,2750,bus,manual,125,zafira,150000,petrol,opel,no,13.17
32462,11600,coupe,manual,160,others,150000,petrol,porsche,no,31.92
32463,2500,suv,automatic,272,m_klasse,150000,petrol,mercedes_benz,no,19.83
32467,12320,coupe,automatic,170,3er,50000,petrol,bmw,no,14.83
32468,1200,limousine,manual,102,a_klasse,150000,petrol,mercedes_benz,no,19.58
32469,2500,limousine,manual,26,601,90000,other,trabant,no,30.08
32471,999,small car,manual,60,corsa,150000,petrol,opel,no,20.42
32472,1599,small car,manual,58,corsa,150000,petrol,opel,no,17.25
32473,5200,bus,manual,136,touran,150000,diesel,volkswagen,no,13.08
32474,850,small car,manual,53,swift,150000,petrol,suzuki,no,16.08
32476,2450,station wagon,manual,125,mondeo,150000,petrol,ford,no,16.5
32477,10900,bus,manual,150,5_reihe,100000,diesel,peugeot,no,9.92
32480,24000,limousine,manual,250,insignia,30000,petrol,opel,no,6.0
32481,7950,limousine,manual,140,a3,150000,diesel,audi,no,10.83
32482,18599,coupe,manual,160,cc,60000,petrol,volkswagen,no,4.33
32483,24500,limousine,manual,170,q5,70000,diesel,audi,no,6.42
32485,6950,station wagon,manual,105,golf,150000,diesel,volkswagen,no,9.83
32488,1700,limousine,manual,150,carisma,150000,diesel,mitsubishi,no,15.92
32489,6199,station wagon,manual,92,2_reihe,90000,diesel,peugeot,no,6.25
32491,13500,station wagon,automatic,143,3er,70000,petrol,bmw,no,9.42
32492,450,limousine,manual,90,mondeo,125000,petrol,ford,yes,21.75
32493,7400,station wagon,manual,200,a3,150000,petrol,audi,no,13.33
32495,3950,station wagon,manual,143,c_klasse,150000,diesel,mercedes_benz,no,15.08
32496,900,limousine,manual,116,vectra,150000,petrol,opel,no,22.67
32500,13450,others,manual,90,others,5000,petrol,renault,no,5.5
32501,2500,station wagon,manual,116,mondeo,150000,diesel,ford,no,12.92
32504,22222,suv,manual,160,tiguan,30000,petrol,volkswagen,no,6.0
32507,11240,station wagon,automatic,170,e_klasse,150000,diesel,mercedes_benz,no,11.08
32508,2500,bus,manual,103,others,150000,lpg,hyundai,no,10.17
32509,4850,small car,manual,60,fabia,80000,petrol,skoda,no,10.42
32510,4999,bus,manual,102,transporter,150000,diesel,volkswagen,no,19.67
32511,9000,limousine,manual,163,3er,150000,diesel,bmw,no,13.5
32512,2250,cabrio,manual,86,punto,125000,petrol,fiat,no,18.42
32515,3600,limousine,manual,101,astra,150000,petrol,opel,no,16.58
32516,8900,station wagon,manual,143,a4,150000,diesel,audi,yes,10.58
32517,850,limousine,manual,113,3er,150000,petrol,bmw,no,29.33
32519,1500,limousine,manual,150,a6,150000,petrol,audi,no,21.67
32523,8900,bus,manual,105,caddy,125000,diesel,volkswagen,no,13.83
32525,850,small car,manual,58,twingo,150000,petrol,renault,yes,22.0
32526,7599,small car,automatic,71,fortwo,20000,petrol,smart,no,5.58
32527,1250,limousine,manual,173,focus,150000,petrol,ford,yes,16.42
32528,28800,suv,automatic,231,m_klasse,150000,diesel,mercedes_benz,no,9.0
32529,7800,bus,manual,170,touran,150000,diesel,volkswagen,no,10.33
32531,9000,cabrio,automatic,163,clk,125000,petrol,mercedes_benz,no,17.75
32532,6999,station wagon,manual,106,megane,150000,diesel,renault,no,6.25
32533,300,small car,manual,60,punto,150000,petrol,fiat,yes,17.25
32534,999,small car,manual,45,corsa,90000,petrol,opel,no,23.33
32535,26900,station wagon,automatic,239,a6,125000,diesel,audi,no,9.0
32536,249,small car,manual,65,punto,150000,petrol,fiat,yes,19.83
32537,890,station wagon,manual,60,cordoba,125000,petrol,seat,no,18.08
32538,2400,small car,manual,75,ibiza,150000,diesel,seat,no,14.58
32539,4500,suv,manual,116,rav,150000,diesel,toyota,no,14.5
32542,350,limousine,manual,102,vectra,150000,petrol,opel,yes,19.42
32543,9500,limousine,manual,102,golf,125000,petrol,volkswagen,no,10.0
32544,1700,limousine,manual,116,golf,150000,petrol,volkswagen,no,22.42
32546,1290,limousine,manual,75,golf,60000,petrol,volkswagen,yes,20.25
32549,1490,others,manual,75,berlingo,150000,diesel,citroen,no,11.25
32552,1800,small car,manual,105,golf,150000,petrol,volkswagen,no,16.0
32554,3800,station wagon,manual,85,note,100000,petrol,nissan,no,11.92
32555,2000,station wagon,manual,115,bora,150000,diesel,volkswagen,yes,15.75
32556,6150,cabrio,manual,116,beetle,150000,petrol,volkswagen,no,15.58
32559,19900,station wagon,automatic,204,c_klasse,125000,diesel,mercedes_benz,no,6.08
32560,1300,small car,manual,60,2_reihe,150000,petrol,peugeot,no,15.67
32563,5200,limousine,manual,80,golf,90000,petrol,volkswagen,no,11.83
32565,800,station wagon,manual,101,astra,150000,diesel,opel,no,18.42
32567,700,limousine,manual,90,escort,100000,petrol,ford,no,21.58
32569,3499,small car,manual,60,corsa,50000,petrol,opel,no,12.42
32571,2450,small car,manual,82,clio,150000,diesel,renault,no,16.5
32572,4200,station wagon,manual,220,a6,150000,petrol,audi,no,15.5
32573,3800,small car,manual,73,2_reihe,70000,petrol,peugeot,no,11.17
32574,6290,station wagon,manual,101,focus,70000,petrol,ford,no,7.33
32576,7000,limousine,manual,150,3er,150000,petrol,bmw,no,13.58
32577,15000,limousine,automatic,184,3er,125000,diesel,bmw,no,7.58
32578,8645,small car,manual,69,picanto,20000,petrol,kia,no,4.67
32579,2500,limousine,manual,136,3er,150000,diesel,bmw,no,17.33
32580,1350,limousine,manual,75,astra,150000,diesel,opel,no,17.25
32581,2000,small car,manual,52,matiz,90000,petrol,chevrolet,no,12.08
32582,3500,station wagon,manual,192,3er,150000,petrol,bmw,no,17.67
32583,970,limousine,manual,116,focus,150000,petrol,ford,no,19.33
32586,3500,cabrio,manual,135,megane,150000,petrol,renault,no,15.83
32587,35500,coupe,manual,184,tt,10000,diesel,audi,no,3.33
32588,5400,bus,manual,122,v_klasse,150000,diesel,mercedes_benz,no,16.58
32589,11990,limousine,manual,106,megane,50000,diesel,renault,yes,6.33
32592,16400,limousine,automatic,232,q7,150000,diesel,audi,no,12.5
32594,790,bus,manual,60,combo,150000,diesel,opel,no,23.92
32595,2250,limousine,manual,150,3er,150000,diesel,bmw,yes,16.42
32596,12790,station wagon,automatic,231,5er,150000,diesel,bmw,no,13.0
32597,15500,limousine,automatic,170,e_klasse,150000,diesel,mercedes_benz,no,7.42
32598,42990,station wagon,automatic,224,a4,20000,petrol,audi,no,3.08
32601,7400,small car,manual,70,polo,50000,petrol,volkswagen,no,7.08
32602,2150,bus,manual,116,galaxy,150000,diesel,ford,no,14.25
32603,16780,limousine,automatic,177,1er,125000,diesel,bmw,no,8.25
32606,500,coupe,manual,102,3er,150000,petrol,bmw,no,22.25
32607,42999,station wagon,automatic,245,a4,60000,diesel,audi,no,4.92
32608,8900,small car,manual,75,one,50000,petrol,mini,no,9.58
32612,6999,limousine,manual,82,fiesta,50000,petrol,ford,no,6.5
32613,2200,cabrio,manual,136,2_reihe,150000,petrol,peugeot,no,16.58
32614,1500,limousine,manual,144,156,150000,petrol,alfa_romeo,no,19.92
32615,8800,small car,manual,105,polo,80000,petrol,volkswagen,no,7.25
32616,7500,limousine,automatic,326,7er,150000,petrol,bmw,no,22.33
32617,1800,station wagon,automatic,250,v70,150000,petrol,volvo,yes,21.67
32618,2399,cabrio,manual,101,astra,150000,petrol,opel,no,17.58
32620,4450,coupe,automatic,204,4_reihe,90000,diesel,peugeot,no,10.08
32621,4999,station wagon,manual,105,passat,150000,diesel,volkswagen,no,9.92
32623,5950,small car,manual,69,picanto,60000,petrol,kia,no,6.67
32624,5800,limousine,manual,170,5er,150000,petrol,bmw,no,15.58
32626,4950,cabrio,manual,120,megane,125000,diesel,renault,no,13.5
32627,4999,station wagon,manual,150,3er,150000,diesel,bmw,no,14.42
32633,4200,limousine,manual,95,colt,90000,petrol,mitsubishi,no,13.0
32634,7350,bus,manual,109,sprinter,150000,diesel,mercedes_benz,no,13.33
32640,650,limousine,manual,116,mondeo,125000,petrol,ford,no,25.33
32642,1999,small car,manual,64,matiz,150000,petrol,daewoo,no,13.08
32644,1050,station wagon,manual,75,golf,150000,petrol,volkswagen,no,19.5
32645,4800,station wagon,manual,109,focus,150000,diesel,ford,no,10.83
32646,7350,limousine,manual,102,golf,90000,petrol,volkswagen,no,10.5
32648,1850,small car,manual,60,punto,125000,petrol,fiat,no,15.5
32650,9000,small car,manual,101,corsa,60000,petrol,opel,no,7.0
32654,4700,others,manual,67,transporter,40000,diesel,volkswagen,no,36.42
32657,950,limousine,manual,116,6_reihe,150000,petrol,mazda,no,20.92
32659,1299,small car,manual,45,1_reihe,125000,petrol,peugeot,no,18.33
32660,1200,small car,manual,60,ka,150000,petrol,ford,no,17.25
32661,7999,limousine,manual,102,golf,90000,petrol,volkswagen,no,10.67
32662,1800,limousine,manual,90,golf,150000,petrol,volkswagen,no,21.08
32663,23900,limousine,manual,143,3er,70000,diesel,bmw,no,6.42
32666,999,small car,manual,54,punto,125000,petrol,fiat,no,20.17
32667,12400,small car,manual,182,fiesta,50000,petrol,ford,no,5.75
32668,18499,limousine,manual,160,a4,40000,petrol,audi,no,7.92
32672,600,small car,automatic,45,fortwo,150000,petrol,smart,yes,15.08
32673,2500,station wagon,manual,131,passat,150000,diesel,volkswagen,no,17.42
32674,4350,bus,manual,105,transporter,150000,diesel,volkswagen,no,13.92
32680,2400,station wagon,manual,116,focus,150000,diesel,ford,no,17.83
32682,2500,limousine,manual,41,others,150000,petrol,trabant,no,30.0
32683,3850,limousine,manual,120,147,150000,diesel,alfa_romeo,no,11.33
32685,1000,limousine,manual,102,a_klasse,150000,petrol,mercedes_benz,no,18.08
32686,5900,station wagon,automatic,140,passat,150000,diesel,volkswagen,no,11.25
32687,16500,coupe,manual,250,tt,125000,petrol,audi,no,10.08
32689,1800,limousine,manual,116,vectra,125000,petrol,opel,no,17.5
32695,1699,small car,manual,63,getz,150000,petrol,hyundai,no,14.67
32698,1390,coupe,manual,102,3er,150000,petrol,bmw,no,21.58
32700,4400,limousine,manual,80,golf,150000,petrol,volkswagen,no,11.58
32703,4900,station wagon,manual,109,others,40000,petrol,chevrolet,no,9.25
32704,1350,small car,manual,52,matiz,150000,petrol,chevrolet,no,12.08
32706,18700,station wagon,manual,125,golf,20000,petrol,volkswagen,no,3.75
32707,800,small car,manual,88,2_reihe,125000,petrol,peugeot,yes,14.0
32710,12399,suv,manual,163,i_reihe,60000,petrol,hyundai,no,8.25
32712,13950,bus,automatic,99,verso,40000,petrol,toyota,no,5.75
32713,6300,bus,manual,90,kangoo,70000,petrol,renault,no,11.33
32716,500,small car,manual,60,others,125000,petrol,citroen,no,19.75
32717,5600,station wagon,manual,105,fabia,60000,petrol,skoda,yes,9.25
32718,8950,station wagon,manual,126,avensis,100000,diesel,toyota,no,9.17
32720,6499,small car,manual,69,500,80000,petrol,fiat,no,8.42
32721,1490,small car,manual,86,others,150000,petrol,suzuki,no,19.33
32722,2950,bus,manual,125,zafira,150000,petrol,opel,no,14.17
32723,10499,limousine,manual,140,a3,150000,diesel,audi,no,7.83
32724,1500,station wagon,manual,125,a4,150000,diesel,audi,yes,19.25
32726,995,small car,manual,75,polo,150000,petrol,volkswagen,no,22.25
32727,14000,limousine,manual,105,a3,60000,petrol,audi,no,7.33
32730,299,station wagon,manual,115,e_klasse,150000,diesel,mercedes_benz,yes,20.08
32731,2600,small car,manual,80,fusion,125000,petrol,ford,no,15.83
32732,850,small car,manual,54,micra,150000,petrol,nissan,yes,19.33
32733,6899,small car,manual,69,corsa,70000,petrol,opel,no,8.0
32734,1900,small car,manual,67,matiz,125000,petrol,chevrolet,no,11.42
32735,3400,coupe,automatic,196,clk,150000,lpg,mercedes_benz,no,18.17
32736,2750,bus,manual,143,voyager,150000,diesel,chrysler,no,14.42
32737,10400,small car,automatic,98,one,70000,petrol,mini,no,7.17
32739,1500,station wagon,manual,131,mondeo,150000,diesel,ford,yes,14.08
32740,1999,small car,manual,44,corsa,150000,petrol,opel,no,14.75
32741,25900,cabrio,manual,295,boxster,80000,petrol,porsche,no,11.08
32742,2450,station wagon,automatic,136,e_klasse,150000,petrol,mercedes_benz,no,28.67
32744,6950,bus,manual,102,transporter,150000,diesel,volkswagen,no,16.5
32745,8899,bus,manual,105,c_max,80000,petrol,ford,no,7.92
32748,3300,suv,automatic,274,m_klasse,150000,lpg,mercedes_benz,yes,18.33
32749,15500,suv,automatic,272,range_rover_sport,150000,diesel,land_rover,yes,11.25
32753,6199,small car,manual,80,golf,100000,petrol,volkswagen,no,9.92
32755,16990,limousine,automatic,231,c_klasse,20000,petrol,mercedes_benz,no,11.42
32758,1800,bus,manual,102,transporter,150000,diesel,volkswagen,yes,19.42
32759,5100,small car,manual,75,polo,40000,petrol,volkswagen,no,12.25
32760,3599,station wagon,manual,140,accord,150000,diesel,honda,no,14.67
32761,2250,station wagon,manual,165,a6,150000,petrol,audi,no,20.0
32764,1600,limousine,manual,116,147,150000,diesel,alfa_romeo,yes,15.5
32765,999,limousine,manual,150,a6,150000,diesel,audi,yes,18.25
32766,2500,small car,manual,101,golf,150000,diesel,volkswagen,no,15.5
32768,8490,cabrio,manual,116,cooper,150000,petrol,mini,no,14.0
32769,3890,small car,manual,60,fiesta,30000,petrol,ford,no,11.75
32771,5000,bus,automatic,116,b_klasse,100000,petrol,mercedes_benz,yes,11.33
32772,1900,limousine,automatic,299,a8,150000,petrol,audi,no,22.5
32773,17500,station wagon,manual,116,focus,30000,diesel,ford,no,4.83
32775,3490,limousine,manual,131,a4,125000,petrol,audi,no,17.42
32776,5000,limousine,automatic,88,others,100000,hybrid,honda,no,9.83
32778,6500,small car,manual,46,kaefer,90000,petrol,volkswagen,no,21.08
32780,4299,station wagon,manual,150,astra,150000,diesel,opel,no,15.0
32783,5500,bus,manual,102,transporter,150000,diesel,volkswagen,no,19.25
32784,1650,bus,manual,95,kangoo,150000,petrol,renault,no,15.92
32785,11500,limousine,manual,109,a_klasse,60000,diesel,mercedes_benz,no,7.33
32786,11800,station wagon,automatic,184,3er,150000,diesel,bmw,no,7.08
32787,10999,station wagon,automatic,140,passat,150000,diesel,volkswagen,no,7.92
32788,1199,limousine,manual,101,a4,150000,petrol,audi,no,21.33
32789,7499,limousine,manual,80,golf,100000,petrol,volkswagen,no,9.17
32790,200,small car,automatic,55,golf,150000,petrol,volkswagen,yes,27.58
32792,3499,limousine,manual,163,c_klasse,150000,petrol,mercedes_benz,no,16.5
32793,1999,limousine,manual,105,golf,150000,petrol,volkswagen,no,18.25
32794,3500,station wagon,manual,131,megane,150000,diesel,renault,no,13.83
32795,1150,station wagon,manual,140,primera,150000,lpg,nissan,no,18.0
32797,6800,station wagon,manual,105,golf,150000,diesel,volkswagen,no,10.75
32798,1500,small car,manual,58,others,60000,petrol,hyundai,no,13.75
32799,5000,small car,manual,69,ka,60000,petrol,ford,no,6.75
32802,790,limousine,manual,116,3er,150000,petrol,bmw,yes,16.08
32803,5200,others,manual,102,golf,150000,petrol,volkswagen,no,12.5
32804,850,coupe,manual,107,mx_reihe,150000,petrol,mazda,no,24.33
32806,9000,limousine,automatic,306,e_klasse,150000,petrol,mercedes_benz,no,14.67
32808,4900,limousine,automatic,192,5er,150000,petrol,bmw,no,17.5
32809,4050,limousine,manual,105,golf,150000,petrol,volkswagen,no,14.42
32810,4800,bus,manual,125,c_max,80000,petrol,ford,no,13.25
32811,21900,cabrio,automatic,272,slk,40000,petrol,mercedes_benz,no,12.0
32812,130,small car,manual,60,fiesta,150000,petrol,ford,no,22.17
32813,2250,small car,manual,125,a3,150000,petrol,audi,no,21.42
32815,16900,station wagon,automatic,184,3er,125000,diesel,bmw,no,6.33
32816,1500,small car,manual,50,polo,80000,petrol,volkswagen,no,19.83
32817,10350,limousine,manual,114,c_reihe,125000,diesel,volvo,no,7.17
32818,17500,coupe,manual,110,golf,10000,other,volkswagen,no,4.92
32819,3390,limousine,manual,116,3er,150000,diesel,bmw,no,15.5
32820,23999,suv,automatic,230,xc_reihe,150000,diesel,volvo,no,7.08
32821,900,small car,manual,65,corsa,150000,petrol,opel,no,20.67
32822,12999,limousine,automatic,170,c_klasse,150000,diesel,mercedes_benz,no,11.67
32823,3750,small car,manual,75,2_reihe,90000,petrol,peugeot,no,9.33
32826,600,limousine,manual,90,carisma,150000,petrol,mitsubishi,no,10.67
32828,2000,coupe,manual,110,3er,150000,petrol,bmw,yes,17.0
32829,1350,station wagon,manual,116,v40,150000,petrol,volvo,no,20.67
32830,500,limousine,manual,73,3_reihe,150000,petrol,mazda,no,20.25
32831,40830,suv,automatic,265,glk,40000,diesel,mercedes_benz,no,5.92
32832,15600,limousine,manual,260,golf,150000,petrol,volkswagen,no,8.25
32834,2500,cabrio,automatic,54,fortwo,90000,petrol,smart,no,16.83
32835,6150,limousine,manual,105,passat,150000,diesel,volkswagen,no,13.33
32836,1300,small car,manual,60,fiesta,60000,petrol,ford,no,17.42
32837,20800,station wagon,manual,381,a4,150000,petrol,audi,no,17.08
32839,1900,small car,manual,50,lupo,150000,petrol,volkswagen,no,18.83
32840,650,cabrio,manual,60,punto,150000,petrol,fiat,no,22.25
32842,3599,small car,manual,75,corsa,150000,diesel,opel,yes,9.08
32843,3850,small car,manual,101,fabia,70000,petrol,skoda,no,14.75
32844,6100,small car,automatic,11,others,10000,electro,renault,no,5.25
32845,1400,bus,manual,69,berlingo,150000,diesel,citroen,no,12.92
32846,5900,limousine,manual,122,1er,150000,diesel,bmw,no,13.42
32847,4950,coupe,manual,125,cr_reihe,150000,petrol,honda,no,22.83
32849,4300,bus,manual,116,alhambra,150000,diesel,seat,yes,14.25
32850,29240,suv,automatic,177,q3,60000,diesel,audi,no,5.25
32852,6000,limousine,manual,131,sharan,150000,diesel,volkswagen,no,13.92
32853,19499,limousine,automatic,231,e_klasse,100000,diesel,mercedes_benz,no,9.75
32854,5750,small car,manual,83,jazz,125000,petrol,honda,no,10.83
32855,2200,limousine,manual,196,x_type,150000,petrol,jaguar,no,16.5
32857,4890,station wagon,manual,131,passat,150000,diesel,volkswagen,no,16.83
32859,3850,limousine,manual,122,1er,150000,diesel,bmw,no,13.75
32862,1800,station wagon,manual,90,80,125000,petrol,audi,no,25.17
32863,6330,small car,manual,163,cooper,150000,petrol,mini,no,15.58
32865,3350,bus,manual,116,focus,150000,petrol,ford,no,12.67
32866,9990,limousine,automatic,245,s_klasse,125000,petrol,mercedes_benz,no,14.58
32868,8900,cabrio,manual,90,one,100000,petrol,mini,no,12.5
32869,2600,small car,manual,80,corsa,150000,petrol,opel,no,12.67
32871,11990,station wagon,automatic,170,passat,100000,diesel,volkswagen,no,9.33
32872,2700,cabrio,manual,110,mx_reihe,150000,lpg,mazda,no,19.42
32876,800,station wagon,manual,101,vectra,150000,diesel,opel,no,20.33
32878,2950,small car,manual,64,polo,150000,petrol,volkswagen,no,13.42
32879,12900,limousine,manual,143,3er,40000,petrol,bmw,no,9.58
32880,5999,bus,manual,143,v_klasse,150000,petrol,mercedes_benz,no,15.25
32881,1100,small car,manual,54,polo,125000,petrol,volkswagen,no,23.17
32882,1555,limousine,manual,75,astra,125000,petrol,opel,no,19.75
32883,14500,suv,automatic,340,cayenne,150000,petrol,porsche,no,12.25
32884,6500,bus,manual,116,c_max,125000,petrol,ford,no,8.33
32886,2600,small car,manual,60,punto,80000,petrol,fiat,no,13.25
32888,5000,station wagon,automatic,179,a4,150000,diesel,audi,no,11.5
32889,530,coupe,manual,125,others,150000,diesel,saab,no,17.42
32890,2200,small car,manual,58,cuore,150000,petrol,daihatsu,no,14.75
32891,4650,station wagon,manual,140,passat,150000,diesel,volkswagen,no,11.17
32892,9200,station wagon,manual,105,octavia,100000,diesel,skoda,no,8.5
32893,250,coupe,manual,125,others,150000,petrol,ford,yes,20.08
32895,680,limousine,manual,101,a4,150000,petrol,audi,no,23.58
32896,9990,cabrio,automatic,192,3er,150000,petrol,bmw,no,16.0
32897,185,small car,manual,60,ibiza,150000,petrol,seat,yes,21.58
32898,2600,small car,manual,64,ibiza,150000,petrol,seat,no,13.25
32899,23500,coupe,automatic,239,a5,150000,diesel,audi,no,9.0
32902,16490,coupe,manual,170,cc,150000,diesel,volkswagen,no,8.58
32903,7400,limousine,manual,122,1er,150000,petrol,bmw,no,10.83
32905,7600,station wagon,manual,170,passat,150000,diesel,volkswagen,no,9.5
32906,6950,cabrio,manual,116,mx_reihe,150000,petrol,mazda,no,27.75
32908,6500,limousine,automatic,177,5er,150000,diesel,bmw,no,14.33
32909,7500,station wagon,manual,145,focus,150000,petrol,ford,no,10.42
32911,950,small car,manual,60,ypsilon,150000,petrol,lancia,no,17.25
32912,5990,station wagon,automatic,192,e_klasse,150000,petrol,mercedes_benz,no,23.67
32913,11550,small car,manual,82,fiesta,40000,petrol,ford,no,4.58
32914,4990,small car,manual,75,clio,50000,petrol,renault,no,10.25
32916,8950,station wagon,manual,102,caddy,90000,petrol,volkswagen,no,10.83
32917,8300,suv,automatic,140,tiguan,150000,diesel,volkswagen,yes,10.42
32918,9250,cabrio,manual,90,one,30000,petrol,mini,no,11.25
32919,6550,limousine,manual,140,civic,70000,petrol,honda,no,11.83
32923,19499,coupe,automatic,211,passat,70000,petrol,volkswagen,no,7.42
32924,2700,bus,manual,135,scenic,150000,petrol,renault,no,11.75
32927,5999,limousine,manual,115,1er,150000,petrol,bmw,no,13.5
32928,3300,cabrio,manual,110,mx_reihe,100000,petrol,mazda,no,19.5
32929,14350,station wagon,manual,140,a3,50000,diesel,audi,no,7.92
32930,750,small car,manual,60,clio,125000,petrol,renault,yes,22.42
32931,35500,bus,automatic,140,transporter,10000,diesel,volkswagen,no,4.33
32932,1111,limousine,automatic,165,a6,150000,lpg,audi,yes,21.58
32933,4250,limousine,manual,131,passat,150000,diesel,volkswagen,no,14.25
32935,9250,station wagon,manual,105,caddy,90000,diesel,volkswagen,no,9.42
32936,1850,cabrio,manual,125,astra,150000,petrol,opel,no,16.67
32937,9350,limousine,manual,110,golf,60000,diesel,volkswagen,no,9.25
32938,1150,limousine,manual,75,almera,150000,petrol,nissan,no,19.25
32940,13990,suv,manual,129,others,40000,diesel,suzuki,no,10.83
32942,3250,limousine,manual,102,a3,125000,petrol,audi,no,16.42
32943,1490,limousine,manual,101,vectra,125000,petrol,opel,no,19.58
32945,7750,limousine,manual,116,1er,150000,diesel,bmw,no,9.58
32947,999,bus,manual,114,espace,150000,petrol,renault,no,21.5
32949,5700,small car,manual,86,ibiza,70000,petrol,seat,no,8.25
32950,39900,suv,automatic,170,others,5000,diesel,mercedes_benz,no,2.25
32951,7000,station wagon,manual,150,3er,150000,diesel,bmw,no,11.83
32953,8499,cabrio,manual,163,others,150000,lpg,audi,no,13.75
32954,3750,limousine,manual,179,others,150000,diesel,audi,no,16.17
32956,4990,cabrio,manual,110,golf,150000,diesel,volkswagen,no,18.42
32959,19500,bus,manual,174,transporter,150000,diesel,volkswagen,no,11.42
32961,6950,bus,manual,175,s_max,150000,diesel,ford,no,11.0
32962,9000,suv,manual,177,rav,150000,diesel,toyota,no,11.17
32963,1050,station wagon,manual,90,passat,150000,petrol,volkswagen,no,26.83
32966,3500,limousine,automatic,116,c_klasse,150000,diesel,mercedes_benz,no,18.92
32967,9700,suv,manual,150,x_reihe,100000,petrol,bmw,no,12.5
32968,32500,bus,manual,145,vivaro,5000,diesel,opel,no,2.17
32970,6850,station wagon,automatic,163,3er,150000,diesel,bmw,no,11.92
32971,2950,station wagon,manual,100,focus,150000,petrol,ford,no,13.67
32972,1500,limousine,manual,170,e_klasse,150000,petrol,mercedes_benz,no,21.67
32973,6500,small car,manual,66,note,80000,diesel,nissan,no,7.5
32974,9000,small car,manual,120,cooper,80000,petrol,mini,no,11.42
32975,750,small car,manual,75,fiesta,125000,petrol,ford,yes,21.0
32976,1200,bus,manual,101,zafira,150000,diesel,opel,no,17.08
32978,41900,limousine,automatic,408,7er,50000,petrol,bmw,no,8.83
32979,84900,cabrio,manual,349,911,30000,petrol,porsche,no,6.5
32980,1333,limousine,manual,101,vectra,80000,petrol,opel,no,19.67
32981,9990,station wagon,manual,104,golf,90000,petrol,volkswagen,no,7.08
32984,7250,limousine,automatic,280,a8,150000,petrol,audi,no,15.83
32985,4495,small car,manual,116,cooper,150000,petrol,mini,no,15.58
32986,150,limousine,manual,75,others,150000,petrol,hyundai,no,24.67
32988,7750,suv,manual,105,duster,40000,petrol,dacia,no,7.75
32989,4200,coupe,manual,192,rx_reihe,90000,petrol,mazda,no,12.42
32993,300,small car,manual,40,clio,150000,petrol,renault,no,23.17
32994,14599,station wagon,manual,128,ceed,80000,diesel,kia,no,6.0
32996,6500,small car,manual,90,ibiza,125000,diesel,seat,no,7.83
32997,1500,station wagon,manual,139,laguna,150000,diesel,renault,no,13.5
32999,13550,limousine,automatic,235,5er,150000,diesel,bmw,no,11.92
33000,1999,limousine,manual,82,a_klasse,150000,petrol,mercedes_benz,no,16.75
33003,4450,limousine,manual,193,passat,150000,petrol,volkswagen,no,17.08
33004,3850,limousine,manual,155,accord,150000,petrol,honda,no,15.75
33005,16900,station wagon,automatic,156,c_klasse,100000,petrol,mercedes_benz,no,10.0
33006,19980,station wagon,manual,194,astra,40000,diesel,opel,no,5.5
33009,13800,station wagon,manual,143,a4,125000,diesel,audi,no,8.58
33010,55999,station wagon,automatic,272,others,20000,diesel,audi,no,3.25
33011,1850,small car,manual,101,polo,150000,diesel,volkswagen,no,16.42
33012,1000,coupe,manual,102,3er,150000,petrol,bmw,yes,22.25
33014,1100,limousine,manual,75,golf,150000,petrol,volkswagen,no,22.75
33015,15590,cabrio,manual,160,golf,40000,petrol,volkswagen,no,6.08
33016,1099,small car,manual,50,polo,150000,petrol,volkswagen,no,20.92
33017,2750,small car,manual,54,fox,125000,petrol,volkswagen,no,11.42
33018,7500,bus,automatic,140,touran,125000,diesel,volkswagen,yes,12.58
33020,2900,small car,automatic,61,fortwo,80000,petrol,smart,no,12.42
33021,6500,station wagon,manual,26,601,50000,other,trabant,no,28.33
33027,1500,station wagon,manual,136,3_reihe,150000,diesel,peugeot,no,14.42
33028,3499,limousine,manual,150,golf,150000,petrol,volkswagen,no,19.58
33030,1499,station wagon,manual,150,5er,150000,petrol,bmw,no,25.33
33034,6000,bus,manual,150,vito,150000,diesel,mercedes_benz,yes,13.58
33035,13650,coupe,automatic,223,others,150000,petrol,mercedes_benz,no,31.42
33036,5350,cabrio,manual,170,3er,150000,petrol,bmw,no,17.33
33037,8500,station wagon,automatic,190,a6,150000,diesel,audi,no,10.67
33038,7150,station wagon,automatic,179,a6,125000,diesel,audi,no,15.42
33043,1850,small car,manual,29,others,90000,petrol,renault,no,34.0
33049,9850,limousine,manual,105,passat,125000,diesel,volkswagen,no,9.0
33050,1250,small car,manual,75,corsa,150000,petrol,opel,no,17.0
33051,1899,small car,manual,58,twingo,125000,petrol,renault,no,14.33
33054,4900,suv,manual,120,others,50000,petrol,mitsubishi,no,18.0
33055,1500,small car,automatic,102,a_klasse,125000,petrol,mercedes_benz,no,19.17
33057,3499,station wagon,manual,136,3er,150000,diesel,bmw,no,18.83
33058,2650,bus,automatic,107,scenic,150000,petrol,renault,no,18.83
33061,3000,cabrio,automatic,277,3_reihe,150000,petrol,peugeot,no,13.25
33062,6800,small car,automatic,71,fortwo,20000,petrol,smart,no,5.25
33065,8650,bus,manual,151,transporter,150000,diesel,volkswagen,no,19.08
33067,3100,coupe,manual,143,c_klasse,150000,petrol,mercedes_benz,no,16.75
33069,2450,limousine,manual,150,a6,150000,petrol,audi,no,20.17
33070,49999,bus,automatic,179,transporter,40000,diesel,volkswagen,no,4.58
33072,4500,small car,manual,69,justy,80000,petrol,subaru,no,10.17
33074,31500,limousine,automatic,170,c_klasse,20000,diesel,mercedes_benz,no,4.83
33075,23450,bus,manual,203,s_max,60000,petrol,ford,no,5.33
33078,12500,cabrio,manual,163,slk,80000,petrol,mercedes_benz,no,12.17
33079,8000,limousine,manual,220,a4,20000,petrol,audi,no,17.92
33081,3499,cabrio,manual,147,astra,150000,petrol,opel,no,17.25
33082,17000,station wagon,manual,120,c_klasse,80000,diesel,mercedes_benz,no,6.92
33084,1775,coupe,manual,105,tigra,150000,petrol,opel,no,23.0
33085,350,small car,manual,45,polo,150000,petrol,volkswagen,no,23.33
33087,1850,limousine,manual,98,3_reihe,125000,petrol,mazda,yes,15.42
33089,45000,cabrio,automatic,184,others,20000,petrol,bmw,no,4.75
33090,1500,limousine,manual,170,5er,150000,petrol,bmw,no,22.25
33092,5999,cabrio,manual,136,3_reihe,125000,petrol,peugeot,no,13.33
33094,5399,limousine,automatic,193,passat,125000,petrol,volkswagen,no,16.17
33096,7000,coupe,manual,150,others,150000,diesel,alfa_romeo,no,13.0
33097,3500,bus,automatic,174,v_klasse,150000,petrol,mercedes_benz,no,20.42
33098,5500,limousine,automatic,231,3er,150000,diesel,bmw,yes,13.83
33099,2727,small car,manual,69,ka,125000,petrol,ford,no,13.17
33100,2600,station wagon,manual,131,passat,150000,diesel,volkswagen,no,16.42
33102,4500,station wagon,automatic,170,e_klasse,150000,petrol,mercedes_benz,no,17.33
33103,1999,small car,manual,54,polo,150000,petrol,volkswagen,no,16.75
33105,5000,station wagon,manual,170,v70,150000,petrol,volvo,no,15.25
33108,1900,limousine,manual,102,a3,150000,petrol,audi,no,19.83
33109,1000,others,manual,101,3er,150000,petrol,bmw,no,20.0
33110,800,small car,manual,54,corsa,125000,petrol,opel,no,18.17
33112,799,limousine,manual,116,vectra,150000,petrol,opel,no,24.75
33113,6000,limousine,automatic,279,e_klasse,150000,petrol,mercedes_benz,no,19.08
33116,11000,small car,manual,86,a1,70000,petrol,audi,no,8.58
33117,7990,limousine,automatic,150,jetta,90000,petrol,volkswagen,no,12.5
33118,9850,bus,manual,125,meriva,70000,petrol,opel,no,8.33
33119,5800,small car,manual,60,fabia,40000,petrol,skoda,no,8.58
33120,2450,small car,manual,60,ka,40000,petrol,ford,no,15.08
33121,1500,limousine,manual,105,others,150000,petrol,mercedes_benz,yes,30.5
33122,600,small car,manual,60,polo,150000,petrol,volkswagen,yes,19.33
33126,3600,bus,manual,101,meriva,100000,petrol,opel,no,15.75
33127,6200,limousine,manual,113,others,80000,petrol,chevrolet,no,9.75
33128,36390,station wagon,manual,170,a4,10000,petrol,audi,no,3.5
33129,4299,limousine,automatic,150,3er,150000,diesel,bmw,no,15.25
33130,7500,limousine,automatic,150,c_klasse,150000,diesel,mercedes_benz,no,14.0
33132,444,small car,manual,90,golf,150000,petrol,volkswagen,yes,27.58
33134,1500,suv,manual,82,others,150000,petrol,suzuki,no,28.92
33136,800,bus,manual,121,others,150000,petrol,peugeot,yes,22.5
33137,2150,station wagon,manual,101,zafira,150000,petrol,opel,no,16.5
33138,4999,coupe,automatic,143,c_klasse,125000,petrol,mercedes_benz,no,15.75
33139,650,limousine,manual,75,golf,150000,petrol,volkswagen,no,22.5
33140,550,small car,manual,60,polo,150000,lpg,volkswagen,no,19.58
33141,700,limousine,manual,116,80,150000,petrol,audi,yes,25.25
33142,649,limousine,automatic,125,a4,150000,petrol,audi,no,23.58
33143,6399,cabrio,automatic,71,fortwo,70000,petrol,smart,no,8.83
33145,1650,others,manual,170,vectra,150000,petrol,opel,no,19.42
33146,990,small car,manual,75,lupo,150000,petrol,volkswagen,no,18.25
33147,5700,bus,manual,106,scenic,100000,diesel,renault,yes,9.75
33149,4850,limousine,automatic,204,e_klasse,150000,diesel,mercedes_benz,no,14.75
33150,8500,suv,automatic,218,m_klasse,150000,petrol,mercedes_benz,no,17.17
33151,800,coupe,manual,102,3er,150000,petrol,bmw,no,21.83
33152,17500,cabrio,automatic,306,sl,125000,petrol,mercedes_benz,no,15.75
33153,1399,limousine,manual,90,focus,150000,diesel,ford,no,14.42
33154,3799,station wagon,manual,140,a6,150000,diesel,audi,no,21.83
33155,15400,suv,automatic,140,tiguan,150000,diesel,volkswagen,no,9.67
33156,5000,limousine,manual,105,leon,80000,petrol,seat,no,12.17
33157,7500,limousine,manual,131,a4,80000,petrol,audi,no,12.5
33158,6450,limousine,automatic,163,3er,150000,diesel,bmw,no,12.83
33159,2300,cabrio,manual,116,others,150000,petrol,audi,no,22.75
33161,8500,suv,manual,105,duster,90000,petrol,dacia,no,6.25
33163,1150,limousine,manual,75,lanos,150000,petrol,daewoo,no,18.75
33165,6999,station wagon,manual,109,focus,150000,diesel,ford,no,10.75
33166,11250,small car,manual,82,c1,5000,petrol,citroen,no,3.75
33168,2600,coupe,automatic,30,fortwo,125000,diesel,smart,no,13.92
33169,2850,bus,manual,101,transit,150000,diesel,ford,no,17.5
33171,1100,station wagon,manual,100,astra,150000,petrol,opel,no,20.92
33173,5500,limousine,manual,140,golf,150000,diesel,volkswagen,no,12.67
33174,3200,station wagon,manual,101,passat,150000,petrol,volkswagen,no,15.42
33176,1600,small car,manual,101,polo,150000,diesel,volkswagen,no,16.5
33178,2200,station wagon,manual,102,megane,150000,diesel,renault,no,16.0
33179,6900,small car,manual,69,polo,60000,petrol,volkswagen,no,8.25
33183,9300,station wagon,manual,105,golf,150000,diesel,volkswagen,no,6.25
33185,1900,small car,manual,60,ka,50000,petrol,ford,no,19.92
33187,4250,small car,manual,106,clio,150000,diesel,renault,no,12.58
33189,2990,station wagon,manual,193,a6,150000,petrol,audi,no,19.0
33191,3790,small car,automatic,61,fortwo,50000,petrol,smart,no,11.83
33192,2000,small car,manual,50,lupo,125000,petrol,volkswagen,no,14.25
33196,900,station wagon,manual,110,vectra,20000,petrol,opel,no,20.0
33199,2999,station wagon,automatic,140,v70,150000,petrol,volvo,no,18.5
33201,8000,limousine,automatic,150,qashqai,150000,diesel,nissan,no,9.75
33202,600,limousine,manual,75,a2,150000,petrol,audi,yes,17.42
33203,7790,small car,manual,82,fiesta,30000,petrol,ford,no,6.25
33205,14999,coupe,automatic,170,passat,150000,diesel,volkswagen,no,10.83
33206,200,small car,manual,58,twingo,125000,petrol,renault,yes,19.0
33207,3900,small car,manual,90,one,150000,petrol,mini,no,14.08
33209,2999,small car,manual,73,c2,125000,petrol,citroen,yes,11.58
33210,3599,limousine,manual,129,c_klasse,125000,petrol,mercedes_benz,no,19.0
33211,1250,station wagon,manual,90,others,150000,diesel,peugeot,no,16.92
33213,1900,limousine,manual,147,accord,150000,petrol,honda,no,19.75
33214,1950,bus,automatic,144,carnival,150000,diesel,kia,no,14.25
33215,700,small car,manual,60,fiesta,150000,petrol,ford,no,18.0
33216,1350,limousine,manual,140,primera,150000,petrol,nissan,no,17.25
33217,7950,station wagon,manual,170,passat,150000,diesel,volkswagen,yes,7.58
33219,9000,cabrio,automatic,140,eos,150000,diesel,volkswagen,no,10.33
33220,999,limousine,manual,107,others,150000,petrol,toyota,no,21.33
33221,39900,limousine,automatic,190,x_reihe,20000,diesel,bmw,no,4.75
33222,12500,limousine,manual,143,3er,150000,diesel,bmw,no,7.08
33223,1450,station wagon,manual,90,passat,5000,diesel,volkswagen,no,20.75
33225,4100,station wagon,manual,150,vectra,150000,diesel,opel,no,11.5
33226,550,small car,manual,60,ka,150000,petrol,ford,yes,17.42
33227,3500,station wagon,manual,102,octavia,150000,petrol,skoda,no,13.5
33231,5500,limousine,manual,143,c_klasse,150000,diesel,mercedes_benz,no,17.58
33235,9900,cabrio,manual,136,focus,150000,diesel,ford,no,11.33
33236,900,station wagon,manual,101,vectra,150000,petrol,opel,no,20.33
33237,2400,limousine,automatic,131,a4,150000,petrol,audi,no,18.0
33238,31500,bus,automatic,163,viano,50000,diesel,mercedes_benz,no,5.58
33239,3699,coupe,manual,143,3er,150000,petrol,bmw,no,17.83
33240,1450,limousine,manual,60,fabia,150000,petrol,skoda,no,16.58
33242,1200,station wagon,automatic,115,vectra,150000,petrol,opel,no,19.0
33245,2750,small car,automatic,54,fortwo,150000,petrol,smart,no,19.0
33247,12690,cabrio,manual,163,a4,125000,petrol,audi,no,10.58
33249,3050,limousine,manual,113,megane,150000,petrol,renault,no,14.5
33251,4250,small car,automatic,45,fortwo,125000,diesel,smart,no,11.0
33252,1300,suv,manual,82,others,90000,petrol,suzuki,yes,28.83
33254,9000,limousine,manual,105,3_reihe,40000,petrol,mazda,no,12.92
33255,1900,limousine,manual,75,cordoba,150000,petrol,seat,yes,14.67
33257,4400,limousine,manual,170,a3,150000,diesel,audi,no,14.83
33258,1899,small car,manual,75,polo,150000,diesel,volkswagen,no,15.17
33259,10988,station wagon,automatic,160,insignia,150000,diesel,opel,no,7.92
33260,1290,cabrio,manual,75,golf,150000,petrol,volkswagen,yes,34.42
33261,2550,cabrio,manual,116,golf,150000,petrol,volkswagen,no,18.58
33262,3400,bus,manual,150,zafira,150000,diesel,opel,no,12.42
33263,12499,cabrio,manual,122,eos,125000,petrol,volkswagen,no,7.33
33264,1500,bus,manual,86,yaris,150000,petrol,toyota,no,18.5
33265,999,station wagon,manual,192,5er,150000,petrol,bmw,yes,25.17
33266,5999,coupe,automatic,193,clk,80000,petrol,mercedes_benz,no,19.17
33268,19999,suv,automatic,224,m_klasse,150000,diesel,mercedes_benz,no,13.0
33269,900,small car,manual,45,corsa,150000,petrol,opel,no,24.42
33270,3799,small car,manual,69,polo,150000,diesel,volkswagen,no,12.17
33271,3499,coupe,manual,170,others,150000,petrol,porsche,no,40.0
33272,7990,limousine,manual,170,5er,150000,lpg,bmw,no,15.67
33273,19999,coupe,automatic,111,cooper,40000,diesel,mini,no,5.25
33274,100,small car,manual,75,fiesta,125000,petrol,ford,yes,20.5
33275,300,bus,automatic,145,carnival,150000,diesel,kia,yes,16.42
33276,10299,limousine,manual,140,civic,70000,petrol,honda,no,8.83
33278,1500,station wagon,manual,101,golf,150000,diesel,volkswagen,yes,16.33
33279,15900,station wagon,automatic,231,e_klasse,150000,diesel,mercedes_benz,no,9.83
33280,3990,limousine,manual,105,golf,150000,diesel,volkswagen,no,13.33
33281,5400,station wagon,manual,177,3er,125000,diesel,bmw,no,10.92
33282,21399,coupe,automatic,211,tt,90000,petrol,audi,no,7.75
33285,4150,station wagon,manual,155,mondeo,150000,diesel,ford,no,12.75
33287,12300,limousine,manual,105,a3,70000,diesel,audi,no,7.5
33288,650,small car,manual,60,fiesta,80000,petrol,ford,no,20.17
33289,550,small car,manual,75,fiesta,150000,petrol,ford,no,20.0
33291,2950,limousine,manual,82,clio,150000,diesel,renault,no,14.08
33294,850,limousine,manual,82,a_klasse,150000,petrol,mercedes_benz,no,18.42
33296,3450,station wagon,manual,174,passat,150000,petrol,volkswagen,no,24.42
33297,4690,limousine,automatic,150,3er,5000,petrol,bmw,no,20.67
33298,600,coupe,automatic,136,clk,150000,petrol,mercedes_benz,yes,20.5
33299,2000,limousine,manual,150,3er,150000,petrol,bmw,no,19.92
33300,26400,bus,manual,136,others,5000,petrol,bmw,no,4.0
33301,5150,limousine,manual,54,passat,30000,petrol,volkswagen,no,41.33
33302,1400,cabrio,manual,75,polo,125000,petrol,volkswagen,yes,18.08
33306,699,small car,manual,48,fiesta,150000,petrol,ford,no,22.25
33307,2650,cabrio,manual,107,megane,125000,petrol,renault,no,19.33
33309,3500,station wagon,manual,150,3er,150000,diesel,bmw,no,14.92
33310,1500,small car,manual,60,punto,150000,petrol,fiat,no,17.25
33311,6666,cabrio,automatic,231,3er,150000,petrol,bmw,no,16.92
33314,18500,limousine,manual,122,a_klasse,30000,petrol,mercedes_benz,no,5.5
33315,2200,limousine,manual,101,a4,100000,petrol,audi,no,23.83
33319,4900,small car,manual,60,fiesta,125000,petrol,ford,no,9.75
33321,950,cabrio,manual,90,golf,150000,petrol,volkswagen,yes,24.75
33322,7900,station wagon,automatic,224,a6,150000,diesel,audi,no,12.42
33324,1999,small car,manual,80,agila,125000,petrol,opel,no,13.67
33325,3950,cabrio,manual,197,slk,150000,petrol,mercedes_benz,no,18.75
33326,650,limousine,manual,101,vectra,150000,petrol,opel,no,16.08
33327,4000,station wagon,manual,140,a3,150000,diesel,audi,no,14.92
33328,100,others,manual,54,polo,150000,petrol,volkswagen,yes,24.33
33329,13900,limousine,manual,105,golf,70000,diesel,volkswagen,no,6.58
33332,3500,station wagon,manual,193,5er,150000,diesel,bmw,no,15.92
33334,255,station wagon,manual,110,megane,30000,diesel,renault,no,5.0
33335,690,small car,manual,60,fiesta,150000,petrol,ford,no,18.17
33336,4449,cabrio,automatic,61,fortwo,60000,petrol,smart,no,12.5
33337,300,limousine,manual,65,punto,125000,petrol,fiat,yes,9.25
33338,40000,suv,automatic,385,touareg,100000,diesel,volkswagen,no,5.08
33339,17200,station wagon,automatic,156,c_klasse,90000,petrol,mercedes_benz,no,9.42
33340,8800,limousine,automatic,170,a6,150000,petrol,audi,no,14.58
33341,499,station wagon,automatic,150,a6,150000,lpg,audi,yes,23.75
33343,600,small car,manual,55,golf,150000,petrol,volkswagen,yes,25.08
33345,11499,limousine,manual,140,golf,100000,diesel,volkswagen,no,8.92
33347,10500,suv,automatic,225,m_klasse,150000,diesel,mercedes_benz,no,13.83
33348,1100,station wagon,manual,82,astra,5000,diesel,opel,no,19.92
33349,799,small car,manual,75,rio,100000,petrol,kia,no,16.75
33350,890,cabrio,manual,90,megane,150000,petrol,renault,no,21.42
33353,2000,small car,manual,54,polo,150000,petrol,volkswagen,no,14.42
33354,6000,cabrio,manual,150,tt,150000,petrol,audi,no,14.42
33355,14850,limousine,manual,86,golf,40000,petrol,volkswagen,no,4.67
33356,7200,bus,manual,145,vivaro,150000,diesel,opel,no,8.58
33357,1800,bus,manual,95,others,150000,petrol,fiat,yes,14.17
33358,9999,limousine,manual,86,golf,40000,petrol,volkswagen,no,7.5
33359,1850,small car,manual,65,clio,100000,petrol,renault,no,16.25
33363,26499,limousine,automatic,280,leon,30000,petrol,seat,no,4.67
33366,3500,limousine,manual,105,3er,150000,petrol,bmw,no,19.0
33367,16975,station wagon,manual,256,a6,100000,petrol,audi,no,11.58
33368,25999,limousine,manual,150,passat,30000,diesel,volkswagen,no,3.08
33369,500,station wagon,automatic,101,passat,150000,petrol,volkswagen,no,20.25
33370,1450,small car,manual,60,micra,100000,petrol,nissan,no,16.58
33372,700,limousine,manual,125,passat,150000,petrol,volkswagen,yes,21.33
33373,5800,station wagon,automatic,204,e_klasse,150000,diesel,mercedes_benz,no,15.92
33374,19500,cabrio,automatic,394,sl,80000,petrol,mercedes_benz,no,20.58
33377,11990,bus,manual,140,touran,150000,petrol,volkswagen,no,8.08
33378,2500,limousine,manual,113,megane,150000,petrol,renault,no,15.5
33379,3700,small car,manual,75,one,150000,diesel,mini,no,13.5
33381,6500,station wagon,manual,102,golf,150000,petrol,volkswagen,no,11.58
33383,5800,limousine,manual,116,golf,150000,petrol,volkswagen,no,11.58
33384,2000,bus,manual,105,transporter,150000,diesel,volkswagen,yes,22.0
33385,350,small car,manual,44,corsa,150000,petrol,opel,no,25.58
33387,1400,small car,manual,60,golf,150000,lpg,volkswagen,no,22.0
33388,9300,station wagon,manual,105,golf,90000,diesel,volkswagen,no,9.0
33389,4200,limousine,automatic,276,s_type,90000,lpg,jaguar,no,17.25
33390,13555,station wagon,automatic,163,5er,150000,diesel,bmw,no,14.08
33391,1050,small car,manual,69,yaris,150000,petrol,toyota,no,17.92
33392,5200,coupe,manual,116,3er,125000,petrol,bmw,no,14.17
33394,1000,station wagon,manual,65,others,150000,diesel,seat,no,21.83
33397,2800,small car,manual,75,forfour,150000,petrol,smart,no,14.92
33398,3299,coupe,automatic,167,others,125000,petrol,hyundai,no,12.5
33400,33900,station wagon,automatic,184,3er,60000,diesel,bmw,no,6.0
33402,8250,limousine,manual,102,golf,90000,petrol,volkswagen,no,9.25
33403,19950,limousine,automatic,170,a3,40000,petrol,audi,no,3.58
33404,3850,limousine,manual,131,passat,150000,diesel,volkswagen,no,15.42
33405,1400,bus,manual,143,v_klasse,150000,petrol,mercedes_benz,yes,21.5
33406,3150,limousine,automatic,220,e_klasse,150000,petrol,mercedes_benz,no,22.17
33408,10999,bus,automatic,145,others,150000,diesel,renault,no,7.67
33409,5499,station wagon,manual,250,a6,150000,lpg,audi,no,18.0
33410,1200,cabrio,manual,109,2_reihe,90000,petrol,peugeot,yes,13.67
33411,1400,small car,manual,98,clio,150000,petrol,renault,no,15.33
33413,850,small car,manual,50,arosa,150000,petrol,seat,no,20.83
33416,5800,bus,manual,85,transporter,150000,diesel,volkswagen,no,15.25
33417,29900,station wagon,manual,170,a4,10000,petrol,audi,no,3.58
33418,580,limousine,manual,90,primera,150000,petrol,nissan,no,22.83
33419,1600,cabrio,manual,110,golf,150000,diesel,volkswagen,no,21.25
33420,3700,bus,manual,114,others,150000,diesel,renault,yes,8.42
33422,3250,small car,manual,116,one,150000,petrol,mini,no,15.92
33423,2698,coupe,manual,150,80,150000,lpg,audi,no,24.92
33424,950,station wagon,manual,116,focus,150000,petrol,ford,no,19.58
33426,11000,limousine,manual,110,qashqai,150000,diesel,nissan,no,6.33
33427,3790,bus,automatic,140,touran,150000,diesel,volkswagen,no,12.42
33428,1700,cabrio,manual,192,3er,150000,petrol,bmw,no,24.0
33429,1800,limousine,manual,136,e_klasse,150000,lpg,mercedes_benz,no,23.25
33431,1000,coupe,manual,55,polo,150000,petrol,volkswagen,no,26.0
33432,30000,coupe,automatic,170,a5,40000,petrol,audi,no,5.58
33433,575,small car,manual,75,clio,150000,petrol,renault,no,19.25
33436,2250,limousine,automatic,177,others,125000,diesel,renault,no,17.0
33440,1499,limousine,manual,101,3_reihe,150000,petrol,mazda,no,19.0
33441,31000,limousine,automatic,265,e_klasse,80000,diesel,mercedes_benz,no,7.25
33443,2800,station wagon,automatic,290,others,150000,petrol,audi,no,23.83
33445,6150,bus,manual,140,sharan,150000,diesel,volkswagen,no,11.75
33446,8300,coupe,manual,116,astra,60000,petrol,opel,no,9.92
33448,4180,station wagon,manual,90,astra,150000,petrol,opel,no,9.5
33449,6500,bus,manual,109,sprinter,150000,diesel,mercedes_benz,no,17.75
33450,6350,small car,manual,69,punto,60000,petrol,fiat,no,8.0
33451,4700,limousine,manual,170,5er,150000,petrol,bmw,yes,16.92
33453,13900,cabrio,automatic,306,sl,125000,petrol,mercedes_benz,no,15.25
33454,899,limousine,manual,118,e_klasse,150000,petrol,mercedes_benz,no,28.42
33455,2900,limousine,manual,150,3er,150000,petrol,bmw,no,19.25
33456,21959,limousine,automatic,170,e_klasse,125000,diesel,mercedes_benz,no,7.92
33457,23499,coupe,manual,179,a3,40000,petrol,audi,no,5.58
33458,5000,station wagon,manual,170,passat,150000,diesel,volkswagen,no,12.25
33460,1350,bus,manual,58,kangoo,150000,petrol,renault,no,17.17
33461,3500,limousine,automatic,170,c_klasse,125000,petrol,mercedes_benz,no,19.42
33462,1899,small car,manual,70,golf,150000,petrol,volkswagen,no,27.58
33464,55900,limousine,automatic,258,a8,20000,diesel,audi,no,5.83
33465,4550,small car,manual,86,ibiza,150000,petrol,seat,no,10.17
33467,1850,bus,automatic,177,espace,150000,diesel,renault,no,14.5
33469,999,station wagon,manual,150,passat,150000,petrol,volkswagen,no,22.0
33470,1050,limousine,manual,82,a_klasse,150000,petrol,mercedes_benz,no,20.58
33471,1100,small car,manual,82,a_klasse,150000,petrol,mercedes_benz,no,20.0
33474,19998,limousine,automatic,235,5er,150000,diesel,bmw,no,9.08
33475,13500,bus,automatic,140,touran,150000,diesel,volkswagen,no,9.33
33476,7777,bus,manual,105,caddy,90000,diesel,volkswagen,no,15.0
33478,2400,limousine,manual,140,passat,150000,petrol,volkswagen,yes,17.92
33479,2500,station wagon,manual,131,a4,150000,diesel,audi,no,15.42
33480,3800,limousine,manual,105,golf,90000,petrol,volkswagen,no,15.25
33481,2500,limousine,manual,75,others,150000,petrol,volkswagen,no,25.42
33482,580,limousine,manual,75,astra,150000,petrol,opel,no,21.67
33483,24700,cabrio,automatic,211,a5,90000,petrol,audi,no,7.33
33485,2299,bus,manual,125,zafira,150000,diesel,opel,no,14.25
33487,8990,coupe,automatic,150,c_klasse,125000,diesel,mercedes_benz,no,13.25
33488,4999,small car,manual,80,corsa,125000,petrol,opel,no,9.58
33490,14499,limousine,manual,170,golf,125000,diesel,volkswagen,no,9.0
33491,36800,cabrio,automatic,170,e_klasse,60000,diesel,mercedes_benz,no,6.0
33492,1150,small car,manual,50,lupo,150000,petrol,volkswagen,no,19.83
33493,26900,limousine,automatic,286,x_reihe,150000,diesel,bmw,no,10.5
33494,1200,limousine,manual,75,golf,150000,petrol,volkswagen,no,18.25
33495,8750,cabrio,manual,145,focus,90000,petrol,ford,no,11.0
33497,1800,limousine,automatic,165,a6,150000,petrol,audi,no,20.75
33498,8650,bus,manual,150,others,150000,cng,opel,no,5.5
33500,39000,cabrio,automatic,398,others,30000,petrol,chevrolet,no,12.5
33501,6000,small car,automatic,75,twingo,30000,petrol,renault,no,6.17
33502,13900,limousine,manual,105,golf,50000,petrol,volkswagen,no,4.33
33503,2400,bus,manual,122,sprinter,150000,diesel,mercedes_benz,no,19.0
33504,21900,coupe,manual,163,others,60000,diesel,peugeot,no,5.75
33505,3400,small car,manual,58,twingo,90000,petrol,renault,no,10.0
33506,1750,limousine,manual,95,a_klasse,125000,diesel,mercedes_benz,no,16.75
33507,5700,limousine,manual,143,1er,150000,diesel,bmw,no,11.58
33509,2500,small car,manual,64,polo,150000,petrol,volkswagen,no,16.25
33510,13990,suv,manual,129,grand,40000,diesel,suzuki,no,10.83
33511,25900,suv,automatic,170,glk,80000,diesel,mercedes_benz,no,9.58
33514,2999,bus,manual,90,berlingo,100000,diesel,citroen,no,11.25
33516,13900,limousine,automatic,272,5er,150000,diesel,bmw,yes,12.08
33521,17980,bus,manual,140,sharan,150000,diesel,volkswagen,no,6.17
33522,3450,limousine,manual,184,3er,150000,diesel,bmw,no,15.58
33523,2500,small car,manual,110,3_reihe,90000,petrol,peugeot,no,16.33
33524,18450,bus,automatic,105,golf,60000,diesel,volkswagen,no,5.92
33525,9450,limousine,automatic,218,5er,150000,diesel,bmw,no,15.67
33526,24900,cabrio,manual,63,others,50000,petrol,rover,no,25.58
33528,1250,cabrio,manual,115,golf,80000,petrol,volkswagen,no,21.25
33529,999,small car,manual,54,corsa,150000,petrol,opel,no,18.75
33530,6990,limousine,automatic,306,e_klasse,150000,petrol,mercedes_benz,no,15.75
33531,4800,limousine,manual,139,golf,150000,petrol,volkswagen,no,32.42
33533,8900,station wagon,manual,105,passat,150000,diesel,volkswagen,no,7.42
33535,2750,small car,manual,69,ibiza,150000,diesel,seat,no,12.92
33537,500,limousine,manual,101,toledo,150000,petrol,seat,no,21.58
33538,6500,suv,manual,174,navara,150000,diesel,nissan,no,14.0
33539,9200,bus,automatic,136,b_klasse,125000,petrol,mercedes_benz,no,10.33
33540,4500,bus,manual,136,touran,150000,diesel,volkswagen,no,14.5
33541,5850,suv,manual,111,freelander,150000,diesel,land_rover,no,14.33
33543,599,small car,manual,65,yaris,150000,petrol,toyota,no,14.42
33546,5700,small car,manual,82,fiesta,125000,petrol,ford,no,8.33
33547,1100,limousine,manual,90,golf,90000,diesel,volkswagen,no,21.42
33552,5500,limousine,manual,170,c_klasse,150000,diesel,mercedes_benz,no,14.25
33554,4100,limousine,manual,105,golf,150000,diesel,volkswagen,no,14.67
33555,6900,bus,manual,140,touran,150000,diesel,volkswagen,no,11.25
33558,7450,limousine,manual,140,golf,150000,diesel,volkswagen,no,11.92
33559,5700,small car,manual,75,swift,90000,diesel,suzuki,yes,10.33
33560,4899,bus,manual,143,5_reihe,150000,diesel,mazda,no,11.67
33561,2900,limousine,manual,105,golf,150000,petrol,volkswagen,no,16.92
33562,4999,bus,manual,150,sharan,150000,petrol,volkswagen,no,15.42
33564,1200,limousine,manual,75,golf,150000,petrol,volkswagen,no,18.5
33566,5999,station wagon,manual,177,signum,100000,diesel,opel,no,13.5
33567,1000,limousine,manual,115,3er,150000,petrol,bmw,no,21.25
33568,1250,station wagon,manual,101,passat,150000,petrol,volkswagen,no,22.0
33570,1100,bus,manual,129,zafira,150000,petrol,opel,no,16.58
33571,7390,bus,manual,90,meriva,40000,petrol,opel,no,10.17
33574,11000,station wagon,manual,136,v70,150000,diesel,volvo,no,10.5
33575,16900,station wagon,automatic,239,a6,150000,diesel,audi,no,8.75
33576,5990,station wagon,manual,177,3er,150000,diesel,bmw,no,9.83
33577,3250,station wagon,manual,109,focus,150000,diesel,ford,no,13.08
33579,4999,station wagon,automatic,340,others,150000,petrol,audi,no,17.08
33582,750,limousine,manual,102,3er,150000,petrol,bmw,yes,24.5
33583,2000,small car,manual,88,2_reihe,150000,petrol,peugeot,no,15.92
33586,5850,station wagon,manual,101,astra,150000,diesel,opel,no,12.0
33588,650,others,manual,60,polo,150000,petrol,volkswagen,no,20.75
33590,1500,suv,automatic,197,others,150000,petrol,ford,no,17.75
33591,8900,others,manual,143,1er,150000,diesel,bmw,no,10.58
33592,590,small car,manual,60,polo,150000,petrol,volkswagen,no,21.92
33593,3199,bus,manual,158,others,150000,diesel,volkswagen,no,12.5
33594,10000,bus,automatic,140,touran,150000,diesel,volkswagen,no,9.25
33595,750,others,manual,50,others,150000,diesel,volkswagen,yes,32.42
33596,1450,small car,manual,58,clio,150000,petrol,renault,no,19.33
33597,1000,small car,manual,54,corsa,150000,petrol,opel,no,19.42
33598,980,small car,manual,77,punto,150000,petrol,fiat,no,14.83
33600,1800,station wagon,manual,136,156,150000,diesel,alfa_romeo,no,18.0
33601,8790,station wagon,manual,109,focus,100000,diesel,ford,no,8.5
33603,1900,bus,manual,64,others,150000,petrol,seat,no,15.5
33605,1800,limousine,manual,105,bora,100000,petrol,volkswagen,no,19.25
33606,4490,small car,manual,60,corsa,70000,petrol,opel,no,9.17
33608,3100,small car,manual,65,punto,125000,petrol,fiat,no,9.5
33609,13299,suv,manual,170,tiguan,150000,diesel,volkswagen,no,9.92
33610,8990,station wagon,manual,140,passat,150000,diesel,volkswagen,no,7.92
33611,2200,station wagon,manual,175,156,150000,diesel,alfa_romeo,no,16.0
33612,1860,limousine,manual,105,others,150000,petrol,volvo,no,19.75
33613,5499,small car,manual,69,fiesta,70000,petrol,ford,no,10.5
33614,4490,small car,manual,60,panda,40000,petrol,fiat,no,8.42
33615,999,station wagon,manual,107,megane,150000,petrol,renault,no,17.17
33616,3700,small car,manual,88,2_reihe,125000,petrol,peugeot,no,12.92
33617,6900,small car,automatic,84,fortwo,30000,petrol,smart,no,6.5
33618,3500,small car,manual,54,polo,150000,petrol,volkswagen,no,13.58
33620,2500,station wagon,manual,136,6_reihe,150000,diesel,mazda,no,14.42
33621,3800,bus,manual,116,galaxy,150000,diesel,ford,no,18.92
33623,650,limousine,manual,60,golf,150000,petrol,volkswagen,no,21.75
33625,12600,limousine,manual,117,qashqai,60000,petrol,nissan,no,7.33
33626,510,limousine,manual,75,others,150000,petrol,volkswagen,yes,24.0
33627,1500,small car,manual,75,twingo,150000,petrol,renault,no,17.25
33628,4444,cabrio,manual,147,astra,125000,petrol,opel,no,16.33
33629,990,station wagon,manual,143,3er,150000,diesel,bmw,no,21.67
33630,1199,limousine,manual,144,others,150000,petrol,mazda,no,21.17
33631,4150,limousine,manual,143,others,70000,petrol,kia,no,12.17
33633,1100,station wagon,manual,125,passat,150000,petrol,volkswagen,no,21.83
33635,1200,small car,manual,101,golf,150000,petrol,volkswagen,no,19.17
33637,8450,bus,manual,116,transit,80000,diesel,ford,no,8.92
33643,17299,cabrio,automatic,183,slk,40000,petrol,mercedes_benz,no,10.33
33645,3299,cabrio,manual,90,golf,125000,petrol,volkswagen,no,23.83
33648,7990,cabrio,manual,116,cooper,125000,petrol,mini,no,13.92
33649,4299,limousine,manual,143,c_klasse,80000,petrol,mercedes_benz,no,16.75
33650,9800,limousine,manual,163,a4,90000,petrol,audi,no,12.83
33652,1000,small car,manual,60,twingo,150000,petrol,renault,yes,15.33
33653,3750,small car,manual,69,fiesta,125000,petrol,ford,no,10.5
33655,11900,small car,manual,98,one,150000,petrol,mini,no,8.92
33656,2750,limousine,manual,150,3er,150000,diesel,bmw,no,16.5
33658,4800,station wagon,manual,163,a4,150000,diesel,audi,no,14.83
33659,2500,station wagon,manual,110,golf,150000,diesel,volkswagen,no,18.25
33660,800,station wagon,manual,125,a4,150000,petrol,audi,no,22.75
33661,14200,limousine,automatic,211,leon,70000,petrol,seat,no,8.08
33663,20500,cabrio,automatic,218,3er,125000,petrol,bmw,no,9.67
33664,1850,coupe,manual,140,3er,150000,petrol,bmw,no,25.92
33665,8999,small car,manual,69,polo,30000,petrol,volkswagen,no,6.5
33666,965,small car,manual,75,2_reihe,150000,petrol,peugeot,no,16.42
33667,2990,limousine,manual,101,a3,150000,diesel,audi,no,17.92
33668,3690,cabrio,manual,125,others,150000,petrol,audi,no,18.42
33669,2500,limousine,automatic,101,golf,150000,petrol,volkswagen,no,19.33
33671,19990,suv,manual,140,tiguan,40000,diesel,volkswagen,no,7.5
33672,12000,station wagon,automatic,272,5er,150000,diesel,bmw,no,12.17
33673,5700,limousine,manual,102,golf,150000,petrol,volkswagen,no,12.67
33675,7900,small car,manual,90,jazz,30000,petrol,honda,yes,8.17
33676,6450,suv,manual,118,wrangler,150000,petrol,jeep,no,19.83
33677,1450,bus,manual,75,berlingo,125000,petrol,citroen,yes,13.75
33679,3750,bus,manual,128,others,150000,diesel,peugeot,no,13.42
33680,58900,cabrio,automatic,385,911,80000,petrol,porsche,no,10.17
33684,1299,limousine,manual,125,toledo,150000,petrol,seat,no,18.0
33685,450,small car,manual,60,corsa,150000,petrol,opel,no,21.08
33686,2600,limousine,manual,75,golf,150000,petrol,volkswagen,no,15.17
33689,899,limousine,manual,84,astra,150000,petrol,opel,yes,15.58
33691,39000,limousine,automatic,300,golf,20000,petrol,volkswagen,no,4.33
33692,6899,bus,manual,129,verso,100000,petrol,toyota,no,11.5
33695,1650,station wagon,manual,101,others,150000,diesel,mazda,no,16.25
33697,3400,station wagon,manual,150,signum,150000,diesel,opel,no,13.58
33699,8950,limousine,manual,143,1er,100000,diesel,bmw,no,10.42
33701,10250,small car,automatic,67,others,20000,electro,mitsubishi,no,7.25
33702,15200,limousine,manual,102,1er,70000,petrol,bmw,no,6.67
33704,1250,limousine,manual,116,1er,150000,petrol,bmw,no,22.33
33705,18400,cabrio,automatic,170,others,40000,petrol,lancia,no,5.25
33706,1350,small car,manual,90,corsa,150000,petrol,opel,no,18.83
33707,1500,small car,manual,60,fiesta,30000,petrol,ford,no,27.58
33708,5900,bus,manual,177,verso,150000,diesel,toyota,no,13.0
33711,450,small car,manual,50,polo,150000,petrol,volkswagen,yes,18.33
33712,5400,station wagon,manual,116,astra,150000,petrol,opel,no,10.17
33714,6999,limousine,manual,224,others,150000,petrol,audi,no,16.17
33715,2200,limousine,manual,120,laguna,150000,petrol,renault,no,15.17
33716,800,small car,manual,75,golf,125000,petrol,volkswagen,yes,20.5
33720,1250,limousine,manual,150,golf,150000,petrol,volkswagen,no,19.83
33721,7990,bus,manual,140,sharan,150000,diesel,volkswagen,no,11.83
33724,900,station wagon,manual,144,omega,150000,petrol,opel,no,18.5
33725,2000,limousine,manual,101,megane,150000,diesel,renault,yes,14.25
33726,2650,small car,manual,90,astra,90000,petrol,opel,no,11.25
33727,11490,limousine,manual,160,golf,100000,petrol,volkswagen,no,8.17
33730,4599,limousine,automatic,90,golf,125000,diesel,volkswagen,no,17.08
33732,6595,cabrio,manual,129,golf,60000,petrol,volkswagen,no,25.25
33733,10900,suv,manual,140,tiguan,150000,diesel,volkswagen,no,9.75
33736,28900,limousine,manual,150,a3,20000,diesel,audi,no,3.25
33738,18899,bus,automatic,105,altea,40000,diesel,seat,no,4.92
33739,31250,station wagon,manual,150,a4,20000,diesel,audi,no,3.42
33741,16000,station wagon,automatic,143,a4,100000,diesel,audi,no,7.33
33743,3000,small car,manual,101,polo,150000,petrol,volkswagen,no,13.83
33745,3600,cabrio,manual,110,mx_reihe,125000,petrol,mazda,no,16.17
33746,900,small car,manual,54,polo,150000,petrol,volkswagen,no,23.33
33747,1550,station wagon,manual,122,c_klasse,150000,petrol,mercedes_benz,no,20.92
33748,2299,station wagon,manual,114,primera,150000,petrol,nissan,no,17.25
33750,1290,limousine,manual,54,golf,150000,petrol,volkswagen,no,26.5
33754,5899,bus,manual,140,touran,150000,diesel,volkswagen,no,13.33
33755,18950,limousine,manual,184,leon,40000,diesel,seat,no,6.0
33756,8900,cabrio,manual,120,2_reihe,50000,petrol,peugeot,no,9.17
33758,4500,limousine,manual,95,colt,90000,petrol,mitsubishi,no,9.25
33759,4199,limousine,manual,75,others,125000,petrol,peugeot,no,10.17
33761,850,limousine,automatic,193,e_klasse,150000,petrol,mercedes_benz,no,22.42
33762,2500,bus,manual,113,scenic,125000,petrol,renault,no,15.67
33764,1700,station wagon,manual,80,megane,150000,diesel,renault,no,15.5
33765,2699,limousine,manual,184,3er,150000,diesel,bmw,no,15.08
33766,4500,limousine,manual,122,e_klasse,150000,diesel,mercedes_benz,no,13.5
33769,11900,cabrio,manual,170,z_reihe,90000,petrol,bmw,no,16.33
33770,2699,station wagon,automatic,193,a4,150000,petrol,audi,no,21.75
33771,1100,bus,manual,80,transit,100000,diesel,ford,yes,14.83
33772,1490,small car,manual,58,corsa,100000,petrol,opel,no,15.67
33774,15500,coupe,manual,330,a3,125000,petrol,audi,no,12.92
33775,13000,station wagon,manual,147,avensis,20000,petrol,toyota,no,6.08
33776,19999,limousine,automatic,239,q7,150000,diesel,audi,no,10.25
33777,15950,cabrio,manual,122,cooper,30000,petrol,mini,no,7.5
33779,35000,station wagon,manual,184,3er,70000,diesel,bmw,no,4.67
33780,299,limousine,manual,75,golf,150000,petrol,volkswagen,no,21.08
33781,4999,small car,manual,101,clio,125000,petrol,renault,no,9.75
33782,4100,station wagon,manual,143,3er,150000,petrol,bmw,no,14.83
33784,1799,limousine,automatic,116,vectra,150000,petrol,opel,no,19.33
33787,2651,limousine,manual,140,golf,125000,diesel,volkswagen,no,14.0
33788,3500,bus,automatic,177,others,150000,diesel,renault,no,15.08
33789,3000,coupe,manual,136,others,150000,petrol,volkswagen,no,24.33
33790,9999,limousine,manual,241,leon,150000,petrol,seat,no,10.83
33793,1500,small car,manual,65,corsa,80000,petrol,opel,no,20.92
33794,899,small car,manual,54,micra,150000,petrol,nissan,no,21.08
33795,7890,limousine,manual,143,1er,150000,diesel,bmw,no,11.0
33797,1050,limousine,manual,101,toledo,150000,petrol,seat,no,19.67
33798,1999,small car,manual,68,yaris,150000,petrol,toyota,no,17.33
33799,1700,suv,manual,97,justy,150000,petrol,subaru,yes,12.25
33800,8500,limousine,automatic,170,golf,125000,diesel,volkswagen,no,11.67
33801,3880,suv,manual,60,others,60000,petrol,suzuki,no,29.17
33802,2650,limousine,manual,90,civic,150000,petrol,honda,no,13.08
33803,18000,coupe,automatic,300,911,150000,petrol,porsche,no,18.92
33805,3999,small car,manual,101,ibiza,150000,diesel,seat,no,12.75
33806,2200,small car,manual,60,c2,150000,petrol,citroen,no,12.5
33807,1800,small car,manual,70,fiesta,150000,petrol,ford,no,15.25
33808,1550,station wagon,manual,118,v40,150000,petrol,volvo,yes,20.33
33809,1050,station wagon,manual,114,3er,150000,petrol,bmw,yes,19.58
33811,2390,small car,manual,54,others,125000,petrol,volkswagen,no,11.67
33813,9500,station wagon,manual,197,3er,150000,diesel,bmw,no,11.5
33814,700,small car,manual,90,ibiza,150000,diesel,seat,yes,17.33
33815,3450,small car,manual,54,polo,90000,petrol,volkswagen,no,15.08
33816,2690,limousine,manual,75,golf,125000,petrol,volkswagen,no,18.08
33819,850,small car,manual,50,fiesta,150000,petrol,ford,no,19.92
33821,2090,limousine,manual,110,a3,150000,diesel,audi,no,19.5
33822,10650,station wagon,automatic,140,a4,150000,diesel,audi,no,10.33
33825,800,station wagon,manual,110,4_reihe,150000,petrol,peugeot,no,19.25
33826,900,small car,manual,65,punto,125000,petrol,fiat,yes,12.0
33828,3299,limousine,manual,105,golf,125000,petrol,volkswagen,no,16.5
33829,12499,suv,manual,109,duster,40000,diesel,dacia,no,6.67
33830,3200,cabrio,manual,110,mx_reihe,150000,petrol,mazda,no,17.58
33831,2299,bus,manual,135,scenic,150000,petrol,renault,no,15.92
33832,6900,bus,manual,75,caddy,150000,diesel,volkswagen,no,12.92
33838,5000,station wagon,manual,105,passat,150000,diesel,volkswagen,no,12.75
33839,999,small car,manual,75,twingo,150000,petrol,renault,no,16.92
33840,8999,station wagon,automatic,192,5er,150000,petrol,bmw,no,14.83
33841,370,small car,manual,70,corolla,100000,petrol,toyota,no,21.33
33844,1600,station wagon,manual,75,astra,125000,petrol,opel,no,19.25
33845,200,station wagon,manual,170,others,150000,petrol,suzuki,yes,20.58
33846,14750,suv,automatic,261,x_reihe,150000,diesel,bmw,no,12.33
33848,1499,coupe,manual,90,tigra,150000,petrol,opel,no,22.92
33850,4999,station wagon,automatic,150,passat,150000,diesel,volkswagen,no,17.0
33851,6000,limousine,manual,95,a_klasse,70000,petrol,mercedes_benz,no,9.75
33853,13800,limousine,automatic,122,golf,30000,petrol,volkswagen,no,6.67
33856,1800,bus,manual,101,zafira,150000,diesel,opel,no,16.58
33858,8250,station wagon,automatic,224,e_klasse,150000,diesel,mercedes_benz,no,13.58
33859,7800,limousine,manual,102,golf,90000,petrol,volkswagen,no,10.58
33860,1050,limousine,manual,170,5er,150000,petrol,bmw,no,22.25
33861,1990,small car,automatic,50,fortwo,150000,petrol,smart,no,13.33
33862,990,station wagon,manual,101,focus,150000,petrol,ford,no,19.75
33863,9500,station wagon,manual,140,caddy,150000,diesel,volkswagen,no,10.25
33864,10900,station wagon,automatic,105,caddy,125000,diesel,volkswagen,no,10.0
33865,850,small car,manual,60,polo,150000,petrol,volkswagen,yes,21.5
33866,12300,small car,manual,105,500,10000,petrol,fiat,no,4.5
33867,11650,limousine,automatic,272,5er,150000,diesel,bmw,yes,14.92
33870,1200,station wagon,manual,145,mondeo,150000,petrol,ford,no,15.58
33871,1199,small car,manual,82,a_klasse,150000,petrol,mercedes_benz,no,17.67
33872,1699,small car,manual,90,tigra,125000,petrol,opel,no,23.33
33874,6450,limousine,manual,116,golf,150000,petrol,volkswagen,no,14.17
33875,250,small car,manual,65,corsa,150000,petrol,opel,yes,20.0
33879,4500,small car,manual,65,others,30000,petrol,suzuki,no,9.25
33882,3000,small car,manual,65,yaris,100000,petrol,toyota,no,13.33
33883,9500,station wagon,manual,140,a3,150000,diesel,audi,no,13.33
33885,13800,limousine,manual,184,c_klasse,20000,petrol,mercedes_benz,no,11.25
33886,399,bus,manual,90,scenic,150000,petrol,renault,no,20.33
33888,10700,small car,manual,90,twingo,5000,petrol,renault,no,3.5
33889,4700,bus,manual,110,verso,150000,petrol,toyota,no,12.5
33890,7000,small car,manual,68,c1,20000,petrol,citroen,no,4.08
33893,650,station wagon,manual,75,golf,150000,petrol,volkswagen,no,18.25
33894,3499,limousine,manual,75,golf,80000,petrol,volkswagen,no,15.92
33895,15200,cabrio,manual,122,cooper,20000,petrol,mini,no,6.67
33896,600,small car,manual,90,corsa,150000,petrol,opel,no,19.42
33897,4990,limousine,manual,116,1er,150000,petrol,bmw,no,14.83
33898,1500,small car,manual,65,picanto,150000,petrol,kia,no,13.67
33899,1700,station wagon,manual,133,c5,150000,diesel,citroen,no,14.25
33900,1000,station wagon,manual,101,vectra,150000,petrol,opel,no,19.67
33901,1599,station wagon,manual,122,v40,150000,petrol,volvo,no,16.83
33902,15499,station wagon,manual,136,c_klasse,125000,diesel,mercedes_benz,no,6.33
33903,750,small car,manual,45,corsa,150000,petrol,opel,no,22.17
33904,15250,cabrio,manual,126,mx_reihe,30000,petrol,mazda,no,5.42
33907,8950,station wagon,manual,160,astra,150000,diesel,opel,no,7.25
33909,40000,coupe,automatic,343,m_reihe,30000,petrol,bmw,no,17.33
33910,1250,station wagon,automatic,197,e_klasse,150000,diesel,mercedes_benz,no,19.83
33911,2350,limousine,automatic,122,c_klasse,150000,petrol,mercedes_benz,no,21.58
33912,1400,small car,manual,102,a_klasse,150000,petrol,mercedes_benz,no,18.25
33917,18900,suv,manual,174,touareg,100000,diesel,volkswagen,no,9.5
33918,3950,small car,manual,80,polo,150000,diesel,volkswagen,no,10.67
33920,3950,small car,manual,150,golf,150000,diesel,volkswagen,no,18.0
33921,18600,cabrio,manual,184,clk,60000,petrol,mercedes_benz,no,9.25
33924,5990,small car,manual,101,i_reihe,50000,petrol,hyundai,no,7.08
33925,2050,limousine,manual,84,astra,150000,petrol,opel,no,16.0
33926,4999,station wagon,manual,136,4_reihe,150000,diesel,peugeot,no,10.58
33927,3300,station wagon,manual,116,passat,150000,petrol,volkswagen,no,17.08
33930,3500,small car,manual,75,polo,150000,lpg,volkswagen,no,13.83
33932,2900,small car,manual,88,others,150000,petrol,peugeot,no,12.5
33935,6390,small car,automatic,71,fortwo,30000,petrol,smart,no,6.33
33936,4500,limousine,manual,118,3er,80000,petrol,bmw,no,18.25
33939,1850,bus,manual,92,others,150000,diesel,fiat,no,22.08
33946,1990,limousine,manual,115,focus,150000,petrol,ford,no,19.83
33948,4999,limousine,manual,55,golf,125000,petrol,volkswagen,no,13.75
33950,500,station wagon,manual,98,3_reihe,150000,petrol,mazda,no,17.17
33951,750,coupe,manual,125,others,150000,petrol,ford,no,21.83
33952,222,small car,manual,102,one,20000,petrol,mini,no,3.17
33953,17990,station wagon,manual,190,a4,70000,diesel,audi,no,11.0
33955,1000,small car,manual,60,punto,150000,petrol,fiat,no,15.25
33956,1990,station wagon,manual,150,156,150000,diesel,alfa_romeo,no,17.0
33957,8000,suv,automatic,140,tiguan,100000,diesel,volkswagen,no,7.67
33959,750,station wagon,manual,75,focus,150000,diesel,ford,no,17.25
33960,650,station wagon,manual,103,others,150000,petrol,fiat,no,17.75
33961,19500,limousine,manual,156,c_klasse,40000,petrol,mercedes_benz,no,6.17
33963,15995,bus,automatic,178,transporter,150000,diesel,volkswagen,no,12.5
33964,899,bus,manual,140,others,150000,petrol,hyundai,no,18.0
33968,9950,station wagon,manual,163,3er,150000,diesel,bmw,no,11.5
33969,4900,limousine,automatic,141,6_reihe,100000,petrol,mazda,no,15.08
33971,999,station wagon,manual,140,156,150000,petrol,alfa_romeo,no,16.67
33972,3850,limousine,automatic,170,e_klasse,150000,petrol,mercedes_benz,no,18.67
33973,8200,limousine,manual,105,golf,150000,diesel,volkswagen,no,8.33
33974,4500,bus,automatic,116,touran,150000,petrol,volkswagen,yes,14.33
33976,600,station wagon,automatic,144,omega,150000,petrol,opel,yes,17.92
33977,999,small car,manual,50,polo,150000,petrol,volkswagen,no,18.42
33979,3850,small car,manual,58,twingo,80000,petrol,renault,no,8.75
33980,1650,limousine,manual,101,golf,150000,petrol,volkswagen,no,20.83
33981,2500,small car,manual,116,3er,150000,petrol,bmw,no,18.0
33982,3800,limousine,automatic,130,e_klasse,5000,diesel,mercedes_benz,yes,13.42
33987,4800,coupe,manual,110,astra,150000,diesel,opel,no,8.5
33988,8600,limousine,automatic,143,3er,150000,diesel,bmw,no,9.75
33990,45499,limousine,automatic,245,a6,100000,diesel,audi,no,6.67
33994,1300,coupe,automatic,150,3er,150000,petrol,bmw,no,25.58
33995,10990,limousine,automatic,218,7er,150000,diesel,bmw,no,15.5
33997,1500,small car,manual,60,fiesta,125000,petrol,ford,no,18.33
34002,15000,station wagon,automatic,271,a6,125000,diesel,audi,no,12.42
34003,450,limousine,automatic,136,90,150000,petrol,audi,yes,27.33
34007,3200,limousine,manual,131,focus,150000,petrol,ford,yes,16.5
34008,1450,small car,manual,58,corsa,150000,petrol,opel,no,16.42
34009,300,station wagon,manual,60,astra,150000,petrol,opel,no,25.0
34010,6900,cabrio,manual,150,tt,125000,petrol,audi,no,17.42
34011,15200,station wagon,manual,136,c_klasse,100000,diesel,mercedes_benz,no,7.67
34012,1900,small car,manual,75,twingo,125000,petrol,renault,no,17.0
34014,2100,bus,manual,102,others,150000,petrol,mercedes_benz,no,15.83
34015,999,bus,manual,114,megane,150000,petrol,renault,no,21.25
34017,6000,suv,manual,125,c4,150000,petrol,citroen,no,13.0
34018,4200,station wagon,automatic,163,v70,150000,diesel,volvo,no,15.5
34021,950,small car,manual,45,1_reihe,150000,petrol,peugeot,no,22.08
34024,2400,limousine,manual,116,primera,150000,petrol,nissan,no,16.92
34026,9800,limousine,automatic,160,golf,80000,petrol,volkswagen,no,10.75
34028,4200,coupe,manual,170,3er,150000,petrol,bmw,no,17.83
34029,4399,small car,automatic,71,fortwo,60000,petrol,smart,no,9.83
34031,4300,cabrio,manual,98,others,150000,petrol,volkswagen,no,27.83
34032,5500,limousine,manual,163,c_klasse,150000,petrol,mercedes_benz,no,14.83
34034,650,station wagon,manual,110,5er,150000,petrol,bmw,yes,20.33
34035,400,small car,manual,60,polo,150000,petrol,volkswagen,yes,19.5
34036,500,limousine,manual,99,3er,150000,petrol,bmw,yes,28.67
34037,15900,limousine,automatic,170,e_klasse,150000,diesel,mercedes_benz,no,9.92
34039,5399,bus,manual,101,others,150000,diesel,renault,no,12.5
34041,6900,station wagon,manual,140,passat,150000,diesel,volkswagen,no,11.0
34042,999,limousine,manual,120,laguna,150000,petrol,renault,no,17.33
34044,2750,limousine,automatic,116,a4,150000,diesel,audi,no,18.58
34045,25500,limousine,automatic,220,golf,20000,petrol,volkswagen,no,3.25
34047,13290,station wagon,automatic,177,5er,150000,diesel,bmw,no,9.75
34049,12900,limousine,manual,120,a4,90000,petrol,audi,no,9.25
34053,1950,small car,manual,100,polo,150000,petrol,volkswagen,no,18.08
34055,3300,coupe,manual,133,80,150000,petrol,audi,no,26.33
34057,1500,cabrio,automatic,65,others,150000,petrol,smart,no,17.75
34059,2400,coupe,manual,147,astra,150000,petrol,opel,no,19.0
34060,4650,station wagon,automatic,150,c_klasse,150000,diesel,mercedes_benz,no,13.67
34061,2950,station wagon,manual,163,e_klasse,150000,petrol,mercedes_benz,no,18.67
34062,69000,coupe,manual,265,others,150000,petrol,jaguar,no,52.0
34065,699,small car,manual,45,1_reihe,100000,petrol,peugeot,no,20.5
34068,2200,coupe,manual,140,3er,150000,petrol,bmw,no,24.5
34069,650,small car,manual,75,2_reihe,150000,petrol,peugeot,no,17.83
34070,4199,bus,manual,105,meriva,125000,petrol,opel,no,12.58
34071,5800,limousine,automatic,88,c4,100000,petrol,citroen,no,10.33
34073,10800,cabrio,manual,120,cooper,90000,petrol,mini,no,9.75
34075,3700,station wagon,manual,101,golf,150000,diesel,volkswagen,no,15.0
34078,14500,limousine,manual,143,a4,150000,diesel,audi,no,11.0
34079,1050,limousine,manual,143,3er,150000,petrol,bmw,no,16.33
34080,5800,limousine,automatic,170,e_klasse,150000,diesel,mercedes_benz,no,18.75
34082,3500,station wagon,manual,163,a6,150000,diesel,audi,no,15.17
34085,1600,small car,manual,82,micra,90000,petrol,nissan,no,17.75
34086,6490,small car,manual,80,fusion,50000,petrol,ford,no,6.33
34087,6370,small car,manual,75,twingo,30000,petrol,renault,no,4.08
34088,3999,limousine,manual,150,e_klasse,150000,petrol,mercedes_benz,no,24.08
34089,11900,station wagon,manual,125,ceed,80000,lpg,kia,no,6.67
34090,2100,station wagon,manual,113,megane,150000,petrol,renault,no,14.5
34091,9300,station wagon,automatic,170,c5,125000,diesel,citroen,no,10.92
34092,2500,limousine,automatic,136,e_klasse,150000,diesel,mercedes_benz,yes,9.25
34093,3700,bus,manual,113,scenic,125000,petrol,renault,no,14.42
34095,9900,limousine,automatic,150,1er,150000,petrol,bmw,no,14.0
34096,6500,station wagon,manual,75,others,50000,petrol,suzuki,no,9.67
34098,11990,cabrio,manual,122,eos,150000,petrol,volkswagen,no,9.42
34099,3999,cabrio,manual,90,others,60000,petrol,ford,no,15.0
34100,5600,small car,manual,26,601,60000,petrol,trabant,no,32.58
34103,3850,bus,manual,128,ducato,150000,diesel,fiat,no,13.83
34105,2600,station wagon,manual,150,passat,150000,petrol,volkswagen,no,16.58
34106,26500,bus,automatic,177,touran,40000,diesel,volkswagen,no,5.42
34108,9700,station wagon,manual,150,3er,70000,petrol,bmw,no,12.83
34109,1900,small car,automatic,83,jazz,150000,petrol,honda,no,16.58
34111,3990,station wagon,automatic,179,a6,150000,diesel,audi,no,15.83
34112,5799,cabrio,automatic,193,slk,150000,petrol,mercedes_benz,no,20.58
34114,3950,station wagon,manual,155,signum,90000,petrol,opel,no,16.0
34116,5800,cabrio,automatic,84,fortwo,100000,petrol,smart,no,11.25
34117,6800,small car,manual,116,cooper,80000,petrol,mini,no,14.25
34118,650,small car,manual,50,lupo,20000,petrol,volkswagen,no,18.5
34120,4550,small car,manual,75,sandero,60000,petrol,dacia,no,9.67
34121,800,small car,manual,68,2_reihe,150000,diesel,peugeot,yes,16.33
34122,11000,bus,manual,116,b_klasse,80000,petrol,mercedes_benz,no,9.0
34124,1199,small car,manual,58,corsa,125000,petrol,opel,no,15.08
34125,32500,cabrio,manual,200,others,20000,petrol,opel,no,15.5
34126,9700,bus,manual,131,transporter,150000,diesel,volkswagen,no,15.5
34127,2500,station wagon,manual,107,others,150000,diesel,peugeot,no,16.42
34131,3450,limousine,manual,136,e_klasse,125000,petrol,mercedes_benz,no,24.92
34132,1200,station wagon,manual,101,focus,150000,diesel,ford,yes,14.5
34135,21600,suv,automatic,224,glk,90000,diesel,mercedes_benz,no,11.0
34137,15500,suv,automatic,190,m_klasse,150000,diesel,mercedes_benz,no,12.67
34138,13900,station wagon,manual,114,v60,125000,diesel,volvo,no,6.25
34139,5000,bus,manual,101,ducato,150000,diesel,fiat,no,11.5
34141,4250,station wagon,manual,184,3er,150000,diesel,bmw,no,15.25
34142,2990,small car,manual,75,twingo,60000,petrol,renault,no,12.67
34146,2990,small car,manual,75,twingo,100000,petrol,renault,no,11.42
34147,5000,limousine,manual,105,golf,150000,diesel,volkswagen,no,13.17
34148,6950,station wagon,manual,170,c5,150000,diesel,citroen,no,10.67
34149,1850,limousine,manual,125,a6,150000,petrol,audi,no,19.33
34150,4550,suv,manual,140,sorento,150000,diesel,kia,no,15.58
34151,800,limousine,manual,90,80,150000,petrol,audi,no,24.58
34156,3300,bus,manual,116,sharan,150000,diesel,volkswagen,no,14.17
34159,9900,station wagon,automatic,160,insignia,150000,diesel,opel,no,9.92
34160,6500,bus,manual,109,c3,60000,diesel,citroen,no,8.67
34161,555,limousine,manual,125,a4,150000,petrol,audi,yes,24.0
34162,250,limousine,manual,150,a4,150000,petrol,audi,yes,23.5
34165,8500,bus,automatic,199,others,150000,diesel,chrysler,no,25.25
34166,4700,others,manual,105,golf,150000,diesel,volkswagen,no,11.33
34167,4890,small car,manual,125,corsa,150000,diesel,opel,no,11.17
34168,4800,limousine,manual,163,c_klasse,150000,petrol,mercedes_benz,no,17.42
34169,900,others,manual,98,megane,150000,diesel,renault,no,17.33
34170,54850,coupe,manual,250,911,150000,petrol,porsche,no,27.42
34172,1350,small car,manual,69,fiesta,150000,petrol,ford,no,16.67
34173,5100,station wagon,automatic,340,others,150000,petrol,audi,no,17.25
34174,2490,small car,manual,50,arosa,150000,petrol,seat,no,13.08
34176,2400,limousine,manual,150,3er,150000,petrol,bmw,no,20.5
34177,1950,station wagon,manual,116,vectra,150000,petrol,opel,no,21.5
34178,5555,suv,manual,86,jimny,60000,petrol,suzuki,yes,8.17
34179,12299,suv,automatic,224,touareg,150000,diesel,volkswagen,no,11.08
34181,12500,small car,manual,90,clio,30000,petrol,renault,no,6.75
34182,2000,small car,manual,60,c1,150000,petrol,citroen,no,12.67
34183,600,limousine,manual,75,80,150000,petrol,audi,yes,31.08
34185,12500,limousine,automatic,190,a4,125000,diesel,audi,no,7.33
34186,6600,small car,manual,101,500,70000,petrol,fiat,no,10.42
34187,17499,limousine,manual,140,astra,30000,petrol,opel,no,6.0
34188,5800,coupe,manual,109,focus,150000,diesel,ford,no,11.75
34189,4990,small car,manual,116,cooper,150000,petrol,mini,no,13.83
34190,1650,cabrio,automatic,116,3er,150000,petrol,bmw,no,22.75
34191,2990,limousine,manual,82,a_klasse,150000,petrol,mercedes_benz,no,14.33
34195,8000,limousine,manual,99,civic,60000,petrol,honda,no,7.75
34196,9900,limousine,manual,197,5er,150000,diesel,bmw,no,10.92
34198,9650,cabrio,manual,150,beetle,90000,petrol,volkswagen,no,11.83
34199,12490,station wagon,manual,232,a6,150000,diesel,audi,no,10.33
34200,3200,small car,manual,58,corsa,150000,petrol,opel,no,15.25
34202,995,limousine,manual,173,others,150000,lpg,hyundai,no,15.33
34203,3600,station wagon,automatic,163,a4,150000,diesel,audi,no,14.67
34204,400,station wagon,manual,75,kangoo,150000,petrol,renault,yes,20.42
34205,5600,bus,manual,116,golf,125000,petrol,volkswagen,no,13.42
34206,1200,limousine,automatic,101,golf,150000,petrol,volkswagen,no,19.83
34207,444,cabrio,manual,75,escort,150000,petrol,ford,no,20.42
34208,999,small car,manual,60,punto,150000,petrol,fiat,no,19.25
34210,2250,limousine,manual,116,147,150000,diesel,alfa_romeo,no,14.58
34211,3890,small car,manual,64,polo,150000,petrol,volkswagen,no,12.25
34212,7485,small car,automatic,80,polo,30000,petrol,volkswagen,no,10.75
34215,1500,bus,manual,101,zafira,150000,diesel,opel,no,16.25
34220,3300,bus,manual,125,zafira,150000,petrol,opel,no,14.33
34221,13200,coupe,automatic,205,mustang,150000,petrol,ford,no,13.58
34222,12877,limousine,automatic,177,1er,125000,diesel,bmw,no,8.33
34224,2150,cabrio,manual,75,golf,150000,petrol,volkswagen,no,19.83
34226,1400,station wagon,automatic,136,v40,150000,petrol,volvo,yes,16.0
34227,2000,small car,automatic,73,fortwo,125000,petrol,smart,no,17.58
34229,3950,limousine,manual,133,80,150000,petrol,audi,no,26.42
34230,10500,cabrio,automatic,231,3er,150000,petrol,bmw,no,17.25
34232,1350,small car,manual,90,fiesta,150000,diesel,ford,yes,13.5
34233,1999,limousine,manual,105,leon,125000,petrol,seat,no,17.25
34234,500,limousine,manual,101,a4,150000,petrol,audi,no,19.25
34235,2290,limousine,manual,143,3er,150000,petrol,bmw,no,15.42
34237,1500,station wagon,manual,150,5er,150000,petrol,bmw,no,24.08
34239,5199,limousine,manual,105,leon,150000,diesel,seat,no,10.08
34243,11000,limousine,manual,143,3er,90000,diesel,bmw,no,9.92
34246,3750,station wagon,automatic,136,e_klasse,150000,diesel,mercedes_benz,no,9.67
34249,4990,bus,manual,140,zafira,125000,petrol,opel,no,12.25
34250,4900,small car,automatic,71,fortwo,60000,petrol,smart,no,8.5
34251,6300,limousine,manual,163,3er,150000,diesel,bmw,no,13.75
34254,10900,limousine,manual,150,x_reihe,150000,diesel,bmw,no,12.08
34255,400,coupe,automatic,150,3er,150000,petrol,bmw,no,26.5
34256,1000,small car,manual,60,2_reihe,150000,petrol,peugeot,no,18.42
34257,700,limousine,manual,54,others,150000,petrol,skoda,no,26.75
34258,13500,limousine,manual,160,a3,40000,petrol,audi,no,8.25
34259,1350,small car,manual,75,polo,150000,petrol,volkswagen,no,20.33
34260,4500,small car,manual,68,aygo,90000,petrol,toyota,no,9.17
34261,3250,small car,automatic,61,fortwo,125000,petrol,smart,no,10.17
34262,6200,limousine,manual,204,c_klasse,150000,petrol,mercedes_benz,no,11.17
34265,1950,limousine,manual,174,80,150000,petrol,audi,no,27.92
34266,5500,bus,manual,105,meriva,40000,petrol,opel,no,12.5
34267,13500,bus,automatic,120,c3,20000,petrol,citroen,no,5.67
34270,9999,station wagon,manual,150,a3,80000,petrol,audi,yes,13.08
34272,4000,coupe,manual,143,3er,150000,petrol,bmw,no,16.58
34273,2100,small car,manual,83,jazz,150000,petrol,honda,no,16.92
34274,2500,small car,manual,96,a_klasse,150000,diesel,mercedes_benz,no,17.92
34275,1750,bus,manual,90,scenic,150000,petrol,renault,no,19.33
34276,7000,limousine,manual,110,mondeo,125000,petrol,ford,no,11.75
34277,5000,limousine,manual,116,touran,150000,petrol,volkswagen,no,13.75
34279,3500,limousine,manual,105,ibiza,20000,petrol,seat,yes,9.58
34280,3000,station wagon,automatic,184,5er,150000,diesel,bmw,no,21.0
34282,4100,small car,manual,75,clio,125000,petrol,renault,no,9.25
34284,5500,small car,manual,109,focus,150000,diesel,ford,no,11.25
34286,8000,limousine,manual,140,a3,125000,diesel,audi,yes,9.92
34287,600,small car,manual,90,corsa,150000,petrol,opel,no,19.75
34288,2000,coupe,manual,110,golf,150000,diesel,volkswagen,no,17.92
34289,3499,cabrio,manual,116,3er,150000,petrol,bmw,no,19.17
34291,9300,station wagon,manual,174,clubman,125000,petrol,mini,no,10.08
34292,6500,small car,manual,120,cooper,125000,petrol,mini,no,11.92
34293,2650,limousine,manual,102,a_klasse,150000,petrol,mercedes_benz,no,15.67
34294,7875,station wagon,manual,150,vito,150000,diesel,mercedes_benz,no,13.08
34295,2750,small car,manual,60,fiesta,100000,petrol,ford,no,12.83
34296,1950,cabrio,automatic,116,3er,150000,petrol,bmw,no,24.67
34297,1000,station wagon,automatic,150,e_klasse,150000,petrol,mercedes_benz,no,20.08
34299,2200,small car,manual,60,lupo,150000,petrol,volkswagen,no,16.42
34302,1250,small car,manual,69,corsa,150000,diesel,opel,yes,12.67
34303,9750,station wagon,manual,160,octavia,125000,petrol,skoda,yes,10.92
34304,500,limousine,manual,75,civic,150000,petrol,honda,yes,18.08
34305,4200,small car,manual,95,forfour,100000,petrol,smart,no,14.83
34306,2650,suv,manual,97,others,150000,petrol,suzuki,no,22.83
34307,1500,small car,manual,50,fiesta,60000,petrol,ford,no,18.17
34310,7300,station wagon,manual,105,fabia,80000,diesel,skoda,no,8.17
34312,2700,small car,manual,60,polo,150000,petrol,volkswagen,no,17.17
34313,58500,cabrio,automatic,421,mustang,100000,petrol,ford,no,52.58
34315,9999,station wagon,automatic,136,c_klasse,150000,diesel,mercedes_benz,no,12.0
34316,2599,limousine,manual,75,golf,150000,petrol,volkswagen,yes,12.0
34317,1700,bus,automatic,113,scenic,150000,petrol,renault,no,13.25
34320,4990,limousine,automatic,170,3er,125000,petrol,bmw,no,15.25
34321,17900,bus,manual,102,transporter,150000,diesel,volkswagen,no,19.5
34322,700,small car,manual,60,ibiza,150000,petrol,seat,no,19.67
34323,1299,limousine,manual,101,astra,150000,diesel,opel,no,16.33
34324,21500,cabrio,manual,50,kaefer,150000,petrol,volkswagen,no,41.0
34325,18500,station wagon,manual,156,others,80000,petrol,mercedes_benz,no,7.08
34326,3950,small car,manual,75,clio,100000,petrol,renault,no,9.67
34327,1099,station wagon,automatic,115,octavia,150000,lpg,skoda,yes,19.75
34328,4000,bus,manual,116,galaxy,150000,diesel,ford,no,13.67
34329,2000,bus,manual,144,carnival,150000,diesel,kia,no,14.0
34330,2400,small car,manual,95,forfour,150000,petrol,smart,no,13.92
34331,25750,limousine,automatic,220,golf,20000,petrol,volkswagen,no,3.25
34332,3700,limousine,manual,105,astra,150000,petrol,opel,no,13.67
34335,6300,limousine,manual,60,e_klasse,150000,diesel,mercedes_benz,no,36.58
34336,7888,cabrio,manual,170,clk,150000,petrol,mercedes_benz,yes,15.42
34337,6550,bus,manual,116,sharan,150000,diesel,volkswagen,no,15.67
34340,10500,suv,automatic,190,discovery,150000,diesel,land_rover,no,12.58
34342,3300,limousine,manual,116,golf,150000,petrol,volkswagen,no,15.25
34344,6500,station wagon,manual,150,3_reihe,100000,petrol,peugeot,no,10.0
34345,700,limousine,manual,100,vectra,150000,petrol,opel,yes,20.33
34346,1400,bus,manual,113,others,150000,diesel,hyundai,yes,17.67
34347,8950,limousine,automatic,143,c_klasse,60000,petrol,mercedes_benz,no,13.75
34348,1550,limousine,automatic,140,vectra,150000,petrol,opel,no,15.42
34349,700,limousine,manual,101,vectra,150000,petrol,opel,no,20.83
34351,2990,cabrio,manual,116,mx_reihe,150000,petrol,mazda,no,26.5
34352,3950,station wagon,manual,125,v50,150000,petrol,volvo,no,13.5
34353,14990,small car,manual,122,a1,40000,petrol,audi,no,5.67
34354,1580,coupe,manual,90,others,150000,diesel,citroen,no,16.83
34355,1800,small car,manual,61,fortwo,70000,petrol,smart,no,17.42
34358,3800,coupe,automatic,218,clk,150000,petrol,mercedes_benz,no,19.08
34359,30000,limousine,manual,220,escort,30000,petrol,ford,no,26.33
34360,4800,bus,manual,170,espace,150000,lpg,renault,no,12.33
34362,600,small car,manual,60,polo,150000,petrol,volkswagen,no,20.5
34363,3950,cabrio,manual,114,megane,125000,petrol,renault,no,20.67
34364,200,station wagon,manual,135,mondeo,150000,petrol,ford,yes,20.25
34366,2800,coupe,manual,136,4_reihe,125000,petrol,peugeot,no,17.17
34367,11800,bus,manual,131,transporter,150000,diesel,volkswagen,no,15.67
34368,3600,limousine,automatic,170,5er,150000,petrol,bmw,no,18.08
34370,750,station wagon,manual,125,a4,150000,petrol,audi,no,22.58
34373,699,limousine,manual,101,focus,150000,petrol,ford,no,17.25
34374,1400,coupe,manual,125,others,90000,petrol,ford,no,20.83
34378,4950,station wagon,manual,68,transporter,30000,diesel,volkswagen,no,17.08
34379,7600,limousine,automatic,177,5er,150000,diesel,bmw,no,12.42
34382,1350,small car,manual,60,punto,150000,petrol,fiat,no,17.58
34383,1999,limousine,manual,105,golf,150000,petrol,volkswagen,no,17.08
34384,7500,suv,manual,156,4_reihe,150000,diesel,peugeot,no,10.83
34385,5700,station wagon,manual,140,a4,150000,diesel,audi,no,13.17
34386,1900,limousine,manual,90,a3,150000,diesel,audi,no,19.17
34388,4000,station wagon,automatic,140,passat,150000,diesel,volkswagen,no,10.58
34390,21950,cabrio,manual,160,a5,90000,petrol,audi,no,8.42
34394,1250,limousine,manual,163,e_klasse,150000,petrol,mercedes_benz,yes,17.75
34396,4990,bus,manual,129,verso,125000,petrol,toyota,yes,14.08
34397,14250,cabrio,manual,122,eos,80000,petrol,volkswagen,no,7.25
34398,14000,station wagon,automatic,218,3er,150000,petrol,bmw,no,12.92
34400,4100,station wagon,manual,140,passat,150000,diesel,volkswagen,yes,13.83
34401,8500,coupe,automatic,163,clk,70000,petrol,mercedes_benz,no,15.5
34402,2900,small car,manual,63,others,50000,petrol,hyundai,no,12.92
34404,599,limousine,manual,60,astra,150000,petrol,opel,no,22.08
34405,21300,coupe,manual,184,3er,50000,diesel,bmw,no,8.5
34406,26500,limousine,manual,150,a3,100000,diesel,audi,no,6.0
34407,12050,coupe,manual,192,3er,70000,petrol,bmw,no,14.92
34408,1850,small car,manual,60,fiesta,60000,petrol,ford,yes,9.75
34409,22900,limousine,automatic,231,e_klasse,90000,diesel,mercedes_benz,no,8.92
34410,1999,limousine,manual,75,astra,150000,diesel,opel,no,17.92
34414,7300,cabrio,manual,98,golf,150000,petrol,volkswagen,no,26.0
34415,8000,station wagon,manual,105,golf,150000,diesel,volkswagen,no,9.17
34416,1150,small car,manual,60,ka,150000,petrol,ford,no,17.17
34417,2250,limousine,automatic,101,astra,125000,petrol,opel,no,19.92
34418,6100,limousine,manual,102,a3,150000,lpg,audi,no,12.42
34419,2450,limousine,manual,95,a_klasse,150000,diesel,mercedes_benz,no,15.83
34420,12000,coupe,manual,170,scirocco,150000,diesel,volkswagen,no,9.83
34421,4499,small car,manual,101,polo,125000,diesel,volkswagen,no,14.5
34423,7777,limousine,automatic,224,a6,150000,diesel,audi,no,12.17
34426,3500,station wagon,manual,163,c_klasse,150000,petrol,mercedes_benz,no,16.42
34427,4600,small car,manual,60,fiesta,100000,petrol,ford,no,9.83
34428,1100,station wagon,manual,75,polo,150000,petrol,volkswagen,no,19.0
34431,1000,limousine,manual,103,others,150000,petrol,alfa_romeo,yes,20.33
34433,51981,cabrio,manual,315,boxster,40000,petrol,porsche,no,5.33
34434,12000,limousine,automatic,231,5er,150000,diesel,bmw,no,13.17
34435,23900,cabrio,manual,211,tt,60000,petrol,audi,no,6.42
34436,3950,limousine,manual,170,astra,150000,petrol,opel,no,14.83
34437,2499,station wagon,automatic,179,a6,150000,diesel,audi,no,15.17
34438,12450,suv,automatic,170,sorento,125000,diesel,kia,no,9.25
34439,6900,station wagon,manual,140,a4,150000,diesel,audi,no,13.25
34440,1500,station wagon,automatic,143,others,150000,diesel,mercedes_benz,no,17.83
34445,5500,limousine,manual,170,3er,150000,petrol,bmw,no,21.92
34447,17999,suv,automatic,136,g_klasse,150000,diesel,mercedes_benz,no,33.08
34448,8800,station wagon,manual,140,a4,150000,diesel,audi,no,10.17
34449,4200,bus,manual,69,transporter,150000,diesel,volkswagen,no,28.75
34450,1200,small car,manual,90,astra,150000,petrol,opel,no,21.67
34452,1400,small car,manual,75,fabia,150000,petrol,skoda,no,19.0
34453,650,limousine,automatic,150,e_klasse,30000,petrol,mercedes_benz,yes,22.33
34456,999,cabrio,manual,109,2_reihe,150000,petrol,peugeot,yes,16.58
34457,4750,suv,manual,125,g_klasse,60000,petrol,mercedes_benz,yes,34.08
34458,5349,small car,manual,60,mii,90000,petrol,seat,no,6.58
34461,4850,small car,manual,60,polo,125000,petrol,volkswagen,no,10.83
34462,27828,bus,automatic,179,transporter,125000,diesel,volkswagen,no,8.67
34463,1850,limousine,manual,75,golf,150000,petrol,volkswagen,no,15.75
34464,799,limousine,manual,82,almera,150000,diesel,nissan,no,15.17
34466,6800,small car,manual,87,corsa,60000,petrol,opel,yes,6.33
34467,9500,small car,manual,98,one,60000,petrol,mini,no,8.0
34468,2888,cabrio,manual,90,golf,150000,petrol,volkswagen,no,33.58
34469,900,station wagon,manual,131,mondeo,70000,diesel,ford,no,14.42
34470,999,small car,manual,75,golf,150000,petrol,volkswagen,no,20.5
34472,799,limousine,manual,75,lanos,60000,petrol,daewoo,no,18.67
34473,5400,station wagon,manual,105,passat,150000,diesel,volkswagen,no,10.58
34477,1499,small car,manual,58,corsa,150000,petrol,opel,no,17.92
34478,2650,limousine,manual,170,3er,150000,petrol,bmw,no,19.42
34479,7680,limousine,automatic,95,colt,20000,petrol,mitsubishi,no,6.83
34480,1350,small car,manual,60,ka,150000,petrol,ford,no,16.67
34481,18000,limousine,automatic,387,s_klasse,150000,lpg,mercedes_benz,no,13.83
34482,10900,limousine,automatic,136,auris,70000,hybrid,toyota,no,8.75
34483,3499,limousine,manual,105,astra,150000,petrol,opel,no,12.75
34485,11900,cabrio,manual,90,golf,150000,petrol,volkswagen,no,19.33
34486,27900,coupe,automatic,239,a5,70000,diesel,audi,no,8.58
34487,279,small car,automatic,55,micra,90000,petrol,nissan,no,27.0
34491,500,station wagon,manual,102,3er,150000,petrol,bmw,no,21.83
34493,1200,bus,manual,147,others,150000,petrol,mitsubishi,no,16.33
34494,1200,limousine,manual,165,a4,150000,petrol,audi,yes,18.42
34496,3490,small car,manual,75,sandero,100000,petrol,dacia,no,10.83
34497,5000,coupe,manual,163,c_klasse,150000,petrol,mercedes_benz,no,17.58
34498,9300,cabrio,automatic,170,3er,150000,petrol,bmw,no,15.92
34499,4800,small car,automatic,61,fortwo,50000,petrol,smart,no,12.75
34500,3990,cabrio,manual,109,2_reihe,150000,petrol,peugeot,no,12.83
34502,3299,suv,manual,82,niva,80000,petrol,lada,no,13.67
34503,12600,station wagon,manual,177,a6,150000,petrol,audi,no,13.42
34505,3350,small car,manual,64,clio,150000,diesel,renault,no,9.83
34506,1300,small car,manual,75,others,150000,petrol,rover,no,20.83
34508,14900,coupe,automatic,272,others,150000,lpg,mercedes_benz,no,15.0
34509,1295,station wagon,manual,72,kangoo,150000,petrol,renault,no,20.0
34511,8888,cabrio,manual,170,cooper,150000,petrol,mini,no,13.08
34512,20990,limousine,manual,204,ceed,10000,petrol,kia,no,4.33
34514,2500,station wagon,manual,150,megane,150000,diesel,renault,no,12.75
34515,4980,cabrio,manual,150,3er,125000,petrol,bmw,no,24.17
34516,7603,coupe,manual,200,tt,125000,petrol,audi,no,10.67
34517,600,small car,manual,60,polo,150000,petrol,volkswagen,yes,18.92
34519,10900,limousine,manual,72,others,150000,diesel,mercedes_benz,no,36.58
34522,3350,limousine,manual,105,golf,150000,diesel,volkswagen,no,14.17
34525,1111,limousine,manual,122,c_klasse,150000,petrol,mercedes_benz,no,21.33
34526,3700,suv,automatic,170,others,125000,petrol,opel,no,26.08
34528,1050,small car,manual,58,twingo,150000,petrol,renault,no,16.25
34529,5500,limousine,manual,192,3er,150000,petrol,bmw,no,16.58
34530,85000,cabrio,manual,272,911,60000,petrol,porsche,no,24.58
34532,7599,bus,manual,116,sharan,150000,diesel,volkswagen,no,12.0
34533,5700,small car,manual,75,clio,70000,petrol,renault,no,6.17
34534,10899,station wagon,manual,140,astra,60000,petrol,opel,no,6.83
34536,4700,station wagon,manual,101,bora,150000,diesel,volkswagen,no,16.83
34538,3999,limousine,manual,102,golf,150000,petrol,volkswagen,no,12.83
34539,2500,small car,manual,75,ibiza,150000,diesel,seat,no,15.67
34540,7200,limousine,automatic,204,e_klasse,150000,diesel,mercedes_benz,no,14.75
34542,500,station wagon,manual,101,vectra,150000,petrol,opel,yes,19.25
34545,450,small car,manual,60,ka,150000,petrol,ford,no,13.08
34546,6000,limousine,manual,110,golf,150000,diesel,volkswagen,yes,9.92
34548,5299,cabrio,manual,69,golf,5000,petrol,volkswagen,no,39.42
34549,3650,limousine,manual,54,polo,125000,petrol,volkswagen,no,13.67
34550,15980,limousine,automatic,298,others,150000,petrol,jaguar,no,9.08
34551,17500,cabrio,manual,160,500,10000,petrol,fiat,no,5.67
34553,650,small car,manual,90,golf,150000,petrol,volkswagen,no,28.42
34554,850,small car,manual,55,corsa,150000,petrol,opel,no,19.0
34555,1200,limousine,manual,150,a4,150000,petrol,audi,yes,21.75
34556,3000,limousine,manual,118,3er,150000,petrol,bmw,no,18.25
34557,1250,small car,manual,75,golf,150000,petrol,volkswagen,no,19.25
34558,12700,limousine,automatic,105,a3,125000,diesel,audi,no,9.08
34559,4666,limousine,manual,129,c_klasse,80000,petrol,mercedes_benz,no,16.0
34561,11000,cabrio,automatic,180,c_reihe,150000,diesel,volvo,no,11.83
34562,27690,station wagon,automatic,204,c_klasse,50000,diesel,mercedes_benz,no,5.42
34564,15999,small car,manual,115,1er,30000,diesel,bmw,no,5.33
34565,3250,station wagon,manual,106,megane,150000,diesel,renault,no,13.0
34566,4999,bus,manual,75,golf,125000,petrol,volkswagen,no,13.33
34567,1800,limousine,manual,116,3er,150000,petrol,bmw,no,23.58
34568,11000,bus,manual,130,transporter,150000,diesel,volkswagen,no,14.42
34569,10999,limousine,manual,141,others,20000,petrol,chevrolet,no,8.33
34571,490,limousine,manual,60,golf,125000,petrol,volkswagen,no,23.42
34572,6850,station wagon,manual,150,octavia,125000,petrol,skoda,no,12.67
34573,24490,limousine,manual,218,5er,70000,diesel,bmw,no,6.08
34575,900,small car,manual,55,corsa,150000,petrol,opel,yes,18.58
34581,10350,station wagon,manual,109,c5,70000,diesel,citroen,no,9.08
34582,8650,small car,manual,86,polo,80000,petrol,volkswagen,no,8.5
34583,1900,small car,manual,88,micra,80000,petrol,nissan,yes,15.25
34584,4999,suv,automatic,200,grand,150000,lpg,jeep,yes,21.92
34585,650,coupe,manual,139,others,150000,petrol,fiat,yes,22.08
34586,2500,small car,manual,61,fortwo,90000,cng,smart,no,15.42
34589,13900,cabrio,manual,220,boxster,90000,petrol,porsche,no,17.42
34591,3500,cabrio,automatic,75,fortwo,150000,petrol,smart,no,16.42
34592,5850,station wagon,manual,150,159,150000,diesel,alfa_romeo,no,13.0
34593,590,small car,manual,45,polo,150000,petrol,volkswagen,no,23.5
34594,7499,cabrio,automatic,170,3er,150000,petrol,bmw,no,16.25
34597,13800,station wagon,automatic,190,e_klasse,125000,diesel,mercedes_benz,no,10.42
34598,4999,small car,manual,68,c1,60000,petrol,citroen,no,7.5
34599,2250,station wagon,automatic,150,3er,150000,diesel,bmw,no,16.08
34600,450,station wagon,manual,74,golf,150000,petrol,volkswagen,no,22.92
34601,14350,limousine,manual,95,1er,80000,diesel,bmw,no,7.0
34602,799,limousine,manual,115,omega,150000,petrol,opel,no,23.25
34604,21300,station wagon,automatic,250,insignia,60000,petrol,opel,no,7.92
34606,900,limousine,manual,54,golf,125000,petrol,volkswagen,no,28.92
34608,6750,cabrio,manual,179,tt,150000,petrol,audi,no,18.08
34609,23500,cabrio,automatic,245,sl,80000,petrol,mercedes_benz,no,13.33
34611,10999,suv,automatic,231,x_reihe,150000,lpg,bmw,no,17.0
34612,5999,limousine,manual,105,golf,150000,diesel,volkswagen,no,13.08
34614,82500,coupe,manual,480,911,60000,petrol,porsche,no,8.83
34617,900,station wagon,manual,150,a4,150000,petrol,audi,yes,17.17
34618,7200,limousine,manual,143,1er,150000,diesel,bmw,no,11.33
34619,21000,station wagon,automatic,184,5er,150000,diesel,bmw,no,8.92
34621,1450,bus,manual,115,zafira,150000,petrol,opel,no,19.83
34623,3200,bus,automatic,185,carnival,150000,diesel,kia,yes,12.83
34625,15450,cabrio,automatic,250,tt,125000,petrol,audi,no,11.5
34626,900,limousine,manual,110,passat,150000,diesel,volkswagen,no,21.58
34627,1500,bus,manual,147,others,150000,petrol,mitsubishi,yes,15.42
34629,1700,coupe,manual,105,civic,150000,petrol,honda,no,22.67
34631,19900,station wagon,automatic,231,e_klasse,150000,diesel,mercedes_benz,no,6.08
34632,35000,bus,manual,140,transporter,40000,diesel,volkswagen,no,6.92
34633,999,small car,manual,60,corsa,150000,petrol,opel,no,18.17
34634,6300,limousine,manual,80,polo,150000,diesel,volkswagen,no,8.83
34635,15500,limousine,automatic,150,qashqai,20000,diesel,nissan,no,10.5
34636,5999,suv,manual,125,rav,150000,petrol,toyota,no,13.42
34638,2100,limousine,automatic,90,a_klasse,150000,diesel,mercedes_benz,no,18.83
34639,3000,limousine,automatic,170,e_klasse,150000,diesel,mercedes_benz,no,17.58
34640,2999,coupe,manual,143,3er,150000,petrol,bmw,no,15.67
34641,1200,small car,manual,50,polo,150000,petrol,volkswagen,no,19.92
34642,1995,limousine,manual,101,octavia,125000,petrol,skoda,no,18.42
34643,4549,coupe,manual,192,3er,150000,petrol,bmw,no,18.92
34645,1500,limousine,manual,179,a6,150000,diesel,audi,yes,18.67
34646,6750,suv,manual,103,tucson,150000,diesel,hyundai,no,11.5
34647,8750,small car,manual,87,corsa,30000,petrol,opel,no,6.75
34648,2950,small car,manual,65,micra,125000,petrol,nissan,yes,9.33
34650,8700,limousine,automatic,163,e_klasse,150000,cng,mercedes_benz,no,13.92
34651,8850,cabrio,automatic,71,fortwo,40000,petrol,smart,no,5.33
34652,650,small car,manual,60,ibiza,150000,petrol,seat,no,22.58
34656,6800,limousine,automatic,224,c_klasse,150000,diesel,mercedes_benz,yes,12.5
34657,2600,station wagon,manual,130,passat,150000,diesel,volkswagen,no,15.92
34658,2500,coupe,manual,143,3er,150000,petrol,bmw,no,17.75
34659,5500,limousine,manual,140,civic,150000,petrol,honda,no,11.08
34661,2800,limousine,manual,136,4_reihe,150000,diesel,peugeot,no,14.58
34662,2400,limousine,automatic,310,a8,150000,petrol,audi,no,18.5
34663,17800,station wagon,automatic,197,5er,150000,diesel,bmw,no,9.58
34664,1750,limousine,manual,173,others,150000,petrol,hyundai,no,16.58
34666,1200,limousine,manual,150,others,150000,petrol,alfa_romeo,no,21.0
34667,1380,limousine,manual,101,golf,150000,petrol,volkswagen,no,20.42
34670,1650,limousine,manual,90,6_reihe,150000,petrol,mazda,no,18.42
34671,6200,cabrio,manual,146,mx_reihe,150000,petrol,mazda,no,17.0
34672,3850,station wagon,manual,163,a4,150000,diesel,audi,no,15.08
34673,1000,small car,manual,75,golf,150000,petrol,volkswagen,no,19.0
34675,3990,bus,manual,86,yaris,100000,petrol,toyota,no,16.25
34676,5600,suv,automatic,170,sportage,150000,lpg,kia,no,13.75
34677,25900,cabrio,manual,239,others,50000,petrol,honda,no,11.25
34678,10900,coupe,automatic,231,3er,150000,petrol,bmw,no,15.92
34679,1200,small car,manual,63,others,80000,petrol,suzuki,no,16.92
34680,4500,station wagon,manual,140,a4,150000,diesel,audi,no,15.0
34681,350,small car,manual,60,ibiza,150000,petrol,seat,yes,22.33
34682,14999,suv,manual,109,duster,10000,diesel,dacia,no,3.42
34683,3500,small car,automatic,75,lupo,50000,petrol,volkswagen,no,16.75
34684,650,station wagon,manual,116,legacy,150000,petrol,subaru,no,21.42
34685,5999,small car,manual,116,cooper,150000,petrol,mini,no,13.58
34687,250,small car,manual,45,corsa,125000,petrol,opel,no,21.08
34690,950,station wagon,manual,110,mondeo,150000,petrol,ford,no,16.5
34691,1400,bus,manual,144,carnival,150000,diesel,kia,yes,13.58
34693,16500,limousine,automatic,211,golf,90000,petrol,volkswagen,no,9.92
34694,17000,suv,manual,136,others,50000,diesel,jeep,no,5.83
34696,1900,limousine,manual,97,corolla,150000,petrol,toyota,no,17.25
34697,2950,small car,manual,54,panda,50000,petrol,fiat,no,9.92
34698,20999,bus,automatic,109,b_klasse,70000,diesel,mercedes_benz,no,6.58
34699,1990,bus,manual,101,zafira,150000,diesel,opel,no,14.58
34702,43500,suv,automatic,256,range_rover_sport,40000,diesel,land_rover,no,4.67
34703,2000,cabrio,automatic,54,fortwo,150000,petrol,smart,no,16.83
34705,11888,limousine,automatic,270,a6,150000,diesel,audi,no,14.92
34708,850,station wagon,manual,126,nubira,150000,petrol,daewoo,no,17.92
34709,1500,station wagon,manual,110,a4,150000,diesel,audi,no,21.17
34710,2500,cabrio,manual,193,slk,150000,petrol,mercedes_benz,no,20.17
34711,9500,suv,manual,177,rav,150000,diesel,toyota,no,12.75
34712,22300,bus,manual,140,touran,20000,diesel,volkswagen,no,4.25
34713,1000,bus,manual,128,others,150000,petrol,toyota,no,21.42
34715,7700,small car,manual,82,fiesta,70000,petrol,ford,no,7.33
34716,1150,small car,manual,60,polo,150000,petrol,volkswagen,no,20.92
34718,12900,bus,manual,86,roomster,30000,petrol,skoda,no,5.58
34719,2490,bus,manual,116,galaxy,150000,diesel,ford,no,18.67
34720,700,small car,manual,50,fiesta,150000,petrol,ford,no,19.42
34721,17880,bus,automatic,140,touran,70000,petrol,volkswagen,no,7.42
34722,1850,small car,manual,75,lupo,150000,petrol,volkswagen,no,20.83
34723,14999,bus,manual,50,transporter,90000,petrol,volkswagen,no,48.0
34726,5300,suv,automatic,165,x_trail,150000,petrol,nissan,no,12.5
34727,1900,small car,manual,101,polo,150000,diesel,volkswagen,no,15.25
34728,3950,small car,manual,68,fiesta,100000,diesel,ford,no,7.17
34730,2900,limousine,automatic,163,c_klasse,150000,petrol,mercedes_benz,no,16.25
34731,5500,cabrio,manual,135,megane,150000,petrol,renault,no,9.08
34732,550,small car,manual,55,polo,150000,petrol,volkswagen,no,24.42
34733,950,small car,manual,60,ka,150000,petrol,ford,no,19.5
34735,999,others,manual,101,3er,150000,petrol,bmw,no,20.33
34736,8500,limousine,manual,143,1er,150000,petrol,bmw,no,9.08
34739,5450,bus,manual,120,others,150000,diesel,renault,no,10.67
34740,5750,station wagon,manual,163,a4,150000,petrol,audi,no,14.42
34741,450,limousine,manual,90,carisma,150000,petrol,mitsubishi,yes,21.58
34742,3900,limousine,manual,80,fiesta,90000,petrol,ford,no,10.17
34744,1350,limousine,manual,101,vectra,150000,petrol,opel,no,20.42
34746,1490,limousine,manual,74,a4,150000,petrol,audi,no,21.0
34747,700,cabrio,automatic,136,3_reihe,150000,lpg,peugeot,yes,18.17
34748,2290,limousine,manual,105,golf,150000,petrol,volkswagen,no,17.5
34750,9300,bus,manual,95,500,80000,petrol,fiat,no,6.83
34752,2000,station wagon,manual,101,fabia,150000,diesel,skoda,no,16.67
34753,2999,station wagon,manual,90,others,150000,diesel,ford,no,15.75
34756,4650,limousine,automatic,105,astra,90000,petrol,opel,no,14.75
34757,3990,bus,manual,82,vivaro,125000,diesel,opel,no,14.83
34758,15000,limousine,manual,95,focus,10000,diesel,ford,no,4.0
34759,6500,limousine,manual,116,a_klasse,40000,petrol,mercedes_benz,no,8.83
34762,5500,coupe,automatic,193,clk,150000,petrol,mercedes_benz,no,19.75
34763,13450,station wagon,manual,160,astra,70000,diesel,opel,no,7.58
34764,26400,cabrio,manual,160,eos,20000,petrol,volkswagen,no,3.17
34765,9000,limousine,manual,163,a4,125000,petrol,audi,no,14.75
34766,5850,cabrio,manual,125,others,150000,petrol,audi,no,18.58
34767,6780,station wagon,automatic,140,passat,150000,diesel,volkswagen,no,9.17
34769,8999,station wagon,manual,140,octavia,150000,diesel,skoda,no,7.5
34770,5700,cabrio,manual,116,z_reihe,150000,petrol,bmw,no,22.0
34771,3400,limousine,automatic,179,a6,150000,diesel,audi,no,15.42
34772,1950,small car,manual,125,a3,150000,petrol,audi,no,19.5
34773,5250,bus,manual,136,touran,150000,diesel,volkswagen,no,14.75
34774,24500,cabrio,manual,211,beetle,30000,petrol,volkswagen,no,4.17
34775,16800,station wagon,manual,140,passat,90000,diesel,volkswagen,no,8.83
34779,6900,station wagon,manual,129,3er,150000,petrol,bmw,no,11.42
34780,7777,bus,manual,147,verso,150000,petrol,toyota,yes,9.67
34781,550,small car,manual,52,twingo,150000,petrol,renault,yes,21.25
34782,2990,station wagon,manual,150,passat,150000,petrol,volkswagen,no,19.17
34783,7300,limousine,manual,105,golf,100000,diesel,volkswagen,no,12.83
34785,7350,station wagon,manual,184,a4,150000,diesel,audi,no,12.83
34789,7500,small car,manual,75,up,30000,petrol,volkswagen,yes,6.08
34793,5780,limousine,manual,140,civic,150000,diesel,honda,no,11.08
34795,2550,bus,manual,84,panda,80000,petrol,fiat,no,17.83
34797,15500,coupe,automatic,170,cc,150000,diesel,volkswagen,no,6.67
34802,3490,station wagon,manual,101,bora,150000,petrol,volkswagen,no,18.33
34803,16700,limousine,manual,122,a_klasse,30000,petrol,mercedes_benz,no,7.0
34804,3499,cabrio,manual,136,2_reihe,125000,petrol,peugeot,no,13.42
34805,95000,cabrio,manual,250,911,150000,petrol,porsche,no,25.42
34806,1699,limousine,manual,115,80,5000,petrol,audi,no,24.0
34808,1100,limousine,manual,75,astra,100000,petrol,opel,yes,18.92
34809,13450,small car,manual,105,beetle,70000,petrol,volkswagen,yes,6.58
34810,6500,station wagon,manual,140,a4,150000,diesel,audi,no,13.67
34811,2200,station wagon,manual,150,passat,150000,petrol,volkswagen,no,20.17
34814,3800,cabrio,manual,95,golf,80000,petrol,volkswagen,no,37.25
34817,1500,small car,manual,90,golf,150000,petrol,volkswagen,no,22.75
34818,3999,limousine,manual,90,golf,70000,diesel,volkswagen,no,18.67
34822,8999,limousine,manual,105,a3,150000,diesel,audi,no,11.92
34823,5800,small car,manual,69,polo,50000,petrol,volkswagen,no,10.25
34827,2500,station wagon,automatic,150,3er,150000,diesel,bmw,yes,15.42
34828,2200,limousine,manual,170,3er,150000,petrol,bmw,no,21.0
34829,8300,cabrio,manual,87,others,40000,petrol,daihatsu,no,11.83
34830,3300,bus,manual,75,modus,150000,lpg,renault,no,10.75
34831,2950,limousine,manual,101,passat,70000,petrol,volkswagen,no,20.67
34832,400,small car,manual,75,ibiza,150000,petrol,seat,yes,19.75
34833,3990,cabrio,manual,135,megane,150000,petrol,renault,no,13.67
34834,4400,limousine,manual,75,colt,100000,petrol,mitsubishi,no,12.58
34835,4000,suv,automatic,163,others,150000,diesel,hyundai,yes,13.92
34837,14000,station wagon,manual,184,3er,125000,diesel,bmw,no,8.75
34841,599,small car,manual,54,clio,125000,petrol,renault,no,21.75
34842,1675,station wagon,manual,75,golf,150000,petrol,volkswagen,no,21.92
34843,19500,station wagon,manual,170,c_klasse,125000,diesel,mercedes_benz,no,6.25
34844,6200,station wagon,manual,84,logan,50000,petrol,dacia,no,8.0
34847,6700,station wagon,manual,110,passat,150000,diesel,volkswagen,no,8.67
34849,8950,bus,manual,170,touran,150000,diesel,volkswagen,no,10.5
34852,3800,bus,manual,109,vito,150000,diesel,mercedes_benz,no,14.0
34853,9990,bus,manual,105,touran,125000,diesel,volkswagen,no,9.08
34854,2690,suv,manual,124,others,150000,petrol,nissan,no,25.58
34857,13990,limousine,automatic,286,3er,150000,diesel,bmw,yes,11.25
34858,12495,suv,automatic,169,grand,125000,petrol,suzuki,no,9.92
34859,4199,limousine,automatic,110,corolla,125000,petrol,toyota,no,15.58
34860,2290,station wagon,automatic,155,a6,150000,diesel,audi,no,16.58
34864,1090,station wagon,manual,110,passat,150000,diesel,volkswagen,no,19.33
34867,3800,station wagon,manual,101,focus,125000,petrol,ford,no,12.92
34868,500,limousine,manual,101,a4,150000,petrol,audi,yes,23.5
34869,250,small car,automatic,90,astra,125000,petrol,opel,no,26.75
34871,1290,limousine,manual,75,astra,150000,petrol,opel,no,21.25
34872,27000,suv,automatic,235,x_reihe,100000,diesel,bmw,no,8.5
34874,600,small car,manual,75,twingo,150000,petrol,renault,yes,17.0
34875,3800,station wagon,manual,193,passat,150000,petrol,volkswagen,no,17.75
34876,4950,station wagon,automatic,340,a6,150000,petrol,audi,no,18.25
34878,2850,suv,manual,82,niva,90000,petrol,lada,no,9.5
34879,1800,station wagon,manual,105,golf,150000,petrol,volkswagen,no,18.0
34880,16499,suv,automatic,224,glk,150000,diesel,mercedes_benz,no,9.08
34881,14000,limousine,manual,140,golf,80000,diesel,volkswagen,no,8.25
34884,1590,limousine,manual,150,a3,150000,petrol,audi,no,20.42
34885,699,limousine,manual,75,others,150000,petrol,rover,no,22.83
34887,13250,limousine,automatic,143,a4,150000,diesel,audi,no,8.42
34888,500,small car,manual,69,golf,150000,petrol,volkswagen,yes,27.33
34889,5250,station wagon,manual,147,6_reihe,150000,petrol,mazda,no,12.67
34890,3650,small car,manual,73,c2,100000,petrol,citroen,no,13.67
34891,2299,small car,automatic,90,corsa,125000,petrol,opel,no,16.67
34892,11990,station wagon,automatic,250,vectra,125000,petrol,opel,no,11.58
34893,7888,limousine,manual,170,golf,150000,petrol,volkswagen,no,11.33
34895,14500,bus,manual,140,alhambra,70000,diesel,seat,no,8.92
34896,10500,limousine,automatic,306,7er,150000,petrol,bmw,no,13.0
34897,20900,limousine,automatic,137,c_klasse,60000,diesel,mercedes_benz,no,8.0
34899,1000,limousine,manual,70,80,150000,petrol,audi,no,25.0
34900,400,limousine,manual,99,3er,150000,petrol,bmw,no,27.92
34901,5400,small car,manual,139,clio,125000,petrol,renault,no,11.25
34902,11600,small car,manual,110,juke,60000,diesel,nissan,no,6.67
34903,1299,small car,manual,50,lupo,150000,petrol,volkswagen,no,17.08
34907,1400,small car,manual,75,2_reihe,150000,petrol,peugeot,no,18.92
34909,3150,cabrio,manual,90,tigra,150000,petrol,opel,no,13.08
34912,444,limousine,manual,60,golf,150000,petrol,volkswagen,no,20.08
34913,5900,limousine,manual,150,e_klasse,150000,diesel,mercedes_benz,no,14.25
34914,12350,suv,manual,140,tiguan,90000,diesel,volkswagen,no,10.67
34915,8490,limousine,manual,150,3er,90000,petrol,bmw,no,12.75
34916,3790,station wagon,manual,101,astra,150000,diesel,opel,no,13.33
34917,5015,limousine,manual,122,3er,150000,diesel,bmw,no,12.42
34918,15990,limousine,automatic,231,5er,150000,diesel,bmw,no,12.5
34919,6000,station wagon,manual,90,others,100000,petrol,ford,no,34.25
34920,5690,cabrio,manual,150,2_reihe,100000,petrol,peugeot,no,10.58
34922,350,small car,manual,54,twingo,100000,petrol,renault,yes,19.0
34923,1200,limousine,manual,75,civic,150000,petrol,honda,no,20.5
34924,14000,station wagon,automatic,344,others,150000,petrol,audi,no,13.92
34925,13900,limousine,manual,95,others,60000,petrol,mercedes_benz,no,44.33
34926,29900,limousine,automatic,265,cl,150000,diesel,mercedes_benz,no,7.92
34927,8500,limousine,automatic,231,5er,150000,diesel,bmw,no,12.42
34928,9300,bus,manual,116,vito,100000,diesel,mercedes_benz,no,9.17
34929,6500,station wagon,manual,131,megane,150000,diesel,renault,no,5.08
34931,3600,cabrio,manual,140,mx_reihe,150000,petrol,mazda,no,19.58
34933,29900,bus,manual,114,transporter,40000,diesel,volkswagen,no,5.92
34935,7000,others,manual,102,transporter,150000,diesel,volkswagen,yes,11.0
34937,1500,small car,manual,60,c2,125000,petrol,citroen,no,15.83
34938,7400,limousine,manual,140,golf,125000,diesel,volkswagen,no,8.42
34939,10500,bus,manual,150,viano,150000,diesel,mercedes_benz,no,9.5
34943,1400,limousine,manual,125,a4,150000,petrol,audi,yes,22.92
34944,8950,limousine,automatic,224,phaeton,150000,diesel,volkswagen,no,12.33
34945,12500,limousine,automatic,185,e_klasse,90000,diesel,mercedes_benz,yes,9.42
34946,3990,limousine,manual,116,c_klasse,125000,diesel,mercedes_benz,no,16.33
34949,3500,station wagon,manual,131,passat,150000,diesel,volkswagen,no,16.5
34950,850,others,manual,64,caddy,150000,diesel,volkswagen,no,19.0
34951,18900,station wagon,automatic,190,a6,125000,diesel,audi,yes,8.58
34954,4100,limousine,manual,140,golf,150000,diesel,volkswagen,no,12.42
34955,1399,small car,manual,75,lupo,150000,petrol,volkswagen,no,19.08
34957,11700,station wagon,manual,177,3er,150000,diesel,bmw,no,9.5
34958,2000,small car,manual,65,astra,40000,petrol,opel,no,16.83
34960,350,small car,manual,55,seicento,150000,petrol,fiat,yes,19.5
34961,1199,small car,manual,75,twingo,150000,petrol,renault,no,17.58
34962,4800,cabrio,manual,118,z_reihe,150000,petrol,bmw,no,16.25
34963,9790,station wagon,automatic,136,c_klasse,150000,diesel,mercedes_benz,no,12.0
34965,20880,station wagon,automatic,163,5_reihe,80000,hybrid,peugeot,no,6.75
34966,1192,small car,manual,58,corsa,150000,petrol,opel,no,16.17
34967,17500,coupe,manual,306,3er,150000,petrol,bmw,no,12.83
34970,14999,limousine,manual,140,a3,90000,diesel,audi,no,10.5
34971,3199,station wagon,manual,101,golf,100000,petrol,volkswagen,no,19.92
34972,4250,limousine,manual,170,passat,125000,petrol,volkswagen,no,16.67
34974,4250,small car,manual,76,twingo,100000,petrol,renault,no,9.83
34975,7450,cabrio,automatic,163,slk,150000,petrol,mercedes_benz,no,17.08
34976,1850,cabrio,manual,110,2_reihe,150000,petrol,peugeot,no,15.67
34977,13500,limousine,automatic,306,3er,125000,petrol,bmw,no,11.83
34978,4899,station wagon,manual,150,signum,150000,diesel,opel,no,10.25
34979,2200,suv,manual,105,others,150000,petrol,honda,no,18.67
34980,1190,small car,automatic,75,kangoo,150000,cng,renault,no,19.42
34982,2199,small car,manual,101,others,150000,petrol,hyundai,no,16.75
34983,220,limousine,automatic,136,80,150000,petrol,audi,no,24.67
34985,650,limousine,automatic,180,omega,150000,lpg,opel,yes,20.17
34986,6588,limousine,manual,90,one,80000,petrol,mini,no,13.92
34987,31900,bus,manual,136,vito,20000,diesel,mercedes_benz,no,3.75
34989,4799,limousine,manual,150,3er,150000,diesel,bmw,no,14.17
34990,4780,small car,automatic,61,fortwo,60000,petrol,smart,no,6.17
34991,13400,cabrio,manual,122,eos,50000,petrol,volkswagen,no,10.75
34992,19990,cabrio,manual,204,z_reihe,90000,petrol,bmw,no,8.25
34994,2200,station wagon,manual,131,passat,150000,diesel,volkswagen,no,16.25
34996,3700,small car,manual,92,swift,90000,petrol,suzuki,yes,10.25
34997,5490,limousine,manual,140,a_klasse,150000,diesel,mercedes_benz,no,13.17
34999,12950,cabrio,automatic,163,slk,80000,petrol,mercedes_benz,no,12.92
35005,22100,limousine,manual,150,a3,30000,diesel,audi,no,5.67
35006,1450,small car,manual,75,others,150000,petrol,citroen,yes,19.42
35007,1690,limousine,automatic,150,3er,125000,petrol,bmw,no,22.5
35008,2500,station wagon,automatic,230,a6,150000,petrol,audi,no,19.5
35009,13500,cabrio,manual,163,slk,80000,petrol,mercedes_benz,no,11.67
35010,3500,limousine,automatic,101,passat,150000,petrol,volkswagen,no,20.25
35011,8999,station wagon,manual,105,superb,150000,diesel,skoda,no,7.5
35013,600,limousine,manual,140,others,150000,petrol,mazda,yes,20.67
35014,9950,station wagon,manual,120,cooper,80000,petrol,mini,no,10.92
35015,13700,station wagon,automatic,140,passat,150000,diesel,volkswagen,no,7.83
35016,8900,small car,automatic,84,fortwo,5000,petrol,smart,no,4.83
35019,1100,small car,manual,69,2_reihe,150000,diesel,peugeot,no,18.92
35020,1200,small car,manual,58,twingo,150000,petrol,renault,no,17.08
35021,6500,coupe,manual,102,3er,100000,petrol,bmw,no,21.67
35022,1650,station wagon,automatic,150,passat,150000,petrol,volkswagen,no,20.0
35024,11399,station wagon,manual,140,passat,125000,diesel,volkswagen,no,7.5
35025,8000,station wagon,manual,109,i_reihe,40000,petrol,hyundai,no,7.25
35026,650,limousine,automatic,235,7er,150000,petrol,bmw,no,23.0
35027,1100,small car,manual,60,polo,125000,petrol,volkswagen,no,21.92
35028,21899,cabrio,automatic,258,6er,150000,petrol,bmw,no,11.67
35030,43500,limousine,automatic,184,x_reihe,5000,petrol,bmw,no,2.25
35031,2900,station wagon,manual,163,a6,150000,diesel,audi,no,16.92
35033,3890,others,manual,109,sprinter,150000,diesel,mercedes_benz,no,16.5
35035,8250,small car,manual,69,punto,50000,petrol,fiat,no,4.25
35036,2990,limousine,automatic,170,5er,150000,petrol,bmw,no,21.08
35037,700,limousine,manual,90,a_klasse,150000,diesel,mercedes_benz,no,21.0
35038,4650,station wagon,automatic,143,e_klasse,150000,diesel,mercedes_benz,no,17.92
35039,19000,suv,automatic,170,q5,125000,diesel,audi,no,9.58
35043,7700,station wagon,manual,94,combo,70000,cng,opel,no,9.17
35044,6000,limousine,manual,129,3er,150000,petrol,bmw,no,14.0
35045,1350,station wagon,manual,116,passat,150000,petrol,volkswagen,no,24.83
35046,3000,suv,automatic,197,others,150000,petrol,ford,yes,15.75
35047,3200,bus,manual,136,others,150000,petrol,fiat,no,15.83
35048,5950,bus,manual,150,zafira,150000,diesel,opel,no,13.75
35049,6299,small car,manual,60,up,50000,petrol,volkswagen,no,6.92
35050,3250,small car,automatic,68,fusion,125000,diesel,ford,no,14.92
35052,750,limousine,manual,163,galant,150000,petrol,mitsubishi,yes,19.25
35053,12989,station wagon,manual,140,a6,150000,diesel,audi,yes,11.25
35054,990,small car,automatic,40,fortwo,150000,petrol,smart,no,19.75
35055,2500,bus,manual,192,zafira,150000,petrol,opel,no,15.17
35056,5300,station wagon,automatic,177,5er,150000,diesel,bmw,no,13.25
35057,5000,suv,manual,102,transporter,150000,diesel,volkswagen,no,16.25
35058,5990,station wagon,manual,179,a6,150000,diesel,audi,no,13.58
35059,650,small car,manual,45,polo,150000,petrol,volkswagen,no,20.42
35060,500,small car,manual,50,fiesta,150000,petrol,ford,yes,22.42
35063,500,small car,manual,68,others,150000,diesel,mazda,yes,12.25
35065,37200,coupe,manual,360,tt,50000,petrol,audi,no,5.5
35066,5900,limousine,manual,140,golf,150000,diesel,volkswagen,no,14.75
35068,1790,coupe,manual,125,others,150000,petrol,porsche,no,37.25
35069,1999,small car,manual,60,polo,150000,diesel,volkswagen,no,16.83
35070,6000,suv,automatic,180,others,150000,lpg,chevrolet,no,23.83
35072,10500,small car,manual,192,corsa,125000,petrol,opel,no,8.08
35073,3500,limousine,manual,110,a3,150000,diesel,audi,no,18.33
35077,500,station wagon,automatic,170,omega,150000,petrol,opel,yes,22.5
35079,4999,limousine,manual,129,c_klasse,80000,petrol,mercedes_benz,no,16.0
35080,3900,bus,manual,116,others,150000,diesel,toyota,no,18.0
35081,6750,cabrio,manual,135,golf,150000,petrol,volkswagen,no,27.42
35082,6150,bus,manual,120,c_max,80000,petrol,ford,no,14.17
35085,16200,limousine,automatic,232,q7,150000,diesel,audi,no,11.25
35086,6700,bus,manual,116,5_reihe,60000,petrol,mazda,no,12.17
35089,14333,coupe,automatic,160,passat,125000,petrol,volkswagen,no,8.92
35090,16900,limousine,automatic,239,q7,150000,diesel,audi,no,10.5
35092,3900,bus,manual,116,5_reihe,90000,petrol,mazda,no,13.0
35093,18990,limousine,automatic,110,golf,20000,petrol,volkswagen,no,3.25
35095,1250,station wagon,manual,125,mondeo,150000,petrol,ford,no,15.75
35096,2699,station wagon,manual,116,a6,150000,diesel,audi,no,17.08
35099,11000,limousine,automatic,329,7er,150000,diesel,bmw,no,13.0
35100,47000,limousine,automatic,190,x_reihe,10000,diesel,bmw,no,2.25
35101,2900,bus,manual,86,transit,150000,diesel,ford,no,11.42
35102,700,small car,manual,79,clio,70000,petrol,renault,no,20.42
35103,27390,cabrio,manual,256,boxster,40000,petrol,porsche,no,9.42
35106,1350,suv,manual,132,others,150000,petrol,suzuki,yes,19.17
35107,16900,limousine,manual,160,golf,150000,petrol,volkswagen,no,30.0
35108,13500,station wagon,manual,122,passat,70000,petrol,volkswagen,no,6.67
35112,999,small car,manual,75,polo,150000,petrol,volkswagen,no,18.0
35113,5700,small car,manual,77,i_reihe,70000,petrol,hyundai,no,7.17
35115,13500,limousine,automatic,122,3er,100000,petrol,bmw,no,37.5
35116,2690,small car,manual,65,micra,90000,petrol,nissan,no,15.25
35117,2990,bus,manual,109,sprinter,150000,diesel,mercedes_benz,no,17.75
35118,13499,small car,manual,110,juke,40000,diesel,nissan,no,5.67
35119,2750,limousine,manual,80,focus,150000,petrol,ford,no,13.92
35121,1599,limousine,manual,125,passat,150000,petrol,volkswagen,yes,20.17
35124,15500,limousine,manual,140,octavia,10000,petrol,skoda,no,5.17
35125,10500,limousine,automatic,160,insignia,150000,diesel,opel,no,8.83
35126,4550,station wagon,automatic,105,golf,150000,diesel,volkswagen,no,11.67
35127,4500,limousine,manual,143,3er,150000,petrol,bmw,no,16.17
35130,3290,station wagon,manual,131,a6,150000,diesel,audi,no,18.0
35131,13000,suv,manual,110,juke,50000,diesel,nissan,no,7.0
35133,2250,small car,manual,80,corsa,150000,petrol,opel,no,13.33
35134,8900,suv,manual,150,antara,150000,diesel,opel,no,11.17
35136,14000,limousine,manual,184,3er,125000,diesel,bmw,no,7.67
35138,3300,small car,manual,68,1_reihe,90000,petrol,peugeot,no,7.67
35140,3800,coupe,manual,192,3er,150000,petrol,bmw,yes,15.83
35142,29950,bus,automatic,174,transporter,150000,diesel,volkswagen,no,14.0
35143,4400,cabrio,manual,95,golf,150000,petrol,volkswagen,no,29.42
35144,4650,bus,manual,120,zafira,150000,diesel,opel,no,12.92
35146,900,station wagon,manual,90,passat,150000,petrol,volkswagen,yes,27.17
35147,5690,small car,manual,101,ibiza,125000,diesel,seat,no,10.58
35148,9000,bus,manual,115,alhambra,125000,petrol,seat,no,12.08
35149,4900,bus,manual,116,sharan,150000,diesel,volkswagen,no,15.42
35150,1000,small car,manual,69,fiesta,150000,petrol,ford,yes,15.25
35153,11750,bus,manual,102,transporter,150000,diesel,volkswagen,no,19.17
35154,6750,limousine,manual,80,golf,100000,petrol,volkswagen,no,10.83
35156,7000,limousine,manual,116,focus,90000,petrol,ford,no,9.17
35158,11000,coupe,manual,280,others,150000,petrol,nissan,no,14.5
35160,600,limousine,manual,116,6_reihe,150000,petrol,mazda,no,17.08
35162,10444,coupe,manual,160,scirocco,125000,petrol,volkswagen,no,9.58
35165,10500,station wagon,automatic,224,e_klasse,150000,diesel,mercedes_benz,no,14.0
35166,399,station wagon,manual,75,astra,125000,petrol,opel,yes,22.75
35167,999,station wagon,manual,107,laguna,150000,petrol,renault,no,19.17
35169,3500,cabrio,manual,125,astra,125000,petrol,opel,no,16.08
35170,1600,limousine,manual,136,3_reihe,150000,diesel,peugeot,no,14.25
35172,4000,limousine,automatic,140,golf,90000,diesel,volkswagen,no,10.0
35173,14800,bus,manual,110,c3,5000,petrol,citroen,no,3.75
35174,2650,limousine,manual,109,others,150000,petrol,mercedes_benz,yes,27.5
35176,5599,limousine,manual,200,golf,150000,petrol,volkswagen,no,13.0
35177,16900,station wagon,automatic,145,others,70000,diesel,renault,no,7.5
35178,700,limousine,manual,140,3er,150000,petrol,bmw,no,23.92
35183,16390,station wagon,automatic,241,c5,125000,diesel,citroen,no,7.08
35186,3000,bus,automatic,150,zafira,150000,diesel,opel,no,12.92
35188,6899,limousine,automatic,163,1er,150000,diesel,bmw,no,14.0
35190,10900,limousine,manual,122,1er,60000,petrol,bmw,no,9.5
35191,11995,limousine,manual,141,qashqai,100000,petrol,nissan,no,8.83
35192,7950,limousine,manual,150,3er,150000,petrol,bmw,no,13.67
35193,599,limousine,manual,133,stilo,150000,petrol,fiat,no,16.67
35195,1500,station wagon,manual,150,vectra,150000,diesel,opel,yes,14.25
35196,1690,small car,manual,75,clio,150000,petrol,renault,no,15.08
35197,12500,cabrio,automatic,231,z_reihe,70000,petrol,bmw,no,14.58
35198,5950,limousine,manual,102,a4,100000,petrol,audi,yes,11.92
35200,5865,limousine,manual,122,1er,150000,diesel,bmw,yes,12.92
35201,5700,bus,manual,131,sharan,150000,diesel,volkswagen,no,13.33
35202,11500,cabrio,automatic,231,sl,150000,petrol,mercedes_benz,no,23.42
35203,8990,small car,manual,92,c3,30000,diesel,citroen,no,4.25
35204,6200,limousine,manual,140,a3,150000,diesel,audi,no,13.75
35205,200,station wagon,manual,75,3_reihe,150000,petrol,peugeot,no,21.17
35206,8990,small car,manual,69,500,70000,petrol,fiat,no,8.5
35207,5800,limousine,automatic,326,7er,150000,petrol,bmw,yes,18.25
35208,1790,limousine,manual,90,golf,150000,petrol,volkswagen,no,28.42
35209,2800,station wagon,manual,155,vectra,150000,petrol,opel,no,14.17
35210,450,small car,manual,109,2_reihe,150000,petrol,peugeot,no,17.5
35212,23900,limousine,automatic,204,5er,70000,petrol,bmw,no,8.42
35214,399,station wagon,manual,90,mondeo,150000,petrol,ford,no,21.0
35215,3900,cabrio,manual,116,3er,150000,petrol,bmw,no,20.58
35218,2949,coupe,automatic,150,3er,150000,petrol,bmw,no,26.75
35219,2300,small car,manual,54,fox,150000,petrol,volkswagen,no,13.33
35220,2999,bus,manual,75,modus,125000,petrol,renault,no,13.83
35221,5000,bus,automatic,140,touran,150000,diesel,volkswagen,no,11.08
35222,4700,limousine,manual,116,golf,150000,petrol,volkswagen,no,12.75
35225,4400,limousine,automatic,95,colt,100000,lpg,mitsubishi,no,10.5
35226,550,limousine,manual,73,r19,150000,petrol,renault,no,27.42
35231,1950,small car,manual,75,golf,150000,petrol,volkswagen,no,17.5
35232,17850,small car,manual,122,a1,20000,petrol,audi,no,3.17
35234,8900,limousine,manual,105,a3,150000,diesel,audi,no,10.83
35235,5700,station wagon,manual,150,astra,150000,diesel,opel,no,12.0
35236,5999,limousine,manual,231,3er,150000,petrol,bmw,no,17.83
35237,3990,coupe,automatic,333,6er,150000,petrol,bmw,yes,12.83
35243,3500,cabrio,manual,95,golf,150000,petrol,volkswagen,no,29.25
35244,600,limousine,manual,75,others,150000,petrol,hyundai,yes,16.42
35246,1100,limousine,manual,120,147,150000,petrol,alfa_romeo,no,17.75
35249,4500,cabrio,manual,90,golf,150000,petrol,volkswagen,no,27.5
35251,16450,limousine,automatic,136,i_reihe,50000,diesel,hyundai,no,6.75
35253,2500,bus,manual,68,transporter,150000,diesel,volkswagen,no,19.17
35254,5400,coupe,manual,192,3er,150000,petrol,bmw,no,17.25
35256,6250,station wagon,manual,102,a3,150000,petrol,audi,no,13.75
35257,1999,limousine,manual,105,golf,150000,petrol,volkswagen,no,17.33
35258,8400,coupe,manual,231,3er,150000,petrol,bmw,no,16.92
35262,5300,station wagon,automatic,193,5er,150000,diesel,bmw,no,15.25
35263,13500,cabrio,manual,160,a3,70000,petrol,audi,no,9.83
35264,14000,suv,automatic,239,q7,60000,diesel,audi,no,9.92
35265,3650,coupe,manual,163,c_klasse,150000,petrol,mercedes_benz,no,17.42
35266,1449,small car,manual,75,twingo,150000,petrol,renault,no,17.67
35267,7999,station wagon,manual,163,a4,125000,petrol,audi,no,12.58
35268,2600,small car,manual,75,corsa,70000,petrol,opel,no,14.75
35269,1650,station wagon,manual,102,a4,150000,petrol,audi,no,19.17
35271,600,others,manual,60,caddy,125000,petrol,volkswagen,no,21.67
35272,600,small car,manual,54,polo,150000,petrol,volkswagen,yes,13.08
35273,29000,cabrio,automatic,306,3er,90000,petrol,bmw,no,9.5
35274,2799,bus,manual,101,others,150000,petrol,mazda,no,14.75
35275,4600,limousine,automatic,122,others,150000,petrol,mercedes_benz,no,27.92
35276,14600,coupe,manual,177,1er,125000,diesel,bmw,no,9.42
35277,250,small car,manual,60,punto,150000,petrol,fiat,yes,21.67
35279,8250,station wagon,automatic,232,a6,150000,diesel,audi,no,13.0
35280,5100,limousine,automatic,131,a4,150000,petrol,audi,no,13.08
35281,18900,limousine,automatic,140,golf,70000,diesel,volkswagen,no,6.67
35282,7850,limousine,manual,224,leon,150000,petrol,seat,no,14.42
35283,8300,station wagon,automatic,163,3er,150000,diesel,bmw,no,12.5
35284,4500,small car,manual,68,aygo,50000,petrol,toyota,no,8.67
35286,2100,station wagon,manual,82,others,150000,diesel,renault,no,14.42
35287,6590,station wagon,manual,224,a6,150000,diesel,audi,no,12.08
35288,6700,cabrio,manual,150,2_reihe,125000,petrol,peugeot,no,12.0
35290,1100,limousine,manual,116,others,150000,petrol,volvo,no,21.08
35292,2900,small car,automatic,61,fortwo,80000,petrol,smart,no,13.0
35293,1600,limousine,automatic,185,s_klasse,150000,petrol,mercedes_benz,yes,39.0
35295,900,small car,manual,103,others,150000,petrol,rover,no,18.42
35296,13900,bus,manual,110,others,40000,diesel,nissan,no,6.75
35301,13495,suv,manual,136,i_reihe,100000,diesel,hyundai,no,7.42
35302,23450,coupe,automatic,140,cc,60000,diesel,volkswagen,no,5.33
35305,2190,small car,manual,60,others,40000,petrol,citroen,no,15.5
35307,1600,small car,manual,50,polo,150000,petrol,volkswagen,no,17.17
35310,3650,small car,manual,88,2_reihe,150000,petrol,peugeot,no,12.75
35311,1850,station wagon,manual,75,focus,150000,petrol,ford,no,15.25
35312,2199,small car,manual,101,polo,150000,petrol,volkswagen,no,17.0
35313,1599,small car,manual,50,lupo,150000,petrol,volkswagen,no,17.0
35314,1590,limousine,manual,170,3er,150000,petrol,bmw,no,23.33
35315,2900,small car,manual,60,2_reihe,90000,petrol,peugeot,no,15.0
35316,2200,station wagon,manual,116,bora,150000,diesel,volkswagen,no,19.42
35320,8790,station wagon,manual,116,a3,150000,petrol,audi,no,12.58
35322,1100,station wagon,manual,90,focus,30000,diesel,ford,no,19.92
35324,15199,small car,manual,90,polo,40000,diesel,volkswagen,no,4.67
35325,5500,coupe,automatic,163,1er,150000,diesel,bmw,no,13.83
35328,400,limousine,manual,102,3er,150000,petrol,bmw,yes,21.0
35329,33800,limousine,automatic,258,5er,100000,diesel,bmw,no,6.42
35330,2300,small car,manual,64,ibiza,150000,petrol,seat,no,15.25
35332,4200,limousine,manual,102,golf,125000,petrol,volkswagen,no,11.58
35333,1500,limousine,manual,150,leon,150000,diesel,seat,yes,16.25
35334,3900,station wagon,manual,140,a3,150000,diesel,audi,yes,13.33
35335,19950,limousine,automatic,150,golf,30000,diesel,volkswagen,no,6.92
35336,1250,coupe,manual,102,3er,150000,petrol,bmw,no,22.33
35337,4500,cabrio,manual,150,spider,125000,petrol,alfa_romeo,no,17.58
35338,2500,station wagon,automatic,211,omega,150000,petrol,opel,no,20.0
35339,2700,coupe,manual,143,c_klasse,150000,diesel,mercedes_benz,no,16.17
35340,2700,small car,manual,75,fabia,150000,diesel,skoda,no,13.33
35342,1000,station wagon,automatic,113,laguna,150000,petrol,renault,no,20.75
35343,16500,limousine,manual,122,golf,40000,petrol,volkswagen,no,5.08
35344,3350,bus,manual,120,zafira,150000,diesel,opel,no,13.0
35345,1300,small car,manual,69,ka,125000,petrol,ford,no,13.75
35346,1999,limousine,manual,101,focus,125000,petrol,ford,no,13.17
35348,3300,limousine,automatic,113,e_klasse,150000,diesel,mercedes_benz,no,23.08
35349,10800,coupe,manual,300,911,125000,petrol,porsche,yes,17.42
35350,5950,station wagon,manual,131,a6,150000,diesel,audi,no,13.5
35351,9250,limousine,automatic,222,phaeton,150000,diesel,volkswagen,no,13.17
35352,1299,limousine,manual,131,mondeo,150000,diesel,ford,no,15.92
35353,10500,station wagon,manual,170,a3,150000,diesel,audi,no,10.83
35355,13495,limousine,manual,143,3er,70000,petrol,bmw,no,8.42
35356,24900,cabrio,automatic,239,boxster,60000,petrol,porsche,no,13.75
35359,6000,small car,manual,69,ka,70000,petrol,ford,no,7.0
35360,2250,small car,manual,80,fiesta,150000,petrol,ford,no,14.83
35361,5900,station wagon,manual,218,5er,150000,diesel,bmw,no,14.67
35362,1950,small car,manual,75,a2,150000,diesel,audi,no,17.58
35364,900,bus,manual,107,scenic,150000,lpg,renault,yes,16.58
35365,800,limousine,manual,150,golf,150000,petrol,volkswagen,no,20.42
35366,1000,station wagon,manual,105,focus,150000,diesel,ford,yes,13.0
35367,4700,small car,manual,120,others,125000,petrol,fiat,no,9.33
35368,500,station wagon,manual,116,mondeo,150000,petrol,ford,yes,23.67
35369,1200,small car,manual,60,1_reihe,150000,petrol,peugeot,no,15.08
35370,1350,coupe,manual,102,3er,125000,petrol,bmw,no,23.08
35372,2900,station wagon,automatic,132,others,150000,petrol,mercedes_benz,no,27.92
35375,2500,bus,manual,110,transporter,150000,petrol,volkswagen,no,28.0
35376,790,small car,automatic,101,astra,150000,petrol,opel,no,20.58
35377,450,limousine,manual,90,80,150000,petrol,audi,no,27.5
35378,3590,small car,manual,75,clio,80000,petrol,renault,no,12.5
35379,13900,limousine,manual,224,others,125000,petrol,audi,no,16.75
35380,7199,limousine,manual,140,a4,125000,diesel,audi,no,13.33
35383,3300,suv,manual,145,santa,125000,petrol,hyundai,no,14.0
35385,3500,limousine,manual,170,5er,150000,petrol,bmw,no,22.0
35386,1750,station wagon,manual,144,omega,150000,petrol,opel,no,20.0
35387,8000,bus,manual,116,sharan,150000,diesel,volkswagen,no,12.92
35388,7300,suv,automatic,140,tucson,150000,diesel,hyundai,no,11.33
35391,9150,small car,manual,75,corsa,40000,diesel,opel,no,4.25
35394,2990,station wagon,manual,163,c_klasse,150000,petrol,mercedes_benz,no,16.5
35395,5650,small car,manual,80,polo,150000,diesel,volkswagen,no,11.67
35396,3500,small car,manual,54,fabia,60000,petrol,skoda,no,13.5
35398,1800,bus,manual,176,sharan,150000,petrol,volkswagen,no,19.0
35400,5400,small car,manual,75,a2,100000,petrol,audi,no,15.83
35401,8500,bus,manual,105,roomster,125000,petrol,skoda,no,10.58
35403,8999,cabrio,automatic,101,roadster,70000,petrol,smart,no,12.75
35404,16900,station wagon,manual,160,insignia,80000,diesel,opel,no,5.67
35405,9999,small car,manual,109,cooper,125000,diesel,mini,no,9.5
35408,300,limousine,manual,100,passat,150000,petrol,volkswagen,yes,21.25
35409,8750,limousine,automatic,224,a8,150000,diesel,audi,no,16.75
35410,12500,bus,manual,140,touran,80000,petrol,volkswagen,no,8.25
35411,1299,limousine,manual,150,100,150000,petrol,audi,no,25.0
35412,16500,bus,manual,175,galaxy,125000,diesel,ford,no,8.83
35413,1100,small car,manual,101,golf,150000,petrol,volkswagen,no,20.08
35415,9788,station wagon,automatic,163,c_klasse,90000,petrol,mercedes_benz,no,11.08
35416,5299,small car,manual,75,twingo,90000,diesel,renault,no,7.5
35419,23500,limousine,automatic,143,3er,90000,diesel,bmw,no,6.5
35420,14500,limousine,manual,265,others,150000,petrol,audi,no,11.08
35421,14700,suv,automatic,224,touareg,150000,diesel,volkswagen,no,12.08
35422,1500,limousine,manual,90,golf,150000,petrol,volkswagen,no,29.5
35423,1150,small car,manual,50,arosa,150000,petrol,seat,no,17.67
35424,1350,small car,manual,61,fortwo,100000,petrol,smart,no,15.58
35426,7500,limousine,manual,70,corsa,40000,petrol,opel,no,6.33
35427,400,limousine,manual,83,colt,150000,petrol,mitsubishi,no,24.33
35428,7700,station wagon,manual,179,a6,150000,diesel,audi,no,12.08
35429,5590,small car,manual,69,500,50000,petrol,fiat,no,9.42
35430,3100,bus,manual,101,meriva,150000,petrol,opel,no,12.08
35431,4800,small car,manual,95,fiesta,150000,diesel,ford,yes,8.67
35432,1250,small car,manual,60,twingo,125000,petrol,renault,no,18.92
35434,400,small car,manual,54,others,150000,petrol,citroen,no,20.08
35435,600,small car,manual,55,micra,150000,petrol,nissan,no,19.5
35436,12999,bus,manual,102,caddy,125000,diesel,volkswagen,no,7.33
35437,22450,suv,automatic,306,m_klasse,150000,diesel,mercedes_benz,no,10.33
35438,16500,station wagon,automatic,170,octavia,150000,diesel,skoda,no,6.08
35439,850,limousine,manual,68,golf,150000,diesel,volkswagen,yes,19.5
35440,4500,limousine,manual,140,octavia,150000,diesel,skoda,no,14.58
35441,16450,station wagon,manual,239,a4,150000,diesel,audi,no,10.58
35442,13900,cabrio,automatic,218,3er,125000,petrol,bmw,no,11.58
35445,600,station wagon,manual,125,passat,150000,petrol,volkswagen,yes,20.08
35446,1000,small car,manual,72,others,5000,petrol,peugeot,no,20.0
35448,8500,coupe,manual,241,others,70000,petrol,chevrolet,no,30.58
35449,4600,limousine,manual,105,golf,150000,diesel,volkswagen,no,12.0
35451,6480,limousine,manual,80,golf,90000,petrol,volkswagen,no,9.92
35452,17250,limousine,manual,218,5er,70000,petrol,bmw,no,12.25
35454,5990,coupe,manual,80,golf,70000,petrol,volkswagen,no,9.83
35455,1200,small car,manual,60,1_reihe,125000,petrol,peugeot,no,20.42
35456,8990,limousine,automatic,476,e_klasse,150000,petrol,mercedes_benz,no,15.0
35457,900,coupe,manual,136,calibra,150000,petrol,opel,no,23.0
35458,6300,station wagon,automatic,256,a6,150000,petrol,audi,yes,13.58
35462,3100,small car,manual,64,polo,125000,petrol,volkswagen,no,14.0
35463,20590,limousine,automatic,105,a3,50000,diesel,audi,no,6.83
35464,299,small car,manual,60,polo,150000,petrol,volkswagen,no,22.42
35465,2990,station wagon,manual,75,golf,150000,petrol,volkswagen,no,15.5
35466,10500,limousine,manual,140,astra,70000,petrol,opel,no,6.75
35467,1700,small car,automatic,125,zafira,150000,petrol,opel,no,15.42
35468,650,limousine,automatic,90,civic,150000,petrol,honda,no,19.0
35469,8750,suv,automatic,150,rav,80000,petrol,toyota,no,14.92
35470,23490,limousine,automatic,140,a3,60000,petrol,audi,no,5.75
35471,9200,station wagon,manual,170,e_klasse,150000,diesel,mercedes_benz,no,12.75
35472,2450,limousine,manual,105,others,150000,petrol,mercedes_benz,no,28.17
35474,5500,limousine,manual,150,3er,150000,petrol,bmw,no,13.33
35475,2750,limousine,manual,101,focus,125000,diesel,ford,no,14.17
35476,2499,limousine,manual,117,others,125000,petrol,rover,no,13.83
35477,1490,small car,manual,75,focus,150000,petrol,ford,no,17.75
35481,5250,small car,manual,80,micra,70000,petrol,nissan,yes,7.75
35482,1100,small car,manual,60,corsa,150000,petrol,opel,no,14.67
35485,1111,suv,manual,83,others,150000,petrol,suzuki,no,17.33
35486,14498,station wagon,manual,170,c_klasse,150000,diesel,mercedes_benz,no,9.33
35487,5500,limousine,automatic,245,s_klasse,150000,petrol,mercedes_benz,no,15.17
35488,899,limousine,manual,75,leon,150000,petrol,seat,no,18.67
35489,3500,small car,manual,61,fortwo,70000,petrol,smart,no,9.08
35490,590,limousine,automatic,85,lancer,150000,petrol,mitsubishi,no,30.58
35492,17500,coupe,automatic,286,3er,150000,diesel,bmw,no,11.33
35494,16400,cabrio,manual,143,1er,80000,petrol,bmw,no,7.08
35497,11000,station wagon,automatic,224,a6,150000,diesel,audi,no,13.33
35499,1600,bus,manual,87,meriva,125000,petrol,opel,yes,14.25
35501,9600,station wagon,manual,90,i_reihe,60000,diesel,hyundai,no,9.0
35502,2699,cabrio,manual,101,astra,150000,petrol,opel,no,17.33
35503,3000,bus,manual,120,zafira,150000,diesel,opel,no,13.58
35504,2990,cabrio,manual,116,golf,150000,petrol,volkswagen,no,17.58
35505,3999,cabrio,manual,110,mx_reihe,100000,petrol,mazda,no,17.42
35506,549,limousine,automatic,177,others,150000,petrol,rover,yes,20.92
35509,1100,limousine,manual,109,others,150000,lpg,mercedes_benz,no,25.42
35510,16700,limousine,automatic,170,others,150000,diesel,mercedes_benz,no,8.0
35512,850,limousine,manual,60,polo,150000,petrol,volkswagen,no,21.83
35514,22900,suv,manual,197,santa,70000,diesel,hyundai,no,7.42
35516,5900,station wagon,manual,136,focus,150000,diesel,ford,no,12.58
35517,6800,station wagon,manual,131,a4,150000,petrol,audi,no,13.67
35519,4500,limousine,automatic,192,5er,150000,petrol,bmw,no,17.25
35522,14999,small car,manual,192,corsa,40000,petrol,opel,no,5.33
35523,6900,limousine,automatic,252,others,150000,petrol,mercedes_benz,no,29.33
35525,16800,suv,manual,140,tiguan,125000,diesel,volkswagen,no,8.0
35526,16900,bus,manual,109,sprinter,150000,diesel,mercedes_benz,no,7.33
35527,2100,limousine,manual,101,golf,150000,petrol,volkswagen,no,20.92
35528,28750,suv,manual,175,cx_reihe,20000,diesel,mazda,no,3.42
35529,1400,station wagon,manual,101,golf,150000,petrol,volkswagen,no,22.0
35531,5500,suv,automatic,313,touareg,150000,diesel,volkswagen,no,15.5
35534,15000,suv,manual,136,i_reihe,60000,diesel,hyundai,no,7.0
35535,1400,limousine,manual,102,3er,150000,petrol,bmw,no,21.0
35537,6299,cabrio,automatic,71,forfour,50000,petrol,smart,no,9.58
35538,15888,station wagon,automatic,184,5er,150000,diesel,bmw,no,7.25
35539,350,small car,manual,54,polo,150000,petrol,volkswagen,no,27.08
35540,15200,limousine,automatic,272,5er,125000,petrol,bmw,no,11.33
35541,7100,limousine,manual,143,1er,150000,diesel,bmw,no,11.75
35542,1000,limousine,manual,156,others,150000,petrol,alfa_romeo,yes,25.08
35543,1860,small car,manual,68,fiesta,150000,diesel,ford,no,15.92
35545,2800,limousine,automatic,150,e_klasse,150000,diesel,mercedes_benz,no,16.58
35546,2450,limousine,manual,109,3_reihe,150000,petrol,peugeot,no,16.92
35547,8999,suv,manual,204,x_reihe,150000,diesel,bmw,no,13.25
35548,899,small car,manual,60,polo,150000,petrol,volkswagen,no,19.5
35549,3750,small car,manual,60,c2,90000,petrol,citroen,no,11.08
35550,2590,limousine,manual,163,5er,150000,diesel,bmw,no,16.42
35551,600,limousine,manual,150,c_klasse,150000,petrol,mercedes_benz,yes,24.33
35552,2200,limousine,manual,170,e_klasse,150000,petrol,mercedes_benz,no,20.58
35555,1100,small car,manual,54,500,100000,petrol,fiat,no,23.33
35556,11999,suv,manual,218,x_reihe,150000,diesel,bmw,no,13.75
35557,2400,station wagon,manual,165,v70,150000,petrol,volvo,no,21.0
35558,1600,coupe,manual,131,others,150000,petrol,fiat,no,21.08
35559,5450,coupe,manual,170,3er,20000,lpg,bmw,no,16.83
35560,2800,cabrio,manual,110,mx_reihe,150000,petrol,mazda,yes,19.0
35562,9450,limousine,automatic,224,a6,150000,diesel,audi,no,13.58
35563,2899,small car,manual,69,fiesta,150000,petrol,ford,no,13.25
35565,7299,bus,manual,175,s_max,150000,diesel,ford,no,10.92
35566,1799,small car,manual,58,cuore,150000,petrol,daihatsu,no,12.67
35567,13800,station wagon,manual,170,5er,125000,petrol,bmw,no,9.58
35570,3199,bus,manual,120,others,150000,diesel,peugeot,no,13.0
35571,7900,bus,manual,69,transporter,150000,diesel,volkswagen,yes,28.5
35574,7150,limousine,manual,105,golf,150000,diesel,volkswagen,no,11.5
35575,2990,station wagon,manual,110,corolla,150000,petrol,toyota,no,14.67
35577,8700,bus,manual,131,transporter,150000,diesel,volkswagen,no,12.92
35580,1950,station wagon,automatic,170,e_klasse,150000,petrol,mercedes_benz,no,18.67
35581,3500,bus,manual,101,touran,150000,diesel,volkswagen,yes,14.08
35582,4300,small car,manual,75,corsa,150000,diesel,opel,no,10.42
35584,950,limousine,manual,90,almera,150000,petrol,nissan,no,18.83
35585,5300,small car,manual,163,cooper,150000,petrol,mini,no,15.83
35587,16400,suv,automatic,150,x_reihe,60000,petrol,bmw,no,9.0
35589,33996,coupe,manual,320,911,150000,petrol,porsche,no,15.75
35590,800,small car,manual,60,polo,150000,petrol,volkswagen,no,21.42
35592,12000,station wagon,manual,105,golf,125000,diesel,volkswagen,no,5.5
35593,500,small car,manual,60,corsa,150000,petrol,opel,no,20.42
35594,7950,station wagon,manual,140,passat,150000,diesel,volkswagen,no,12.83
35595,6200,suv,automatic,313,touareg,150000,diesel,volkswagen,no,13.42
35596,3850,bus,manual,140,altea,150000,diesel,seat,no,13.17
35598,5300,small car,manual,60,polo,90000,petrol,volkswagen,no,9.42
35600,13900,bus,manual,140,caddy,90000,diesel,volkswagen,no,9.42
35602,599,limousine,automatic,90,megane,150000,petrol,renault,no,22.92
35603,1850,limousine,manual,82,a_klasse,150000,petrol,mercedes_benz,no,18.67
35607,850,small car,manual,58,twingo,150000,petrol,renault,no,18.5
35610,1200,station wagon,manual,110,others,125000,petrol,suzuki,no,13.67
35611,800,small car,manual,54,corsa,150000,petrol,opel,no,20.33
35613,11750,limousine,manual,143,3er,100000,petrol,bmw,no,10.58
35614,1250,small car,manual,54,corsa,150000,petrol,opel,no,19.75
35616,13500,limousine,manual,145,c_reihe,50000,petrol,volvo,no,7.08
35618,17900,suv,automatic,190,range_rover_sport,150000,diesel,land_rover,no,12.83
35619,1699,small car,manual,75,polo,150000,petrol,volkswagen,no,19.67
35622,1899,bus,manual,65,doblo,150000,petrol,fiat,no,15.42
35624,6500,cabrio,automatic,163,slk,125000,petrol,mercedes_benz,no,18.42
35628,5990,bus,automatic,102,transporter,150000,diesel,volkswagen,no,20.5
35629,800,small car,manual,60,punto,150000,petrol,fiat,no,18.42
35630,10500,bus,manual,102,transporter,100000,diesel,volkswagen,no,9.67
35631,1050,small car,manual,75,2_reihe,150000,petrol,peugeot,no,19.92
35632,3550,station wagon,manual,110,focus,150000,diesel,ford,no,11.25
35635,2190,coupe,manual,185,others,150000,petrol,honda,no,21.75
35637,7800,station wagon,manual,140,a3,150000,diesel,audi,no,12.75
35638,2450,limousine,manual,116,a4,150000,diesel,audi,no,18.58
35639,1190,small car,manual,58,twingo,150000,petrol,renault,no,14.08
35640,2400,cabrio,manual,116,3er,150000,petrol,bmw,no,20.5
35641,5450,small car,manual,140,a3,150000,diesel,audi,no,15.0
35642,3390,cabrio,automatic,61,fortwo,60000,petrol,smart,no,16.0
35643,6000,coupe,automatic,163,clk,150000,petrol,mercedes_benz,no,16.83
35645,16000,limousine,manual,179,q5,150000,petrol,audi,no,8.92
35648,13499,small car,automatic,102,fortwo,30000,petrol,smart,no,7.0
35650,31600,limousine,automatic,272,e_klasse,60000,petrol,mercedes_benz,no,6.58
35652,4100,coupe,automatic,145,c_klasse,150000,diesel,mercedes_benz,no,16.75
35654,17000,coupe,manual,315,3er,100000,petrol,bmw,no,10.0
35655,8299,bus,manual,140,s_max,150000,diesel,ford,yes,11.08
35656,2000,coupe,manual,140,others,150000,petrol,hyundai,no,17.08
35657,2399,small car,manual,60,lupo,150000,petrol,volkswagen,no,15.25
35659,10100,limousine,manual,136,c_klasse,150000,diesel,mercedes_benz,no,9.33
35660,2550,limousine,manual,109,3_reihe,150000,petrol,peugeot,no,15.5
35662,1800,small car,manual,58,others,90000,petrol,hyundai,no,13.25
35663,4390,limousine,manual,143,3er,90000,petrol,bmw,no,15.92
35666,3700,small car,manual,67,matiz,70000,petrol,chevrolet,no,9.67
35667,1000,limousine,manual,75,golf,150000,petrol,volkswagen,no,21.5
35669,12500,coupe,automatic,218,clk,150000,lpg,mercedes_benz,no,15.0
35670,1700,bus,manual,76,doblo,150000,petrol,fiat,no,12.08
35671,12990,small car,manual,86,a1,90000,petrol,audi,no,7.17
35672,6500,limousine,manual,80,golf,125000,petrol,volkswagen,no,9.83
35673,2000,station wagon,manual,101,golf,150000,diesel,volkswagen,no,15.08
35675,6300,cabrio,automatic,90,tigra,30000,petrol,opel,no,13.08
35677,2000,station wagon,manual,97,combo,150000,cng,opel,no,12.08
35678,11000,station wagon,automatic,232,others,150000,diesel,audi,no,12.75
35679,11300,limousine,manual,105,golf,90000,diesel,volkswagen,no,6.17
35681,1400,small car,manual,50,polo,150000,petrol,volkswagen,no,17.75
35682,9700,coupe,automatic,224,clk,150000,diesel,mercedes_benz,no,13.5
35683,5500,limousine,manual,60,fiesta,100000,petrol,ford,no,9.25
35686,15500,station wagon,automatic,170,a3,125000,diesel,audi,no,8.33
35687,2250,cabrio,manual,154,others,150000,petrol,saab,yes,18.67
35688,3480,suv,manual,125,pajero,150000,diesel,mitsubishi,no,23.42
35694,1400,limousine,manual,193,5er,150000,petrol,bmw,no,21.17
35695,3999,limousine,automatic,147,vectra,90000,petrol,opel,no,14.33
35698,5490,limousine,manual,88,sandero,100000,diesel,dacia,no,7.92
35701,600,small car,manual,74,fiesta,150000,petrol,ford,no,19.83
35702,1500,limousine,manual,90,others,150000,diesel,volvo,no,20.58
35705,1250,coupe,automatic,115,astra,125000,petrol,opel,no,19.25
35706,3950,small car,automatic,71,fortwo,80000,petrol,smart,no,10.75
35707,4750,small car,manual,73,2_reihe,90000,petrol,peugeot,no,8.08
35708,28900,coupe,automatic,320,others,125000,petrol,porsche,no,27.33
35709,1200,suv,automatic,193,others,150000,petrol,chevrolet,no,22.08
35710,3999,small car,manual,64,polo,90000,petrol,volkswagen,no,11.33
35711,1800,limousine,automatic,133,c5,150000,diesel,citroen,no,16.83
35712,12900,bus,manual,140,touran,90000,petrol,volkswagen,no,7.08
35714,4899,coupe,manual,170,clk,150000,lpg,mercedes_benz,no,15.83
35715,3125,limousine,manual,140,a4,150000,diesel,audi,no,13.75
35717,2450,limousine,automatic,193,5er,150000,petrol,bmw,no,20.17
35719,1650,small car,manual,75,clio,100000,petrol,renault,no,14.08
35720,1050,small car,manual,50,polo,150000,petrol,volkswagen,no,20.5
35724,8900,cabrio,automatic,71,fortwo,30000,petrol,smart,no,5.33
35725,8000,coupe,manual,163,cl,125000,petrol,mercedes_benz,no,14.58
35726,6500,limousine,manual,105,3_reihe,100000,petrol,mazda,no,9.25
35727,990,small car,manual,75,corsa,150000,petrol,opel,no,18.0
35728,43900,station wagon,automatic,190,a6,20000,diesel,audi,no,3.08
35729,1050,limousine,manual,101,astra,150000,petrol,opel,no,20.75
35730,2150,limousine,manual,101,golf,150000,petrol,volkswagen,no,19.83
35732,12900,station wagon,automatic,235,5er,150000,diesel,bmw,no,11.58
35734,2540,bus,manual,101,others,90000,petrol,mazda,no,13.25
35735,7000,cabrio,manual,109,3er,150000,petrol,bmw,no,29.58
35736,1799,bus,manual,65,kangoo,150000,diesel,renault,no,13.5
35738,13900,bus,manual,150,vito,150000,diesel,mercedes_benz,no,9.75
35739,4000,coupe,manual,102,a3,150000,lpg,audi,no,15.42
35740,2000,station wagon,manual,105,golf,150000,petrol,volkswagen,no,18.25
35742,9500,bus,manual,106,kangoo,30000,petrol,renault,no,7.58
35744,5990,small car,manual,73,c3,80000,petrol,citroen,no,8.75
35746,7600,cabrio,manual,150,eos,150000,petrol,volkswagen,no,10.5
35747,2200,small car,manual,75,corsa,150000,petrol,opel,no,17.17
35748,107000,coupe,manual,286,911,150000,petrol,porsche,no,23.0
35749,400,limousine,manual,69,80,150000,petrol,audi,no,28.92
35750,19900,bus,automatic,150,viano,150000,diesel,mercedes_benz,no,8.83
35751,3330,limousine,manual,143,3er,150000,petrol,bmw,no,17.92
35752,20335,coupe,manual,90,others,150000,petrol,porsche,no,42.25
35754,3200,small car,manual,75,polo,150000,diesel,volkswagen,no,15.25
35756,1499,limousine,manual,101,golf,150000,petrol,volkswagen,no,21.83
35757,3777,small car,manual,54,polo,125000,petrol,volkswagen,no,14.0
35758,7400,bus,manual,131,transporter,150000,diesel,volkswagen,yes,12.25
35759,4300,station wagon,manual,101,passat,150000,diesel,volkswagen,no,16.5
35760,2649,station wagon,manual,125,passat,150000,petrol,volkswagen,no,18.42
35762,17750,coupe,manual,306,3er,150000,petrol,bmw,no,11.33
35764,5900,limousine,manual,131,insignia,150000,diesel,opel,yes,8.08
35765,2390,limousine,automatic,143,e_klasse,150000,diesel,mercedes_benz,no,18.83
35767,600,limousine,manual,75,astra,150000,petrol,opel,no,20.17
35768,1500,small car,automatic,60,corsa,50000,petrol,opel,no,23.42
35769,9900,small car,manual,122,1er,150000,petrol,bmw,no,9.92
35770,70000,limousine,manual,239,c_klasse,20000,petrol,mercedes_benz,no,29.25
35772,8950,limousine,automatic,163,a4,125000,petrol,audi,no,12.67
35774,5200,station wagon,manual,102,caddy,150000,petrol,volkswagen,no,12.5
35775,4450,small car,manual,86,ibiza,125000,petrol,seat,no,11.67
35776,16199,suv,automatic,235,x_reihe,150000,diesel,bmw,no,11.42
35777,5700,limousine,automatic,224,a6,150000,diesel,audi,no,14.58
35779,3800,limousine,automatic,125,a4,150000,petrol,audi,no,18.08
35780,1400,station wagon,automatic,125,passat,150000,petrol,volkswagen,no,19.33
35782,15000,suv,automatic,250,cayenne,125000,petrol,porsche,no,13.42
35783,11900,limousine,automatic,279,others,150000,petrol,mercedes_benz,no,25.67
35784,8500,station wagon,manual,204,a4,150000,diesel,audi,no,13.25
35789,1980,small car,manual,82,clio,150000,diesel,renault,no,14.5
35790,12700,limousine,automatic,170,e_klasse,125000,diesel,mercedes_benz,no,11.5
35791,600,limousine,manual,101,astra,150000,petrol,opel,no,20.92
35793,1150,limousine,manual,116,focus,150000,diesel,ford,no,15.75
35795,1600,limousine,automatic,170,5er,150000,lpg,bmw,no,22.0
35797,1349,small car,manual,75,lupo,150000,petrol,volkswagen,no,19.25
35800,21900,coupe,automatic,245,3er,100000,diesel,bmw,no,9.33
35802,3500,small car,manual,75,fabia,150000,petrol,skoda,no,11.17
35804,9990,bus,manual,150,3_reihe,100000,diesel,peugeot,no,7.25
35805,4800,bus,automatic,140,touran,150000,diesel,volkswagen,no,14.5
35807,1999,limousine,manual,105,leon,150000,petrol,seat,no,16.42
35808,1900,station wagon,manual,150,3er,150000,diesel,bmw,yes,18.0
35812,500,station wagon,manual,170,a4,150000,petrol,audi,no,20.25
35813,34800,limousine,manual,184,x_reihe,40000,diesel,bmw,no,5.25
35814,1690,small car,manual,75,2_reihe,90000,petrol,peugeot,no,14.42
35816,2000,limousine,manual,315,5er,150000,petrol,bmw,no,29.25
35818,7500,station wagon,manual,200,a4,150000,petrol,audi,no,13.58
35819,890,limousine,manual,75,focus,150000,petrol,ford,no,17.5
35820,5300,cabrio,manual,73,c3,70000,petrol,citroen,no,11.75
35821,4800,station wagon,manual,143,c_klasse,150000,diesel,mercedes_benz,no,15.08
35824,7000,small car,manual,86,ibiza,70000,petrol,seat,no,7.33
35825,5900,station wagon,manual,122,golf,150000,petrol,volkswagen,no,9.5
35826,2900,bus,manual,116,alhambra,150000,diesel,seat,no,16.58
35827,4800,limousine,automatic,170,c_klasse,70000,petrol,mercedes_benz,no,18.42
35828,2199,limousine,manual,26,601,30000,petrol,trabant,no,39.0
35829,3700,bus,automatic,150,vito,150000,diesel,mercedes_benz,no,11.33
35832,1500,small car,manual,58,corsa,150000,petrol,opel,no,16.08
35834,900,limousine,manual,90,80,150000,petrol,audi,no,27.75
35841,1000,small car,manual,58,corsa,150000,petrol,opel,no,17.0
35842,4950,station wagon,automatic,140,octavia,150000,diesel,skoda,no,10.42
35843,1199,small car,manual,60,arosa,150000,petrol,seat,no,21.83
35845,27500,suv,automatic,190,others,60000,diesel,toyota,yes,5.92
35847,58900,suv,automatic,245,cayenne,40000,diesel,porsche,no,5.75
35848,15800,bus,automatic,174,transporter,150000,diesel,volkswagen,no,13.5
35850,2600,limousine,manual,105,3er,125000,petrol,bmw,no,19.83
35851,5800,suv,automatic,163,others,150000,diesel,hyundai,no,12.25
35852,670,limousine,manual,90,80,150000,petrol,audi,no,25.33
35853,999,bus,manual,101,others,150000,petrol,mazda,no,18.42
35854,1390,limousine,manual,90,80,150000,petrol,audi,no,24.83
35857,6990,bus,manual,150,zafira,150000,diesel,opel,no,11.83
35858,7599,small car,manual,82,fiesta,40000,petrol,ford,no,8.58
35860,500,small car,manual,54,1_reihe,150000,petrol,peugeot,no,21.25
35861,2450,limousine,manual,98,almera,150000,petrol,nissan,no,11.08
35863,9999,suv,automatic,250,m_klasse,150000,diesel,mercedes_benz,no,13.92
35864,1450,small car,manual,60,polo,150000,petrol,volkswagen,no,20.83
35865,7950,limousine,manual,147,6_reihe,90000,petrol,mazda,no,10.25
35866,3980,station wagon,automatic,163,a4,150000,diesel,audi,no,15.42
35869,8900,limousine,manual,110,golf,150000,diesel,volkswagen,no,9.33
35870,1600,small car,manual,75,2_reihe,125000,petrol,peugeot,yes,9.08
35872,2250,small car,manual,115,beetle,150000,petrol,volkswagen,no,19.25
35873,900,limousine,manual,125,vectra,150000,petrol,opel,no,18.75
35874,300,small car,manual,55,polo,5000,petrol,volkswagen,no,23.42
35875,7600,station wagon,manual,140,a3,150000,diesel,audi,no,10.33
35876,7750,cabrio,manual,120,2_reihe,70000,petrol,peugeot,no,10.42
35877,1399,bus,manual,116,sharan,150000,petrol,volkswagen,no,20.0
35878,22000,limousine,automatic,272,7er,40000,petrol,bmw,no,16.17
35882,550,limousine,manual,71,astra,125000,petrol,opel,yes,23.92
35883,650,limousine,manual,136,e_klasse,150000,petrol,mercedes_benz,no,21.58
35884,1350,limousine,manual,75,golf,150000,petrol,volkswagen,no,18.25
35885,7990,station wagon,automatic,177,e_klasse,150000,lpg,mercedes_benz,no,14.58
35886,1200,coupe,manual,154,others,150000,petrol,fiat,yes,18.08
35889,8700,limousine,manual,143,a4,150000,diesel,audi,no,10.67
35890,5800,limousine,automatic,204,others,150000,diesel,peugeot,no,11.17
35891,10700,small car,automatic,150,1er,80000,petrol,bmw,no,13.5
35893,1600,limousine,manual,118,3er,150000,petrol,bmw,yes,16.58
35895,27900,bus,automatic,224,viano,150000,diesel,mercedes_benz,no,7.42
35897,6250,small car,manual,68,c1,80000,petrol,citroen,no,7.25
35899,4950,small car,manual,75,twingo,30000,petrol,renault,no,7.92
35900,2800,bus,manual,143,v_klasse,150000,petrol,mercedes_benz,no,19.33
35901,29750,bus,manual,114,vivaro,30000,diesel,opel,no,4.42
35903,5300,bus,manual,105,caddy,150000,diesel,volkswagen,no,13.5
35904,14990,station wagon,automatic,334,a6,125000,petrol,audi,no,14.0
35905,500,small car,manual,58,twingo,150000,petrol,renault,no,20.75
35907,10800,bus,manual,120,c4,50000,petrol,citroen,no,7.83
35908,5999,limousine,manual,105,a3,150000,diesel,audi,no,12.25
35909,4000,limousine,manual,73,c3,30000,petrol,citroen,no,10.25
35910,5999,small car,automatic,80,corsa,50000,petrol,opel,no,8.17
35912,5600,coupe,manual,116,calibra,150000,petrol,opel,no,27.0
35913,500,station wagon,manual,140,vectra,150000,petrol,opel,no,20.33
35916,5600,coupe,manual,179,tt,150000,petrol,audi,yes,15.83
35917,300,small car,manual,55,ka,150000,petrol,ford,yes,22.92
35918,6500,bus,manual,75,others,90000,diesel,peugeot,no,7.5
35919,600,limousine,manual,88,3_reihe,150000,petrol,peugeot,yes,19.5
35920,1200,station wagon,manual,64,golf,150000,diesel,volkswagen,no,19.33
35921,1999,cabrio,manual,98,golf,150000,petrol,volkswagen,no,26.42
35923,19900,suv,automatic,197,santa,125000,diesel,hyundai,no,6.08
35924,16500,suv,automatic,306,m_klasse,150000,petrol,mercedes_benz,no,12.83
35926,13350,limousine,manual,122,golf,50000,petrol,volkswagen,no,7.5
35927,2000,station wagon,manual,101,zafira,150000,petrol,opel,no,17.42
35929,4400,limousine,manual,140,a6,150000,diesel,audi,no,13.0
35930,7450,limousine,automatic,218,5er,150000,diesel,bmw,no,15.92
35931,850,limousine,automatic,122,c_klasse,150000,petrol,mercedes_benz,no,25.92
35933,1100,bus,manual,116,zafira,150000,petrol,opel,no,19.58
35935,1900,small car,manual,69,fox,150000,diesel,volkswagen,no,13.67
35936,350,small car,manual,70,punto,150000,petrol,fiat,yes,15.5
35937,7200,bus,manual,105,touran,125000,diesel,volkswagen,no,11.42
35938,980,small car,automatic,60,micra,125000,petrol,nissan,no,18.92
35942,1990,bus,manual,116,alhambra,150000,diesel,seat,no,17.67
35943,5800,limousine,automatic,170,golf,150000,petrol,volkswagen,no,16.58
35944,5290,station wagon,manual,131,a4,150000,diesel,audi,no,15.17
35947,2999,cabrio,manual,140,others,20000,petrol,toyota,no,17.5
35950,6380,limousine,automatic,140,golf,150000,diesel,volkswagen,no,13.83
35953,1900,limousine,automatic,136,e_klasse,150000,petrol,mercedes_benz,no,21.25
35954,3750,station wagon,manual,101,golf,125000,diesel,volkswagen,no,16.75
35955,499,small car,manual,70,golf,150000,petrol,volkswagen,no,28.75
35956,5990,coupe,manual,179,a3,150000,petrol,audi,no,17.08
35957,6900,limousine,manual,150,3er,150000,petrol,bmw,no,13.83
35959,1000,small car,manual,65,clio,150000,diesel,renault,no,17.5
35961,9999,limousine,automatic,150,3er,100000,petrol,bmw,no,12.08
35963,16500,station wagon,automatic,192,5er,150000,petrol,bmw,no,14.92
35964,755,limousine,automatic,116,carisma,150000,petrol,mitsubishi,no,21.58
35965,8700,limousine,manual,140,golf,125000,diesel,volkswagen,no,11.0
35968,31500,bus,automatic,200,galaxy,30000,diesel,ford,no,5.42
35969,9000,station wagon,automatic,192,5er,150000,petrol,bmw,no,14.75
35971,18650,station wagon,manual,170,passat,90000,diesel,volkswagen,no,7.33
35973,480,small car,manual,60,polo,150000,petrol,volkswagen,no,19.92
35974,1850,limousine,manual,101,golf,150000,petrol,volkswagen,no,19.08
35977,11500,bus,manual,131,transporter,20000,diesel,volkswagen,no,11.33
35980,300,station wagon,manual,115,omega,20000,petrol,opel,yes,24.0
35982,3500,limousine,manual,105,golf,150000,diesel,volkswagen,no,12.92
35983,7850,suv,manual,150,antara,125000,diesel,opel,no,12.0
35990,999,station wagon,manual,122,v40,150000,petrol,volvo,no,19.83
35992,13990,station wagon,automatic,232,a4,150000,diesel,audi,no,12.5
35993,4400,small car,manual,75,meriva,150000,diesel,opel,no,11.58
35995,11900,cabrio,automatic,256,a4,125000,petrol,audi,no,12.33
35996,1500,small car,manual,75,ibiza,125000,petrol,seat,yes,13.33
35997,5199,small car,manual,60,fiesta,125000,petrol,ford,no,9.33
35998,37900,station wagon,automatic,184,5er,60000,diesel,bmw,yes,5.83
35999,2200,limousine,manual,136,3er,150000,diesel,bmw,yes,18.5
36000,1800,bus,automatic,86,modus,150000,diesel,renault,no,12.58
36001,1650,small car,automatic,60,micra,90000,petrol,nissan,no,17.42
36002,9500,bus,automatic,116,vito,150000,diesel,mercedes_benz,no,11.17
36003,1500,station wagon,manual,150,passat,150000,petrol,volkswagen,no,18.25
36004,2350,station wagon,manual,109,3_reihe,150000,petrol,peugeot,no,15.25
36006,1600,station wagon,manual,116,focus,150000,diesel,ford,no,16.08
36008,999,small car,manual,45,others,60000,petrol,fiat,no,27.17
36009,10990,limousine,manual,232,a6,150000,diesel,audi,no,12.5
36012,3200,station wagon,manual,131,megane,150000,diesel,renault,no,13.67
36014,5950,station wagon,manual,177,avensis,150000,diesel,toyota,no,12.5
36016,11900,limousine,manual,177,1er,100000,diesel,bmw,no,10.75
36017,37800,limousine,automatic,265,c_klasse,50000,diesel,mercedes_benz,no,6.42
36018,1500,limousine,manual,71,astra,80000,petrol,opel,no,23.83
36019,1499,small car,manual,75,corsa,150000,petrol,opel,no,17.58
36020,14400,limousine,manual,260,focus,125000,petrol,ford,no,8.42
36021,2499,cabrio,manual,90,golf,150000,petrol,volkswagen,no,23.58
36022,650,station wagon,manual,90,golf,150000,diesel,volkswagen,no,20.92
36023,990,small car,manual,50,lupo,150000,petrol,volkswagen,no,18.92
36025,350,station wagon,automatic,147,others,150000,petrol,ford,yes,21.5
36026,850,small car,manual,45,1_reihe,80000,petrol,peugeot,no,21.08
36027,3190,limousine,manual,105,golf,150000,petrol,volkswagen,no,16.75
36029,1500,station wagon,automatic,207,laguna,150000,petrol,renault,no,17.25
36031,1399,small car,manual,60,2_reihe,150000,petrol,peugeot,no,16.25
36033,8750,limousine,manual,105,3_reihe,90000,petrol,mazda,no,9.83
36034,9350,limousine,automatic,163,3er,150000,diesel,bmw,no,13.5
36035,7500,station wagon,automatic,140,passat,150000,diesel,volkswagen,no,9.17
36036,3500,small car,manual,68,c1,60000,petrol,citroen,no,8.75
36037,6500,limousine,automatic,313,phaeton,150000,diesel,volkswagen,no,12.33
36038,3500,bus,automatic,170,transporter,150000,petrol,volkswagen,yes,21.25
36041,299,station wagon,manual,110,focus,150000,petrol,ford,no,19.83
36042,17800,limousine,manual,143,x_reihe,50000,diesel,bmw,no,7.58
36043,7500,small car,manual,60,ibiza,70000,petrol,seat,no,7.67
36044,990,small car,manual,45,corsa,90000,petrol,opel,no,22.67
36045,49000,suv,automatic,122,g_klasse,150000,diesel,mercedes_benz,no,37.67
36046,9750,station wagon,automatic,190,a6,150000,diesel,audi,no,9.17
36047,2650,station wagon,manual,110,astra,150000,diesel,opel,no,10.42
36048,12900,bus,manual,114,vivaro,150000,diesel,opel,no,6.5
36050,2250,small car,manual,101,clio,150000,diesel,renault,no,14.25
36052,12850,station wagon,automatic,170,3er,80000,petrol,bmw,no,11.75
36054,6500,bus,manual,140,zafira,125000,lpg,opel,no,12.92
36055,500,limousine,manual,115,80,150000,petrol,audi,yes,27.0
36056,4700,station wagon,automatic,163,v70,150000,diesel,volvo,no,14.42
36057,980,small car,manual,54,others,90000,petrol,skoda,no,20.17
36059,1100,limousine,automatic,147,vectra,150000,petrol,opel,no,17.17
36060,9300,limousine,manual,122,golf,90000,petrol,volkswagen,no,8.42
36061,1480,station wagon,manual,132,4_reihe,150000,petrol,peugeot,no,19.33
36063,5500,small car,manual,69,500,80000,petrol,fiat,no,9.25
36066,1000,limousine,manual,115,vectra,150000,petrol,opel,no,22.33
36067,7900,limousine,manual,116,astra,100000,petrol,opel,no,10.0
36068,3499,station wagon,automatic,125,astra,150000,petrol,opel,no,13.42
36069,2350,station wagon,manual,110,octavia,150000,diesel,skoda,yes,13.08
36072,1550,station wagon,automatic,170,mondeo,150000,petrol,ford,no,15.75
36073,2500,bus,manual,101,meriva,150000,petrol,opel,no,15.58
36074,6000,limousine,manual,170,3er,100000,petrol,bmw,no,16.75
36075,2850,limousine,manual,150,5er,150000,petrol,bmw,no,18.5
36078,17000,cabrio,manual,163,slk,20000,petrol,mercedes_benz,no,14.75
36080,1500,small car,manual,75,2_reihe,150000,petrol,peugeot,no,16.17
36082,3600,station wagon,automatic,131,mondeo,150000,diesel,ford,no,14.5
36083,5899,cabrio,manual,125,others,150000,petrol,audi,no,18.67
36084,7990,limousine,manual,122,passat,90000,petrol,volkswagen,no,10.75
36089,1250,limousine,manual,90,golf,150000,diesel,volkswagen,yes,19.5
36093,4890,station wagon,automatic,105,caddy,150000,diesel,volkswagen,no,9.92
36094,1799,limousine,automatic,101,astra,150000,petrol,opel,no,17.17
36096,2450,station wagon,manual,90,passat,150000,diesel,volkswagen,no,19.08
36097,7999,station wagon,manual,140,passat,150000,diesel,volkswagen,no,11.17
36098,5990,limousine,manual,225,leon,150000,petrol,seat,no,14.67
36099,7200,suv,manual,122,freelander,150000,diesel,land_rover,yes,16.5
36101,1200,limousine,manual,75,golf,150000,petrol,volkswagen,no,18.08
36102,550,small car,manual,55,lupo,150000,petrol,volkswagen,no,19.0
36103,9300,small car,manual,86,polo,90000,petrol,volkswagen,no,7.33
36108,1000,small car,manual,45,polo,150000,petrol,volkswagen,no,22.33
36110,1450,station wagon,manual,75,astra,150000,petrol,opel,no,19.75
36111,760,limousine,manual,122,c_klasse,150000,petrol,mercedes_benz,no,21.83
36112,2200,small car,manual,68,1_reihe,125000,petrol,peugeot,no,11.33
36114,2500,limousine,manual,193,a4,150000,petrol,audi,no,20.17
36116,3600,station wagon,manual,102,octavia,150000,petrol,skoda,yes,14.92
36117,1950,limousine,automatic,131,others,150000,diesel,rover,no,14.83
36119,1790,small car,manual,65,picanto,150000,petrol,kia,no,15.0
36120,550,small car,manual,45,ibiza,150000,petrol,seat,no,23.17
36121,1200,bus,automatic,189,others,100000,petrol,chevrolet,yes,20.5
36123,2650,station wagon,automatic,163,a6,150000,diesel,audi,no,20.83
36125,3100,limousine,manual,109,a_klasse,150000,diesel,mercedes_benz,no,13.0
36126,800,bus,manual,75,berlingo,150000,petrol,citroen,no,18.17
36128,2500,limousine,manual,116,3er,150000,diesel,bmw,no,17.83
36129,6099,small car,manual,95,others,125000,petrol,alfa_romeo,no,9.08
36130,1850,small car,manual,64,polo,150000,petrol,volkswagen,no,17.75
36131,2800,limousine,manual,105,leon,150000,diesel,seat,yes,12.17
36132,11990,station wagon,manual,170,a3,150000,diesel,audi,no,10.08
36133,1750,limousine,automatic,129,e_klasse,150000,diesel,mercedes_benz,no,21.08
36134,3950,bus,automatic,136,others,90000,petrol,citroen,no,13.0
36135,10490,bus,automatic,105,golf,90000,diesel,volkswagen,no,8.17
36137,10999,limousine,automatic,160,golf,125000,petrol,volkswagen,no,8.5
36138,1200,small car,manual,60,punto,150000,petrol,fiat,no,16.58
36139,1450,small car,manual,86,yaris,150000,petrol,toyota,no,18.67
36141,3999,small car,automatic,71,fortwo,70000,petrol,smart,no,9.33
36142,19999,limousine,automatic,306,s_klasse,100000,petrol,mercedes_benz,yes,18.0
36143,5300,cabrio,automatic,71,fortwo,80000,petrol,smart,no,11.42
36144,6950,limousine,manual,231,5er,150000,petrol,bmw,no,17.17
36149,2200,limousine,automatic,95,a_klasse,150000,diesel,mercedes_benz,no,15.25
36150,9999,bus,automatic,140,touran,150000,diesel,volkswagen,no,12.0
36152,5000,coupe,manual,170,3er,100000,petrol,bmw,no,16.5
36155,2500,small car,manual,55,twingo,80000,petrol,renault,no,15.25
36156,1500,station wagon,manual,129,3er,150000,petrol,bmw,no,30.5
36157,8850,limousine,manual,129,3er,90000,petrol,bmw,no,11.67
36159,2800,limousine,manual,135,4_reihe,150000,diesel,peugeot,no,14.58
36162,2100,small car,manual,54,polo,150000,petrol,volkswagen,no,15.08
36163,8790,limousine,manual,143,1er,80000,petrol,bmw,no,9.08
36164,3900,suv,manual,114,others,90000,petrol,mitsubishi,no,16.25
36165,1299,small car,manual,60,punto,100000,petrol,fiat,no,18.08
36166,27990,station wagon,manual,190,a4,70000,diesel,audi,no,4.67
36167,9400,limousine,manual,105,golf,125000,diesel,volkswagen,no,9.75
36171,950,limousine,manual,75,golf,150000,petrol,volkswagen,no,21.17
36172,1800,station wagon,automatic,110,a4,150000,diesel,audi,no,20.0
36173,19999,station wagon,automatic,190,a6,150000,diesel,audi,no,8.33
36174,9000,station wagon,automatic,232,a4,150000,diesel,audi,no,12.33
36175,8990,limousine,manual,224,a6,150000,diesel,audi,no,13.33
36177,3800,station wagon,manual,116,astra,150000,petrol,opel,no,11.25
36178,6500,bus,manual,109,transporter,150000,diesel,volkswagen,no,12.0
36179,4250,limousine,automatic,193,7er,150000,petrol,bmw,no,21.92
36180,500,small car,manual,60,polo,150000,petrol,volkswagen,yes,17.08
36181,2000,small car,manual,70,punto,150000,diesel,fiat,no,16.0
36182,16880,limousine,manual,258,3er,150000,petrol,bmw,no,13.0
36184,16299,coupe,manual,156,others,60000,petrol,peugeot,no,8.33
36185,14900,station wagon,manual,140,a3,125000,diesel,audi,no,5.25
36186,19000,station wagon,automatic,235,5er,150000,diesel,bmw,no,10.0
36187,5900,suv,manual,140,sorento,150000,diesel,kia,no,14.42
36188,650,cabrio,manual,90,megane,150000,petrol,renault,no,20.92
36189,1399,limousine,automatic,101,polo,150000,petrol,volkswagen,no,19.67
36191,2900,cabrio,automatic,97,others,150000,petrol,chrysler,no,29.58
36192,650,small car,manual,50,lupo,150000,petrol,volkswagen,no,18.5
36194,500,small car,manual,45,corsa,150000,petrol,opel,no,23.83
36195,6000,limousine,manual,150,a4,150000,petrol,audi,yes,23.08
36196,1299,station wagon,manual,105,others,150000,petrol,mercedes_benz,no,31.0
36198,1999,station wagon,manual,109,v40,150000,petrol,volvo,no,17.42
36199,11500,limousine,manual,179,a4,150000,petrol,audi,no,9.75
36204,24900,limousine,automatic,136,1er,10000,petrol,bmw,yes,3.83
36205,10950,suv,automatic,218,x_reihe,150000,diesel,bmw,no,12.5
36206,3800,station wagon,manual,231,3er,150000,petrol,bmw,no,17.0
36207,7800,limousine,automatic,104,golf,150000,diesel,volkswagen,no,13.0
36208,1750,small car,manual,65,lupo,150000,petrol,volkswagen,no,18.25
36210,1850,limousine,manual,150,golf,150000,petrol,volkswagen,no,20.33
36211,5499,small car,manual,77,punto,50000,petrol,fiat,no,7.25
36212,700,station wagon,manual,165,a4,150000,petrol,audi,no,20.58
36213,8699,limousine,automatic,129,3er,100000,petrol,bmw,no,12.42
36215,24390,cabrio,manual,143,1er,30000,diesel,bmw,no,6.5
36216,5350,cabrio,manual,121,z_reihe,150000,petrol,bmw,no,22.0
36217,3000,station wagon,manual,101,golf,150000,diesel,volkswagen,no,16.92
36218,28200,suv,automatic,239,touareg,100000,diesel,volkswagen,no,7.25
36219,2800,limousine,automatic,101,a3,90000,petrol,audi,no,19.33
36220,9200,small car,manual,60,up,5000,petrol,volkswagen,no,3.33
36223,4200,bus,manual,101,zafira,90000,petrol,opel,no,15.08
36226,1500,limousine,manual,116,focus,150000,petrol,ford,no,17.17
36227,3300,limousine,manual,140,a3,150000,diesel,audi,yes,14.33
36228,4200,coupe,manual,231,rx_reihe,90000,petrol,mazda,no,15.92
36229,7000,small car,manual,115,golf,50000,petrol,volkswagen,no,11.33
36230,1500,limousine,manual,101,golf,150000,petrol,volkswagen,no,19.5
36232,1200,limousine,manual,75,golf,150000,petrol,volkswagen,no,19.42
36234,5500,suv,automatic,273,others,150000,petrol,chevrolet,no,12.92
36235,600,limousine,manual,75,golf,150000,petrol,volkswagen,yes,20.75
36236,350,small car,manual,54,500,150000,petrol,fiat,yes,23.42
36238,800,small car,manual,64,ibiza,150000,petrol,seat,yes,15.42
36239,5799,suv,manual,150,others,125000,petrol,mazda,no,12.25
36240,950,small car,manual,69,corsa,150000,diesel,opel,yes,14.58
36241,16500,bus,manual,170,others,80000,diesel,fiat,no,6.42
36243,15999,suv,automatic,224,m_klasse,150000,diesel,mercedes_benz,no,12.33
36244,1490,station wagon,manual,125,focus,150000,petrol,ford,no,13.0
36245,1600,limousine,manual,116,accord,150000,petrol,honda,no,21.08
36246,950,limousine,manual,60,astra,150000,petrol,opel,no,23.92
36247,5000,small car,manual,80,polo,100000,petrol,volkswagen,no,12.92
36248,24999,station wagon,automatic,204,3er,70000,diesel,bmw,no,7.25
36250,3300,small car,automatic,41,fortwo,125000,diesel,smart,no,12.67
36252,3500,cabrio,manual,90,golf,150000,diesel,volkswagen,no,23.25
36253,1190,limousine,automatic,136,e_klasse,150000,petrol,mercedes_benz,no,22.67
36255,2799,station wagon,manual,170,5er,150000,petrol,bmw,no,21.92
36256,990,station wagon,automatic,101,focus,150000,petrol,ford,no,17.08
36258,5300,small car,manual,90,others,70000,diesel,fiat,no,11.0
36259,20500,limousine,automatic,445,7er,125000,petrol,bmw,no,11.25
36260,16799,limousine,automatic,211,golf,100000,petrol,volkswagen,no,7.92
36261,17000,limousine,automatic,349,q7,125000,petrol,audi,no,13.0
36262,2799,cabrio,manual,110,mx_reihe,125000,petrol,mazda,no,18.25
36265,1200,limousine,manual,125,a_klasse,150000,petrol,mercedes_benz,no,19.5
36268,1090,bus,manual,60,combo,150000,petrol,opel,no,20.17
36269,7300,limousine,manual,170,golf,150000,petrol,volkswagen,no,12.58
36270,4600,limousine,manual,116,a_klasse,150000,petrol,mercedes_benz,no,14.83
36271,600,limousine,manual,75,escort,70000,petrol,ford,yes,24.42
36273,12950,limousine,manual,102,1er,40000,petrol,bmw,no,5.67
36274,3500,small car,manual,90,one,150000,petrol,mini,no,14.17
36275,3000,station wagon,manual,84,astra,125000,petrol,opel,no,15.83
36276,8790,coupe,manual,143,1er,80000,petrol,bmw,no,9.08
36278,4444,suv,automatic,218,m_klasse,150000,petrol,mercedes_benz,no,19.67
36279,6999,small car,automatic,54,fortwo,80000,diesel,smart,no,7.92
36280,4899,coupe,manual,231,3er,150000,petrol,bmw,no,17.75
36282,2900,limousine,manual,122,others,125000,petrol,chevrolet,no,13.0
36283,1750,limousine,manual,101,toledo,150000,petrol,seat,no,22.0
36285,37500,cabrio,automatic,310,boxster,70000,petrol,porsche,no,9.42
36286,6500,limousine,automatic,286,7er,150000,lpg,bmw,no,19.42
36287,5899,limousine,automatic,224,s_klasse,150000,petrol,mercedes_benz,no,16.67
36290,2300,limousine,manual,116,corolla,150000,diesel,toyota,no,13.83
36292,14900,limousine,manual,116,1er,70000,diesel,bmw,no,6.25
36293,2799,limousine,automatic,286,7er,150000,petrol,bmw,no,39.17
36294,2850,station wagon,manual,131,a4,150000,petrol,audi,yes,16.42
36299,150,small car,manual,55,corsa,150000,petrol,opel,yes,19.0
36300,21900,bus,manual,116,i_reihe,40000,diesel,hyundai,no,4.17
36301,8480,limousine,automatic,122,1er,90000,petrol,bmw,no,10.33
36302,1600,bus,manual,101,others,150000,petrol,mazda,no,19.25
36303,999,limousine,manual,132,others,150000,petrol,mercedes_benz,no,29.42
36304,2400,limousine,automatic,131,a4,150000,petrol,audi,no,17.75
36305,999,limousine,manual,75,astra,150000,petrol,opel,no,19.42
36309,3490,limousine,automatic,200,others,150000,petrol,volvo,no,17.58
36310,1700,limousine,manual,145,mondeo,150000,petrol,ford,no,16.75
36311,2200,limousine,manual,72,others,150000,diesel,mercedes_benz,no,34.58
36314,7900,small car,manual,135,punto,80000,petrol,fiat,no,8.83
36316,3300,small car,automatic,61,fortwo,100000,petrol,smart,no,12.92
36318,22300,station wagon,manual,125,a3,10000,petrol,audi,no,3.42
36322,999,station wagon,manual,110,a4,150000,diesel,audi,yes,21.5
36323,17980,cabrio,manual,105,a3,20000,petrol,audi,no,6.42
36324,3900,limousine,manual,132,e_klasse,150000,petrol,mercedes_benz,no,26.33
36327,11750,limousine,manual,140,golf,100000,diesel,volkswagen,no,7.58
36330,4490,station wagon,manual,109,3_reihe,150000,diesel,peugeot,no,11.92
36332,1150,small car,automatic,54,micra,150000,petrol,nissan,no,19.25
36334,5100,limousine,manual,177,e_klasse,150000,diesel,mercedes_benz,no,15.25
36336,15500,suv,manual,173,others,100000,diesel,renault,no,9.33
36338,7400,station wagon,manual,170,a3,60000,diesel,audi,yes,8.92
36340,550,bus,manual,75,kangoo,150000,petrol,renault,no,20.0
36341,2500,small car,manual,60,fiesta,125000,petrol,ford,no,16.92
36343,1599,limousine,manual,170,ibiza,150000,diesel,seat,yes,14.33
36344,1300,small car,manual,75,2_reihe,150000,petrol,peugeot,yes,17.42
36346,2600,station wagon,manual,75,others,60000,petrol,peugeot,no,17.5
36347,3100,limousine,automatic,170,s60,150000,petrol,volvo,no,16.42
36348,4850,limousine,automatic,143,e_klasse,150000,diesel,mercedes_benz,no,17.58
36351,3700,limousine,automatic,125,astra,70000,petrol,opel,no,17.83
36352,850,station wagon,automatic,150,3er,150000,petrol,bmw,no,21.92
36354,25500,bus,manual,129,sprinter,150000,diesel,mercedes_benz,no,8.75
36355,6000,limousine,automatic,218,7er,150000,diesel,bmw,no,15.67
36357,10500,station wagon,manual,170,octavia,150000,diesel,skoda,no,7.5
36360,4999,limousine,manual,170,3er,150000,petrol,bmw,no,15.25
36361,7200,limousine,automatic,250,s_klasse,150000,diesel,mercedes_benz,no,15.0
36362,2990,station wagon,manual,192,3er,150000,petrol,bmw,no,17.25
36363,1999,bus,manual,116,sharan,150000,diesel,volkswagen,no,18.75
36364,990,small car,manual,60,ypsilon,150000,petrol,lancia,yes,19.92
36365,999,limousine,manual,90,primera,100000,diesel,nissan,no,20.33
36366,12850,station wagon,manual,170,passat,150000,diesel,volkswagen,no,6.08
36367,7800,limousine,automatic,177,e_klasse,150000,diesel,mercedes_benz,no,16.75
36370,5199,bus,manual,75,golf,100000,petrol,volkswagen,no,13.75
36372,25500,coupe,manual,295,others,80000,petrol,porsche,no,12.5
36374,6100,small car,manual,75,polo,150000,diesel,volkswagen,no,8.17
36375,1200,station wagon,manual,122,c_klasse,125000,petrol,mercedes_benz,no,21.75
36377,5499,bus,manual,88,vito,150000,diesel,mercedes_benz,no,13.33
36379,20990,limousine,manual,170,q3,50000,petrol,audi,no,8.0
36381,8000,suv,automatic,163,m_klasse,150000,diesel,mercedes_benz,no,14.67
36383,2200,station wagon,manual,116,golf,150000,petrol,volkswagen,no,19.17
36384,1299,small car,manual,50,lupo,150000,petrol,volkswagen,no,19.33
36385,2650,small car,manual,64,ibiza,125000,petrol,seat,no,13.33
36387,950,small car,manual,45,polo,150000,petrol,volkswagen,no,22.67
36389,2850,limousine,manual,101,focus,150000,petrol,ford,no,16.58
36391,1300,station wagon,manual,180,a6,150000,diesel,audi,yes,18.08
36393,12900,station wagon,automatic,125,a3,50000,petrol,audi,no,9.17
36397,3950,station wagon,manual,110,astra,150000,diesel,opel,no,9.42
36398,3950,coupe,automatic,90,astra,150000,diesel,opel,no,10.83
36399,950,station wagon,manual,75,astra,150000,diesel,opel,no,17.25
36400,1800,limousine,manual,90,a_klasse,150000,diesel,mercedes_benz,no,18.5
36403,2200,station wagon,manual,131,mondeo,150000,diesel,ford,yes,14.75
36404,7500,bus,manual,116,b_klasse,100000,petrol,mercedes_benz,no,9.58
36405,1990,limousine,manual,90,escort,125000,petrol,ford,no,24.83
36406,1000,coupe,manual,102,3er,150000,petrol,bmw,no,24.58
36407,5800,limousine,manual,102,golf,125000,petrol,volkswagen,no,12.75
36409,13950,suv,manual,190,navara,150000,diesel,nissan,no,7.17
36410,1700,station wagon,manual,125,vectra,150000,petrol,opel,yes,17.25
36412,1150,station wagon,manual,90,polo,150000,diesel,volkswagen,no,19.08
36413,4300,bus,manual,131,alhambra,150000,diesel,seat,no,14.42
36414,16950,limousine,automatic,306,cl,150000,lpg,mercedes_benz,no,13.42
36416,4300,small car,manual,77,panda,100000,cng,fiat,no,7.42
36418,1499,limousine,manual,116,golf,150000,petrol,volkswagen,no,25.17
36419,5899,limousine,manual,150,bravo,100000,petrol,fiat,no,10.92
36423,4800,cabrio,manual,136,3_reihe,80000,petrol,peugeot,no,13.33
36424,6800,small car,manual,82,fiesta,50000,petrol,ford,no,8.75
36425,3300,cabrio,manual,110,mx_reihe,150000,petrol,mazda,no,21.0
36426,6999,limousine,automatic,224,s_klasse,150000,petrol,mercedes_benz,no,18.58
36427,23000,coupe,manual,170,e_klasse,60000,diesel,mercedes_benz,no,7.58
36428,7500,station wagon,automatic,177,5er,150000,diesel,bmw,no,13.08
36429,6999,small car,manual,60,citigo,30000,petrol,skoda,no,5.42
36431,5500,cabrio,manual,163,slk,150000,petrol,mercedes_benz,no,15.08
36433,14850,cabrio,manual,143,1er,50000,petrol,bmw,no,9.83
36434,13900,limousine,manual,105,golf,50000,petrol,volkswagen,no,5.42
36437,2200,limousine,manual,116,3er,150000,petrol,bmw,yes,16.75
36438,23999,small car,manual,220,polo,30000,petrol,volkswagen,no,5.92
36439,500,limousine,manual,60,astra,150000,petrol,opel,no,23.83
36440,1500,limousine,manual,102,3er,150000,petrol,bmw,no,21.92
36441,300,limousine,manual,75,golf,150000,petrol,volkswagen,no,24.17
36442,69500,cabrio,automatic,450,others,20000,petrol,audi,no,4.25
36444,600,station wagon,manual,115,vectra,150000,petrol,opel,yes,21.0
36446,7600,limousine,automatic,207,s_type,150000,diesel,jaguar,no,12.42
36447,11000,limousine,manual,260,3_reihe,125000,petrol,mazda,no,11.25
36449,3500,station wagon,manual,90,passat,150000,petrol,volkswagen,no,31.92
36450,1450,small car,manual,65,picanto,150000,petrol,kia,yes,13.58
36451,1850,small car,manual,68,yaris,150000,petrol,toyota,no,17.25
36452,1400,station wagon,manual,80,astra,150000,diesel,opel,no,16.75
36453,10500,limousine,manual,170,leon,150000,diesel,seat,no,8.25
36456,3590,limousine,manual,150,a3,150000,petrol,audi,no,20.08
36457,6600,limousine,manual,150,astra,150000,diesel,opel,no,10.17
36460,8990,coupe,manual,170,clk,100000,petrol,mercedes_benz,no,13.33
36462,6200,bus,manual,140,s_max,150000,diesel,ford,no,11.33
36464,1500,limousine,manual,75,golf,150000,petrol,volkswagen,no,20.83
36467,38000,limousine,automatic,250,a8,150000,diesel,audi,no,6.92
36468,230,limousine,manual,75,colt,150000,petrol,mitsubishi,no,21.33
36470,9500,limousine,manual,143,1er,70000,petrol,bmw,no,9.42
36471,10800,limousine,manual,218,5er,125000,diesel,bmw,no,14.75
36472,1399,limousine,automatic,180,e_klasse,150000,petrol,mercedes_benz,no,20.0
36473,1000,station wagon,manual,101,passat,150000,petrol,volkswagen,yes,20.42
36474,8450,bus,manual,105,golf,125000,diesel,volkswagen,no,11.0
36475,1950,small car,manual,64,polo,150000,petrol,volkswagen,no,15.17
36476,38200,station wagon,automatic,224,a4,20000,petrol,audi,no,4.5
36478,4200,small car,manual,95,punto,50000,petrol,fiat,no,10.08
36479,1999,cabrio,manual,197,slk,150000,petrol,mercedes_benz,yes,18.33
36480,3950,cabrio,manual,205,others,150000,petrol,saab,no,18.08
36481,850,station wagon,manual,115,golf,150000,petrol,volkswagen,yes,20.0
36482,1700,station wagon,manual,150,a6,150000,diesel,audi,no,20.5
36483,350,coupe,manual,45,polo,150000,petrol,volkswagen,no,24.83
36487,3300,coupe,manual,125,civic,125000,petrol,honda,no,18.08
36490,15000,station wagon,automatic,204,c_klasse,125000,diesel,mercedes_benz,no,9.0
36491,700,limousine,manual,136,e_klasse,150000,petrol,mercedes_benz,no,21.5
36492,1300,station wagon,manual,107,laguna,150000,petrol,renault,no,17.25
36493,3999,limousine,manual,150,c_klasse,150000,diesel,mercedes_benz,no,14.5
36496,1300,suv,manual,136,others,125000,petrol,opel,yes,18.25
36497,2900,small car,manual,87,yaris,100000,petrol,toyota,no,13.25
36498,2350,small car,manual,75,lupo,150000,diesel,volkswagen,no,18.5
36499,2799,cabrio,manual,109,2_reihe,150000,petrol,peugeot,no,13.25
36500,10599,limousine,automatic,163,3er,150000,diesel,bmw,no,11.92
36502,1490,coupe,manual,102,3er,150000,petrol,bmw,no,23.0
36503,5750,limousine,manual,90,golf,100000,petrol,volkswagen,no,14.0
36505,1500,bus,manual,44,transporter,150000,diesel,volkswagen,no,35.42
36507,9500,limousine,automatic,150,e_klasse,150000,diesel,mercedes_benz,no,13.08
36508,750,small car,manual,50,fiesta,125000,petrol,ford,no,16.25
36509,5480,limousine,manual,143,c_klasse,150000,petrol,mercedes_benz,no,12.33
36510,5900,station wagon,automatic,171,a4,150000,diesel,audi,no,11.33
36511,4400,limousine,manual,116,superb,125000,petrol,skoda,no,13.83
36513,1599,limousine,manual,75,golf,125000,petrol,volkswagen,no,20.33
36515,16500,bus,automatic,105,kangoo,40000,petrol,renault,no,12.75
36516,3500,limousine,manual,165,a6,150000,petrol,audi,yes,21.92
36517,1200,limousine,manual,102,3er,150000,petrol,bmw,no,22.33
36519,2399,small car,manual,72,corsa,150000,petrol,opel,no,17.33
36520,1950,limousine,manual,150,3er,150000,petrol,bmw,no,20.92
36521,6990,station wagon,manual,140,a4,150000,diesel,audi,no,13.83
36522,2200,limousine,manual,110,beetle,150000,petrol,volkswagen,no,18.75
36523,18500,bus,manual,174,transporter,150000,diesel,volkswagen,no,12.5
36524,6500,cabrio,automatic,228,mustang,125000,petrol,ford,no,28.33
36526,10400,limousine,manual,224,others,125000,petrol,audi,no,16.92
36527,900,limousine,manual,75,astra,150000,petrol,opel,yes,19.58
36529,2999,cabrio,manual,101,golf,150000,petrol,volkswagen,no,18.17
36531,1850,limousine,manual,116,golf,5000,diesel,volkswagen,no,18.5
36538,7900,limousine,automatic,177,5er,150000,diesel,bmw,yes,11.17
36539,3850,cabrio,manual,116,z_reihe,150000,petrol,bmw,no,22.5
36540,15800,coupe,manual,280,impreza,90000,petrol,subaru,no,20.33
36541,950,limousine,manual,72,others,150000,diesel,mercedes_benz,no,30.67
36542,790,small car,manual,75,fiesta,150000,petrol,ford,no,18.17
36543,4599,limousine,automatic,193,a6,150000,lpg,audi,no,18.75
36544,11599,limousine,manual,150,civic,70000,diesel,honda,no,5.67
36545,1600,station wagon,manual,75,cordoba,150000,petrol,seat,no,17.58
36546,3750,bus,manual,116,touran,150000,petrol,volkswagen,no,16.0
36548,4500,limousine,manual,250,5er,150000,petrol,bmw,no,20.83
36550,2800,limousine,manual,60,golf,125000,diesel,volkswagen,no,27.83
36551,5900,small car,manual,60,fabia,60000,petrol,skoda,no,8.5
36552,1050,station wagon,manual,193,passat,150000,petrol,volkswagen,no,20.0
36553,3622,cabrio,manual,61,fortwo,150000,petrol,smart,no,11.67
36554,10000,limousine,manual,105,golf,70000,petrol,volkswagen,no,8.83
36555,4500,bus,manual,102,touran,150000,petrol,volkswagen,no,14.25
36556,11000,station wagon,manual,143,exeo,150000,diesel,seat,no,8.17
36557,800,station wagon,manual,107,laguna,150000,petrol,renault,no,19.67
36558,4000,limousine,automatic,177,3er,100000,diesel,bmw,no,9.5
36559,2000,limousine,manual,102,a_klasse,125000,petrol,mercedes_benz,no,18.25
36561,3200,limousine,manual,150,toledo,150000,petrol,seat,no,13.67
36562,11900,station wagon,automatic,224,a6,150000,diesel,audi,no,14.0
36563,350,limousine,manual,75,golf,150000,petrol,volkswagen,no,25.33
36564,4490,bus,manual,140,golf,150000,diesel,volkswagen,no,13.33
36565,1250,station wagon,manual,140,a6,150000,diesel,audi,yes,21.25
36566,649,station wagon,manual,136,astra,150000,petrol,opel,no,20.83
36567,6250,bus,manual,109,b_klasse,150000,diesel,mercedes_benz,no,10.75
36568,7300,station wagon,manual,190,a6,150000,diesel,audi,yes,9.17
36569,650,small car,manual,65,corsa,150000,petrol,opel,no,19.58
36571,7750,station wagon,manual,145,x_type,150000,diesel,jaguar,no,11.92
36572,2900,bus,manual,113,scenic,150000,petrol,renault,no,14.5
36573,3500,small car,manual,54,polo,150000,petrol,volkswagen,no,13.83
36574,3495,limousine,automatic,143,c_klasse,150000,diesel,mercedes_benz,no,15.92
36577,1350,small car,manual,54,polo,150000,petrol,volkswagen,yes,15.25
36578,1200,cabrio,manual,135,2_reihe,150000,petrol,peugeot,no,17.67
36580,14600,station wagon,manual,156,5_reihe,70000,petrol,peugeot,no,9.0
36583,2999,station wagon,manual,116,a4,150000,diesel,audi,no,17.17
36584,4600,limousine,automatic,101,golf,150000,diesel,volkswagen,no,17.0
36587,2300,small car,automatic,73,others,80000,petrol,renault,no,29.67
36588,5000,bus,manual,136,c_max,150000,diesel,ford,no,10.42
36590,7950,cabrio,manual,140,eos,150000,diesel,volkswagen,no,12.58
36591,290,small car,manual,75,clio,150000,petrol,renault,yes,18.92
36594,3890,suv,manual,140,sorento,150000,diesel,kia,no,15.08
36597,4750,limousine,automatic,170,a6,90000,petrol,audi,no,15.25
36598,5390,station wagon,manual,140,passat,150000,diesel,volkswagen,no,11.42
36599,1100,limousine,manual,105,3er,150000,petrol,bmw,yes,17.0
36600,13850,station wagon,manual,156,accord,50000,petrol,honda,no,8.92
36601,15999,suv,automatic,224,m_klasse,150000,diesel,mercedes_benz,no,11.25
36603,8450,coupe,manual,231,3er,125000,petrol,bmw,no,16.25
36604,14000,suv,manual,171,navara,125000,diesel,nissan,no,11.58
36605,14950,station wagon,automatic,184,3er,150000,diesel,bmw,no,8.42
36606,31900,limousine,automatic,300,golf,30000,petrol,volkswagen,no,5.08
36607,370,small car,manual,55,lanos,150000,petrol,daewoo,no,18.83
36608,4400,limousine,manual,150,e_klasse,150000,diesel,mercedes_benz,no,16.75
36609,350,small car,manual,60,corsa,150000,petrol,opel,yes,26.0
36610,1800,limousine,manual,150,a6,150000,diesel,audi,no,20.0
36613,13500,station wagon,manual,231,5er,150000,diesel,bmw,no,11.08
36614,990,limousine,manual,101,a4,150000,petrol,audi,no,22.92
36615,6200,limousine,manual,83,civic,150000,petrol,honda,no,12.75
36616,4497,bus,manual,105,touran,150000,diesel,volkswagen,no,11.67
36619,10800,small car,manual,101,fiesta,20000,petrol,ford,no,5.42
36620,2400,limousine,manual,125,a3,150000,petrol,audi,no,16.58
36622,5300,station wagon,manual,193,a4,125000,petrol,audi,no,17.5
36625,650,small car,manual,75,fiesta,150000,petrol,ford,no,20.92
36626,1750,cabrio,automatic,61,fortwo,100000,petrol,smart,no,17.58
36627,2150,cabrio,manual,75,escort,125000,petrol,ford,no,21.5
36629,750,limousine,manual,102,3er,150000,petrol,bmw,no,24.58
36630,790,small car,manual,80,punto,150000,petrol,fiat,no,16.58
36631,1100,others,manual,101,others,150000,petrol,mazda,no,16.83
36634,26900,cabrio,manual,177,a5,30000,diesel,audi,no,5.83
36636,16500,suv,manual,174,touareg,150000,diesel,volkswagen,no,14.0
36638,1500,station wagon,manual,116,focus,150000,petrol,ford,no,19.92
36640,7700,limousine,manual,81,astra,150000,diesel,opel,no,5.58
36646,12900,limousine,automatic,387,s_klasse,150000,petrol,mercedes_benz,no,12.58
36647,1990,station wagon,automatic,179,others,150000,diesel,audi,yes,16.0
36648,5500,limousine,manual,140,a3,150000,diesel,audi,no,13.17
36649,12600,limousine,automatic,156,c_klasse,90000,petrol,mercedes_benz,no,9.67
36650,9350,bus,automatic,122,golf,60000,petrol,volkswagen,no,11.0
36651,18600,small car,manual,184,cooper,40000,petrol,mini,no,5.17
36653,11800,limousine,automatic,218,5er,90000,lpg,bmw,no,13.83
36654,3500,coupe,manual,193,clk,150000,petrol,mercedes_benz,no,20.0
36656,7300,bus,manual,140,touran,150000,petrol,volkswagen,no,11.17
36658,5860,suv,automatic,209,others,150000,petrol,ford,no,12.5
36663,9800,limousine,manual,120,others,30000,petrol,alfa_romeo,no,7.83
36664,30500,cabrio,manual,295,boxster,100000,petrol,porsche,no,9.08
36665,2990,cabrio,manual,115,golf,150000,petrol,volkswagen,no,17.08
36668,4750,station wagon,manual,220,a4,150000,diesel,audi,no,15.58
36670,1950,limousine,manual,102,3er,125000,petrol,bmw,no,24.0
36671,8500,limousine,manual,95,a_klasse,60000,petrol,mercedes_benz,no,8.25
36673,2950,small car,manual,50,polo,150000,petrol,volkswagen,no,17.67
36674,1150,station wagon,manual,120,omega,150000,diesel,opel,no,16.67
36675,5999,suv,automatic,140,sorento,150000,diesel,kia,no,13.67
36676,1400,station wagon,manual,90,golf,150000,diesel,volkswagen,no,20.58
36678,2800,station wagon,manual,90,golf,125000,diesel,volkswagen,no,20.25
36679,1500,limousine,manual,60,kadett,150000,petrol,opel,no,28.67
36681,500,station wagon,manual,75,3_reihe,150000,petrol,peugeot,no,21.0
36683,5450,limousine,automatic,224,a6,150000,diesel,audi,no,14.5
36684,9500,limousine,manual,122,golf,125000,petrol,volkswagen,no,6.42
36686,20999,station wagon,automatic,272,c_klasse,90000,petrol,mercedes_benz,no,8.92
36688,7499,limousine,manual,80,golf,90000,petrol,volkswagen,no,9.33
36689,6200,limousine,manual,179,a6,150000,diesel,audi,no,14.0
36690,600,small car,manual,54,punto,150000,petrol,fiat,no,20.25
36691,6500,limousine,manual,140,passat,150000,diesel,volkswagen,no,13.17
36692,18600,station wagon,automatic,235,5er,125000,diesel,bmw,no,11.92
36694,8200,suv,manual,140,others,150000,diesel,jeep,no,7.33
36695,2000,limousine,manual,113,3er,150000,petrol,bmw,no,30.58
36696,21490,limousine,automatic,184,5er,150000,diesel,bmw,no,6.25
36697,29980,station wagon,automatic,177,a6,40000,diesel,audi,no,6.83
36698,333,station wagon,manual,110,v40,150000,petrol,volvo,no,20.5
36699,2700,small car,manual,101,cordoba,150000,diesel,seat,no,14.17
36701,1999,limousine,manual,90,80,150000,petrol,audi,no,25.67
36702,950,small car,manual,60,fiesta,150000,petrol,ford,no,16.17
36703,6300,station wagon,automatic,163,e_klasse,150000,petrol,mercedes_benz,no,15.33
36704,18990,limousine,manual,163,3er,70000,diesel,bmw,no,8.92
36706,3200,limousine,manual,143,3er,150000,petrol,bmw,no,14.33
36707,2299,limousine,manual,116,3er,150000,petrol,bmw,no,16.92
36708,5500,limousine,manual,109,others,80000,petrol,mercedes_benz,no,28.75
36709,18900,bus,automatic,92,berlingo,20000,diesel,citroen,no,5.25
36711,11490,limousine,manual,143,3er,125000,petrol,bmw,no,8.58
36716,6000,limousine,automatic,224,s_klasse,150000,lpg,mercedes_benz,no,17.42
36720,8000,bus,manual,114,vivaro,100000,diesel,opel,no,6.5
36721,21750,limousine,manual,177,a5,150000,diesel,audi,no,5.08
36722,2100,small car,manual,140,golf,150000,diesel,volkswagen,no,15.08
36724,6499,suv,manual,150,rav,125000,petrol,toyota,no,17.33
36725,11250,small car,manual,101,others,20000,petrol,opel,no,5.83
36726,72500,coupe,manual,160,others,90000,petrol,renault,no,34.67
36727,13900,bus,manual,102,caddy,60000,diesel,volkswagen,no,7.42
36729,3990,small car,manual,65,punto,50000,petrol,fiat,no,9.42
36730,3800,station wagon,automatic,109,1_reihe,90000,petrol,peugeot,no,11.33
36732,1000,limousine,manual,109,e_klasse,150000,petrol,mercedes_benz,no,29.0
36733,5199,station wagon,automatic,163,c_klasse,150000,petrol,mercedes_benz,no,16.92
36735,530,small car,manual,69,golf,150000,petrol,volkswagen,no,28.75
36737,1400,limousine,manual,125,toledo,150000,petrol,seat,no,18.92
36738,2600,station wagon,manual,170,3er,150000,petrol,bmw,no,17.58
36739,3650,station wagon,manual,150,3er,150000,diesel,bmw,no,16.83
36741,2490,suv,manual,124,others,150000,petrol,ford,no,16.25
36742,15500,suv,automatic,224,touareg,150000,diesel,volkswagen,no,12.75
36745,599,small car,manual,75,twingo,150000,petrol,renault,no,17.42
36750,33000,limousine,automatic,326,q7,150000,diesel,audi,no,10.42
36751,1690,others,manual,75,kangoo,150000,petrol,renault,no,17.67
36752,1799,coupe,manual,102,3er,150000,petrol,bmw,no,23.33
36753,3450,station wagon,manual,54,others,150000,petrol,peugeot,no,16.0
36757,1600,station wagon,manual,163,5er,150000,diesel,bmw,no,18.75
36758,2000,small car,manual,60,polo,150000,petrol,volkswagen,no,18.25
36759,5400,cabrio,manual,150,3er,150000,petrol,bmw,no,20.67
36760,6590,limousine,manual,140,4_reihe,125000,diesel,peugeot,no,9.5
36762,3900,small car,manual,60,polo,50000,petrol,volkswagen,no,18.08
36763,10500,station wagon,manual,140,golf,125000,diesel,volkswagen,no,9.5
36765,5990,suv,manual,150,captiva,125000,diesel,chevrolet,no,10.42
36767,7500,bus,manual,143,5_reihe,125000,diesel,mazda,no,12.58
36768,3450,small car,manual,105,3er,150000,petrol,bmw,no,16.83
36769,3400,station wagon,automatic,193,5er,150000,diesel,bmw,no,16.33
36770,7499,coupe,automatic,200,golf,150000,petrol,volkswagen,no,13.58
36771,1000,limousine,manual,90,a_klasse,150000,diesel,mercedes_benz,no,20.92
36772,6400,station wagon,manual,231,5er,150000,diesel,bmw,no,13.0
36773,13450,limousine,automatic,141,qashqai,100000,petrol,nissan,no,8.42
36775,24990,bus,manual,174,transporter,125000,diesel,volkswagen,no,11.0
36776,3990,limousine,manual,143,3er,150000,petrol,bmw,no,14.75
36778,3950,limousine,automatic,192,5er,150000,petrol,bmw,no,16.92
36779,3450,bus,manual,90,berlingo,150000,diesel,citroen,no,10.33
36780,350,limousine,automatic,75,golf,150000,petrol,volkswagen,yes,23.33
36781,17500,suv,automatic,140,tiguan,80000,diesel,volkswagen,no,9.25
36783,1689,small car,manual,125,a3,150000,petrol,audi,no,18.17
36784,8888,bus,manual,102,golf,100000,petrol,volkswagen,no,11.42
36785,54900,limousine,automatic,250,others,150000,diesel,porsche,no,6.83
36786,7650,small car,manual,86,rio,60000,petrol,kia,no,6.25
36787,9999,limousine,manual,122,1er,60000,petrol,bmw,no,8.5
36788,2400,small car,manual,64,polo,150000,petrol,volkswagen,no,15.25
36789,3599,small car,manual,54,fabia,125000,petrol,skoda,no,9.33
36790,3700,bus,manual,109,vito,150000,diesel,mercedes_benz,no,14.0
36791,8550,bus,manual,136,transporter,150000,diesel,volkswagen,no,8.42
36792,1600,limousine,manual,101,vectra,150000,petrol,opel,no,18.33
36793,13990,suv,manual,163,i_reihe,100000,lpg,hyundai,no,8.67
36794,850,small car,manual,58,others,125000,petrol,hyundai,no,17.67
36795,16999,cabrio,manual,170,3er,150000,petrol,bmw,no,30.25
36796,2250,cabrio,automatic,54,fortwo,150000,petrol,smart,no,18.5
36797,9300,limousine,manual,218,x_reihe,150000,diesel,bmw,no,13.25
36798,2699,limousine,manual,200,passat,150000,petrol,volkswagen,no,20.08
36799,4700,limousine,manual,204,3er,150000,diesel,bmw,no,14.5
36800,4500,station wagon,manual,82,altea,150000,lpg,seat,yes,10.33
36801,4200,small car,manual,68,c1,50000,petrol,citroen,no,9.67
36805,7100,limousine,manual,163,1er,150000,diesel,bmw,no,13.5
36806,8400,cabrio,manual,116,cooper,90000,petrol,mini,no,14.58
36808,15950,limousine,manual,131,qashqai,60000,diesel,nissan,no,6.25
36809,26500,limousine,automatic,170,q5,100000,diesel,audi,no,7.67
36810,14999,limousine,automatic,239,q7,150000,diesel,audi,no,10.08
36811,10000,limousine,automatic,204,e_klasse,150000,diesel,mercedes_benz,no,14.5
36813,1000,small car,manual,50,polo,90000,petrol,volkswagen,yes,20.08
36814,850,small car,manual,45,1_reihe,150000,petrol,peugeot,no,21.58
36816,101,small car,manual,85,i_reihe,5000,petrol,hyundai,no,3.92
36817,4500,limousine,manual,143,e_klasse,150000,diesel,mercedes_benz,no,19.0
36819,2600,station wagon,manual,125,signum,150000,diesel,opel,no,14.92
36821,2000,station wagon,automatic,125,passat,150000,petrol,volkswagen,no,20.17
36822,2000,limousine,manual,90,golf,150000,diesel,volkswagen,no,19.08
36823,10999,limousine,automatic,177,5er,150000,petrol,bmw,no,12.5
36824,7450,small car,manual,69,polo,125000,petrol,volkswagen,no,9.58
36827,7000,limousine,automatic,475,a8,150000,petrol,audi,no,15.0
36829,4000,bus,manual,102,transporter,150000,diesel,volkswagen,no,19.33
36831,17500,cabrio,automatic,306,sl,100000,petrol,mercedes_benz,no,15.25
36832,299,limousine,manual,155,156,150000,petrol,alfa_romeo,no,19.25
36833,9300,limousine,automatic,150,3er,80000,petrol,bmw,no,12.5
36834,4250,station wagon,manual,105,astra,80000,petrol,opel,no,13.83
36835,4000,cabrio,manual,133,80,150000,petrol,audi,no,25.75
36836,6480,limousine,manual,26,601,20000,petrol,trabant,no,28.08
36839,2699,small car,automatic,41,fortwo,150000,diesel,smart,no,15.42
36841,9900,cabrio,manual,101,beetle,150000,diesel,volkswagen,no,13.33
36842,400,small car,manual,70,others,60000,petrol,citroen,yes,28.08
36843,1600,coupe,manual,80,punto,150000,petrol,fiat,yes,16.0
36844,10999,limousine,manual,226,focus,150000,petrol,ford,no,12.5
36846,18999,station wagon,automatic,232,a4,150000,diesel,audi,no,10.25
36849,800,limousine,automatic,125,a3,150000,petrol,audi,no,22.92
36852,2050,small car,automatic,72,corsa,100000,petrol,opel,no,17.5
36853,14900,cabrio,automatic,231,slk,70000,petrol,mercedes_benz,no,12.25
36855,4499,small car,automatic,68,c1,90000,petrol,citroen,no,10.5
36856,4800,bus,manual,88,transporter,150000,diesel,volkswagen,no,15.75
36858,7200,small car,automatic,90,corsa,80000,petrol,opel,no,10.0
36859,11600,station wagon,automatic,143,a4,125000,diesel,audi,no,10.5
36860,4950,small car,manual,86,others,80000,petrol,mazda,no,11.0
36861,6700,small car,automatic,54,fortwo,80000,diesel,smart,no,7.83
36863,3800,small car,manual,58,twingo,50000,petrol,renault,no,10.25
36864,15900,cabrio,manual,190,tt,60000,petrol,audi,no,12.42
36865,4300,limousine,manual,109,c4,100000,petrol,citroen,no,15.0
36866,5500,small car,manual,120,others,125000,petrol,fiat,no,10.75
36868,1999,limousine,manual,170,c_klasse,150000,diesel,mercedes_benz,no,16.5
36869,1399,limousine,manual,75,golf,150000,petrol,volkswagen,no,21.33
36871,5850,limousine,manual,105,golf,150000,diesel,volkswagen,no,14.5
36872,3900,station wagon,manual,136,passat,150000,diesel,volkswagen,no,13.17
36874,2490,station wagon,manual,75,fabia,150000,petrol,skoda,no,13.25
36875,10150,limousine,automatic,218,3er,50000,petrol,bmw,no,12.25
36876,800,small car,manual,65,corsa,150000,petrol,opel,no,17.25
36877,2000,station wagon,manual,280,legacy,150000,petrol,subaru,yes,18.75
36882,3200,station wagon,manual,135,laguna,150000,petrol,renault,no,13.58
36883,1200,small car,manual,85,yaris,150000,petrol,toyota,no,16.33
36884,2350,bus,manual,69,combo,60000,diesel,opel,no,13.92
36885,2400,station wagon,manual,131,passat,150000,diesel,volkswagen,no,17.58
36886,1990,small car,manual,75,lupo,150000,petrol,volkswagen,no,20.92
36887,1350,limousine,manual,122,c_klasse,150000,petrol,mercedes_benz,no,24.92
36888,2850,limousine,manual,108,e_klasse,150000,petrol,mercedes_benz,no,27.0
36889,1750,others,manual,115,3er,150000,petrol,bmw,no,16.08
36890,550,station wagon,manual,140,v40,150000,petrol,volvo,no,19.17
36891,2800,station wagon,manual,163,e_klasse,150000,petrol,mercedes_benz,no,16.33
36892,6690,station wagon,manual,231,5er,150000,diesel,bmw,no,14.0
36894,3555,small car,automatic,109,c3,100000,petrol,citroen,no,15.17
36899,6800,limousine,manual,116,octavia,125000,petrol,skoda,no,11.08
36901,2000,bus,manual,116,alhambra,150000,diesel,seat,yes,15.08
36903,2700,small car,manual,80,ypsilon,90000,petrol,lancia,no,15.0
36907,5900,bus,automatic,109,vito,150000,diesel,mercedes_benz,no,15.0
36908,6300,station wagon,manual,129,avensis,125000,petrol,toyota,no,12.5
36909,5199,station wagon,manual,105,passat,150000,diesel,volkswagen,no,13.0
36912,16900,coupe,automatic,333,6er,150000,petrol,bmw,no,14.75
36913,10500,bus,automatic,101,meriva,90000,diesel,opel,no,7.33
36914,550,small car,manual,75,corsa,150000,petrol,opel,no,16.5
36916,5900,small car,manual,116,cooper,100000,petrol,mini,no,13.67
36917,1100,small car,manual,80,punto,150000,diesel,fiat,no,19.0
36918,4000,station wagon,manual,163,passat,150000,diesel,volkswagen,no,14.5
36919,2500,station wagon,manual,68,logan,150000,diesel,dacia,no,9.08
36920,3750,station wagon,manual,131,mondeo,150000,diesel,ford,no,11.25
36922,7600,cabrio,manual,150,3er,150000,diesel,bmw,no,13.42
36923,12488,limousine,automatic,224,phaeton,150000,diesel,volkswagen,no,13.33
36925,4800,small car,manual,101,fabia,70000,petrol,skoda,no,11.67
36926,1999,limousine,manual,75,golf,150000,petrol,volkswagen,no,19.0
36929,1299,small car,manual,60,punto,80000,petrol,fiat,no,16.08
36930,21800,station wagon,manual,125,a3,10000,petrol,audi,no,3.33
36931,3900,coupe,manual,136,c4,90000,petrol,citroen,no,13.58
36932,1200,limousine,manual,107,laguna,150000,petrol,renault,no,19.33
36934,16490,station wagon,manual,163,v60,125000,diesel,volvo,no,6.83
36935,23900,bus,manual,145,vivaro,70000,diesel,opel,no,7.42
36937,3500,limousine,manual,131,a4,150000,petrol,audi,no,17.5
36939,3300,station wagon,manual,90,kangoo,100000,petrol,renault,no,15.08
36941,750,limousine,manual,75,golf,150000,petrol,volkswagen,no,22.5
36942,7900,station wagon,manual,140,a4,150000,diesel,audi,no,11.08
36943,4990,suv,manual,177,rav,150000,diesel,toyota,no,13.0
36944,1790,limousine,manual,150,octavia,150000,petrol,skoda,no,18.25
36945,3200,station wagon,manual,101,golf,150000,diesel,volkswagen,no,15.5
36946,3500,station wagon,manual,105,astra,150000,petrol,opel,no,12.67
36948,28999,cabrio,automatic,396,3er,70000,petrol,bmw,no,9.83
36950,8450,limousine,manual,110,golf,150000,diesel,volkswagen,no,9.33
36951,600,limousine,manual,101,golf,150000,petrol,volkswagen,yes,19.25
36952,450,small car,manual,37,fiesta,60000,petrol,ford,no,20.92
36957,2399,small car,manual,60,polo,125000,petrol,volkswagen,no,17.08
36959,8950,bus,automatic,109,b_klasse,125000,diesel,mercedes_benz,no,11.75
36960,15500,limousine,automatic,235,x_reihe,150000,diesel,bmw,yes,11.83
36961,3000,limousine,manual,192,5er,150000,petrol,bmw,no,27.17
36963,4800,small car,manual,95,fiesta,100000,diesel,ford,yes,8.5
36964,13900,cabrio,manual,118,others,70000,petrol,fiat,no,44.42
36966,5500,limousine,manual,116,a3,150000,petrol,audi,no,12.92
36968,8600,small car,manual,86,ibiza,80000,petrol,seat,yes,5.42
36970,7700,station wagon,automatic,140,a3,150000,diesel,audi,no,12.75
36971,8980,cabrio,manual,224,tt,150000,petrol,audi,no,19.92
36973,9999,limousine,manual,163,c_klasse,125000,petrol,mercedes_benz,no,12.5
36975,2990,limousine,automatic,95,a_klasse,150000,diesel,mercedes_benz,no,14.42
36976,17000,suv,manual,110,tiguan,50000,diesel,volkswagen,no,4.33
36977,1900,limousine,manual,122,c_klasse,125000,petrol,mercedes_benz,no,21.17
36979,3000,suv,manual,109,others,150000,diesel,mazda,yes,18.17
36980,3800,limousine,manual,211,vectra,150000,petrol,opel,no,16.75
36982,6900,station wagon,manual,140,a4,150000,diesel,audi,no,13.33
36985,34500,coupe,manual,170,a5,20000,petrol,audi,no,4.92
36986,2200,coupe,manual,116,3er,150000,petrol,bmw,no,15.58
36988,6000,limousine,manual,116,focus,150000,diesel,ford,no,13.0
36991,3750,station wagon,manual,105,astra,150000,petrol,opel,no,12.83
36994,7200,coupe,automatic,367,cl,150000,petrol,mercedes_benz,no,18.17
36995,2600,station wagon,automatic,150,3er,150000,diesel,bmw,no,15.83
36997,900,limousine,automatic,98,voyager,150000,petrol,chrysler,no,18.42
36998,5400,station wagon,manual,140,passat,150000,diesel,volkswagen,no,11.42
36999,1499,limousine,manual,75,colt,150000,petrol,mitsubishi,no,14.0
37003,4200,small car,manual,54,polo,100000,petrol,volkswagen,no,13.83
37004,680,small car,manual,60,corsa,150000,petrol,opel,no,21.83
37005,19900,suv,automatic,170,glk,125000,diesel,mercedes_benz,no,9.42
37006,499,small car,manual,45,corsa,150000,petrol,opel,no,23.5
37008,3900,small car,manual,80,polo,100000,petrol,volkswagen,no,11.58
37009,3700,small car,manual,101,ibiza,150000,petrol,seat,no,12.83
37010,3300,suv,manual,181,pajero,150000,petrol,mitsubishi,no,22.67
37011,59990,cabrio,manual,355,911,50000,petrol,porsche,no,11.25
37013,7450,limousine,manual,116,1er,150000,diesel,bmw,no,9.58
37015,1650,limousine,manual,136,astra,100000,petrol,opel,no,20.67
37016,3800,station wagon,automatic,179,a6,150000,diesel,audi,no,14.25
37018,5500,bus,manual,91,others,125000,diesel,mercedes_benz,no,13.67
37019,750,limousine,manual,75,astra,150000,petrol,opel,no,21.25
37020,9800,station wagon,manual,140,passat,150000,diesel,volkswagen,no,12.08
37021,850,limousine,automatic,90,golf,150000,petrol,volkswagen,no,26.92
37022,4790,suv,automatic,218,m_klasse,150000,lpg,mercedes_benz,no,19.92
37023,2222,station wagon,automatic,155,signum,150000,petrol,opel,no,14.25
37024,8250,limousine,automatic,122,1er,80000,petrol,bmw,no,10.08
37025,2199,small car,manual,67,i_reihe,125000,petrol,hyundai,no,10.83
37026,750,small car,manual,60,fiesta,125000,petrol,ford,no,21.17
37027,4590,station wagon,automatic,150,vectra,150000,diesel,opel,no,10.5
37028,590,small car,manual,54,corsa,150000,petrol,opel,no,20.0
37030,13900,cabrio,manual,192,z_reihe,100000,petrol,bmw,no,19.25
37032,10000,small car,manual,110,juke,125000,diesel,nissan,no,9.0
37033,150,small car,manual,40,polo,150000,petrol,volkswagen,yes,21.08
37035,550,limousine,manual,44,golf,150000,petrol,volkswagen,no,23.08
37037,3900,small car,manual,75,polo,100000,petrol,volkswagen,no,14.08
37038,1850,limousine,manual,150,3er,150000,petrol,bmw,no,20.83
37039,1700,bus,manual,90,scenic,150000,petrol,renault,no,20.83
37040,8700,cabrio,manual,163,clk,150000,petrol,mercedes_benz,no,15.17
37041,8500,station wagon,manual,200,a4,150000,petrol,audi,no,13.33
37042,3999,station wagon,manual,69,fabia,150000,petrol,skoda,no,9.83
37043,2000,station wagon,manual,163,v40,150000,petrol,volvo,no,15.0
37044,6800,small car,automatic,71,fortwo,30000,petrol,smart,no,7.5
37045,1900,small car,manual,101,polo,150000,diesel,volkswagen,no,16.92
37046,13000,suv,automatic,218,x_reihe,150000,diesel,bmw,no,14.83
37047,10500,small car,manual,48,others,80000,petrol,fiat,no,58.25
37050,7500,small car,manual,85,polo,100000,petrol,volkswagen,no,7.0
37051,4950,small car,manual,45,polo,20000,petrol,volkswagen,no,28.42
37053,1200,small car,manual,60,2_reihe,80000,petrol,peugeot,no,17.25
37055,1650,station wagon,manual,116,bora,150000,petrol,volkswagen,no,18.08
37056,3400,station wagon,manual,136,v40,125000,petrol,volvo,no,14.08
37058,1650,limousine,manual,90,c_klasse,70000,petrol,mercedes_benz,no,20.5
37062,14400,limousine,manual,143,a4,125000,diesel,audi,yes,12.0
37063,2250,station wagon,automatic,131,mondeo,150000,diesel,ford,no,17.0
37064,9000,cabrio,manual,136,e_klasse,150000,petrol,mercedes_benz,no,24.75
37065,14590,bus,manual,126,verso,70000,diesel,toyota,no,7.5
37068,1050,coupe,automatic,150,3er,150000,petrol,bmw,no,21.08
37070,3590,small car,manual,88,clio,150000,petrol,renault,no,12.25
37072,2900,coupe,automatic,163,others,150000,petrol,mercedes_benz,no,17.42
37073,12500,limousine,manual,125,leon,90000,petrol,seat,no,5.5
37074,3333,small car,manual,75,polo,150000,petrol,volkswagen,no,13.92
37076,39300,suv,automatic,250,grand,60000,diesel,jeep,no,5.92
37078,11500,small car,manual,156,others,50000,petrol,citroen,no,7.33
37079,950,small car,manual,60,2_reihe,150000,petrol,peugeot,no,17.42
37080,5100,bus,manual,84,doblo,150000,diesel,fiat,no,10.5
37083,5550,small car,manual,75,fox,100000,petrol,volkswagen,no,9.58
37084,1500,station wagon,automatic,102,bora,150000,petrol,volkswagen,no,17.33
37085,5600,limousine,automatic,188,7er,100000,petrol,bmw,no,27.42
37086,1200,small car,manual,75,cordoba,150000,petrol,seat,no,17.42
37088,5500,small car,manual,80,corsa,70000,petrol,opel,no,9.25
37089,700,limousine,manual,69,jetta,150000,petrol,volkswagen,no,27.42
37091,600,limousine,manual,75,others,125000,petrol,opel,yes,30.42
37092,5700,bus,manual,110,verso,150000,petrol,toyota,no,13.5
37093,1599,small car,manual,65,yaris,150000,petrol,toyota,no,15.83
37094,4200,small car,manual,125,corsa,150000,diesel,opel,no,10.08
37095,3700,station wagon,manual,131,a4,150000,diesel,audi,no,15.08
37096,5850,station wagon,manual,102,caddy,150000,petrol,volkswagen,no,11.58
37097,8700,station wagon,automatic,105,caddy,150000,diesel,volkswagen,no,10.17
37098,850,station wagon,manual,90,mondeo,150000,diesel,ford,no,17.67
37099,1099,station wagon,manual,107,laguna,150000,diesel,renault,no,17.58
37100,19000,limousine,automatic,235,s_klasse,150000,diesel,mercedes_benz,no,11.58
37102,850,limousine,manual,75,golf,150000,petrol,volkswagen,yes,21.25
37104,4755,limousine,manual,140,a3,150000,diesel,audi,no,15.83
37105,7499,small car,manual,69,500,40000,petrol,fiat,no,6.17
37106,11990,station wagon,automatic,140,passat,150000,diesel,volkswagen,no,5.67
37108,4700,cabrio,automatic,71,fortwo,125000,petrol,smart,no,10.08
37109,2990,station wagon,manual,150,a6,150000,petrol,audi,no,22.0
37111,6800,suv,manual,163,others,150000,diesel,mercedes_benz,no,14.33
37114,3900,suv,manual,139,discovery,150000,diesel,land_rover,no,17.33
37115,799,limousine,manual,75,colt,150000,petrol,mitsubishi,no,20.83
37116,1550,bus,manual,101,meriva,150000,petrol,opel,yes,14.5
37117,11200,bus,manual,131,meriva,60000,diesel,opel,no,7.0
37120,13900,suv,automatic,313,touareg,125000,diesel,volkswagen,no,14.75
37121,888,small car,manual,58,twingo,150000,petrol,renault,no,16.25
37122,7800,limousine,manual,105,golf,150000,diesel,volkswagen,no,12.83
37123,4250,limousine,manual,116,passat,150000,petrol,volkswagen,no,14.92
37124,5999,small car,automatic,15,others,10000,electro,renault,no,4.25
37125,2999,cabrio,manual,116,3er,150000,petrol,bmw,no,21.42
37128,2150,small car,manual,50,lupo,125000,petrol,volkswagen,no,16.33
37129,10250,limousine,automatic,177,x_reihe,150000,diesel,bmw,no,10.75
37131,1999,limousine,manual,118,3er,150000,petrol,bmw,yes,19.08
37132,1000,small car,manual,55,micra,150000,petrol,nissan,no,24.33
37133,2200,station wagon,manual,85,passat,150000,diesel,volkswagen,yes,20.0
37134,500,small car,manual,60,1_reihe,150000,petrol,peugeot,no,21.75
37135,2800,limousine,automatic,170,c_klasse,90000,petrol,mercedes_benz,no,20.75
37136,3100,limousine,manual,136,c_klasse,150000,diesel,mercedes_benz,yes,15.0
37137,6000,limousine,manual,150,a3,125000,petrol,audi,no,14.5
37138,10500,limousine,manual,170,outlander,90000,petrol,mitsubishi,no,10.33
37139,3550,station wagon,manual,109,focus,150000,diesel,ford,no,11.92
37140,1399,limousine,automatic,136,e_klasse,150000,petrol,mercedes_benz,no,22.67
37141,19800,cabrio,automatic,177,1er,70000,diesel,bmw,no,7.25
37143,900,limousine,manual,75,focus,150000,petrol,ford,no,19.92
37144,600,bus,manual,170,espace,150000,diesel,renault,yes,16.92
37145,4390,limousine,manual,60,corsa,125000,petrol,opel,no,9.17
37148,3900,limousine,manual,163,c_klasse,150000,petrol,mercedes_benz,no,18.75
37155,7499,station wagon,automatic,170,a6,150000,petrol,audi,no,12.25
37157,3850,small car,manual,67,i_reihe,80000,petrol,hyundai,no,9.67
37158,3000,small car,manual,105,golf,150000,diesel,volkswagen,yes,13.75
37159,4000,small car,manual,116,cooper,150000,petrol,mini,no,14.42
37161,1490,coupe,manual,80,corsa,150000,petrol,opel,yes,15.0
37164,900,bus,manual,150,others,150000,petrol,mitsubishi,no,20.83
37168,11950,limousine,manual,116,3_reihe,60000,diesel,mazda,no,5.08
37170,2700,small car,manual,75,ibiza,125000,petrol,seat,no,13.5
37174,9600,small car,manual,71,fortwo,20000,petrol,smart,no,3.17
37175,10700,limousine,automatic,231,7er,150000,petrol,bmw,no,14.33
37178,4000,cabrio,manual,75,golf,150000,petrol,volkswagen,no,27.0
37179,1200,limousine,manual,90,80,20000,petrol,audi,no,24.67
37180,5999,station wagon,manual,140,passat,150000,diesel,volkswagen,no,12.08
37181,1400,cabrio,manual,90,golf,150000,petrol,volkswagen,no,25.67
37182,27500,suv,automatic,140,tiguan,20000,diesel,volkswagen,no,5.92
37184,2800,bus,manual,86,transporter,150000,petrol,volkswagen,no,25.08
37186,9850,station wagon,automatic,149,e_klasse,150000,diesel,mercedes_benz,no,27.0
37187,5000,limousine,automatic,170,c_klasse,70000,petrol,mercedes_benz,no,15.58
37189,2329,small car,manual,54,polo,125000,petrol,volkswagen,no,15.08
37191,4950,station wagon,manual,140,3_reihe,150000,petrol,peugeot,no,10.5
37192,8000,bus,manual,80,golf,50000,petrol,volkswagen,no,10.33
37193,399,small car,manual,50,polo,150000,petrol,volkswagen,yes,18.25
37194,8249,limousine,manual,125,others,70000,petrol,volvo,no,11.17
37197,750,coupe,manual,116,others,150000,petrol,ford,yes,21.67
37199,15200,coupe,automatic,177,3er,150000,diesel,bmw,no,9.75
37200,2200,small car,manual,80,micra,150000,petrol,nissan,no,12.58
37201,9999,small car,manual,86,ibiza,50000,petrol,seat,no,8.33
37202,2300,limousine,manual,109,c4,150000,diesel,citroen,no,13.33
37204,800,small car,manual,60,ka,125000,petrol,ford,no,15.0
37206,1850,limousine,manual,122,c_klasse,150000,petrol,mercedes_benz,no,24.83
37207,2250,station wagon,manual,129,c_klasse,150000,petrol,mercedes_benz,no,17.92
37208,249,small car,manual,60,golf,150000,petrol,volkswagen,no,22.75
37209,3500,small car,manual,60,corsa,90000,petrol,opel,no,12.67
37210,444,limousine,manual,115,focus,150000,diesel,ford,yes,17.17
37211,1600,limousine,manual,129,5er,150000,petrol,bmw,no,30.58
37212,4699,small car,manual,60,polo,150000,petrol,volkswagen,no,10.83
37214,11499,station wagon,automatic,143,a4,150000,diesel,audi,no,7.67
37216,12000,limousine,manual,143,1er,100000,diesel,bmw,no,8.75
37217,14150,limousine,automatic,170,e_klasse,100000,diesel,mercedes_benz,no,12.0
37218,6500,cabrio,manual,150,2_reihe,125000,petrol,peugeot,no,11.25
37221,1500,limousine,manual,125,a3,150000,petrol,audi,no,20.25
37222,13600,limousine,automatic,272,s_klasse,150000,petrol,mercedes_benz,no,11.08
37223,9300,station wagon,manual,143,a4,150000,diesel,audi,no,9.83
37224,6900,station wagon,manual,109,ceed,90000,petrol,kia,no,9.75
37225,1099,limousine,manual,125,passat,150000,petrol,volkswagen,no,22.75
37226,22900,station wagon,manual,150,a3,20000,petrol,audi,no,3.08
37227,1300,limousine,manual,150,5er,150000,petrol,bmw,no,21.58
37229,6500,station wagon,manual,110,astra,125000,diesel,opel,no,7.67
37232,6400,small car,automatic,54,fortwo,60000,diesel,smart,no,8.67
37233,2850,small car,manual,54,polo,70000,petrol,volkswagen,no,16.25
37234,33999,suv,manual,150,range_rover_evoque,30000,diesel,land_rover,no,4.92
37236,2100,limousine,automatic,101,vectra,150000,petrol,opel,no,19.25
37237,5250,bus,automatic,140,altea,150000,diesel,seat,no,13.33
37240,2049,station wagon,manual,101,astra,150000,petrol,opel,no,17.08
37241,12800,limousine,automatic,95,a_klasse,10000,petrol,mercedes_benz,no,7.92
37242,21400,limousine,automatic,165,astra,10000,diesel,opel,no,5.0
37247,3250,limousine,manual,116,3er,150000,petrol,bmw,no,15.92
37248,17800,station wagon,automatic,435,others,150000,petrol,audi,no,12.83
37250,6000,station wagon,manual,170,passat,150000,diesel,volkswagen,no,11.83
37251,4200,small car,manual,65,micra,80000,petrol,nissan,no,8.08
37252,15999,station wagon,automatic,136,e_klasse,125000,diesel,mercedes_benz,no,10.25
37256,1000,small car,manual,60,micra,150000,petrol,nissan,no,18.0
37257,19500,limousine,manual,235,golf,40000,petrol,volkswagen,no,6.25
37258,2650,coupe,manual,129,c_klasse,150000,petrol,mercedes_benz,no,17.33
37259,29999,small car,manual,218,cooper,20000,petrol,mini,no,5.33
37261,1090,small car,manual,75,2_reihe,150000,petrol,peugeot,no,17.5
37263,2200,small car,manual,60,lupo,150000,petrol,volkswagen,no,16.5
37264,10500,small car,manual,87,i_reihe,20000,petrol,hyundai,no,4.75
37266,16450,limousine,manual,241,leon,60000,petrol,seat,no,9.5
37267,550,small car,manual,54,corsa,125000,petrol,opel,no,20.33
37269,7900,limousine,automatic,334,a8,150000,petrol,audi,no,15.75
37271,1290,small car,manual,58,corsa,150000,petrol,opel,no,18.5
37272,13700,bus,manual,116,5_reihe,60000,diesel,mazda,no,7.83
37275,18900,coupe,manual,200,tt,90000,petrol,audi,no,9.83
37277,5885,station wagon,manual,109,others,150000,diesel,volkswagen,no,12.5
37278,2000,cabrio,manual,109,2_reihe,150000,petrol,peugeot,no,15.58
37280,4500,coupe,manual,170,3er,125000,petrol,bmw,yes,14.08
37281,2500,limousine,manual,116,beetle,150000,petrol,volkswagen,no,19.58
37284,2200,limousine,automatic,170,stilo,150000,petrol,fiat,no,16.42
37285,13400,limousine,automatic,136,e_klasse,150000,diesel,mercedes_benz,no,11.67
37286,2600,limousine,automatic,95,a_klasse,150000,diesel,mercedes_benz,no,14.42
37287,3600,station wagon,manual,140,passat,150000,diesel,volkswagen,no,12.92
37288,3000,coupe,automatic,140,3er,150000,petrol,bmw,no,22.58
37289,50000,others,automatic,385,911,90000,petrol,porsche,no,9.5
37290,5000,small car,manual,75,polo,125000,petrol,volkswagen,no,13.92
37294,5500,suv,automatic,220,touareg,150000,petrol,volkswagen,yes,15.33
37297,12000,cabrio,manual,220,tt,80000,petrol,audi,no,13.42
37299,1499,small car,manual,60,ka,100000,petrol,ford,no,17.42
37300,14900,suv,automatic,211,touareg,150000,diesel,volkswagen,no,10.42
37303,5100,limousine,manual,110,147,125000,diesel,alfa_romeo,no,13.0
37306,1100,coupe,manual,131,others,150000,petrol,ford,no,18.5
37308,690,small car,manual,60,punto,20000,petrol,fiat,no,15.25
37309,16750,cabrio,manual,300,others,100000,petrol,nissan,no,12.42
37311,9900,limousine,automatic,122,golf,50000,petrol,volkswagen,no,9.33
37312,26500,limousine,automatic,245,7er,150000,diesel,bmw,no,8.83
37314,4100,others,manual,85,3er,125000,petrol,bmw,no,17.0
37315,5750,station wagon,manual,105,octavia,150000,diesel,skoda,no,12.75
37317,15400,station wagon,manual,105,golf,50000,diesel,volkswagen,no,5.83
37318,1150,small car,manual,60,lupo,150000,petrol,volkswagen,no,17.33
37319,14000,limousine,manual,170,159,100000,diesel,alfa_romeo,no,10.0
37322,8600,station wagon,automatic,163,e_klasse,150000,petrol,mercedes_benz,no,13.5
37323,2200,limousine,automatic,170,3er,150000,lpg,bmw,no,22.5
37325,32500,bus,automatic,224,viano,60000,diesel,mercedes_benz,no,5.58
37327,1800,coupe,manual,102,3er,80000,petrol,bmw,no,21.33
37328,1150,small car,manual,75,golf,150000,petrol,volkswagen,yes,19.58
37329,2800,station wagon,manual,91,materia,150000,petrol,daihatsu,yes,11.83
37330,2350,small car,manual,65,clio,150000,diesel,renault,no,15.17
37331,1100,station wagon,automatic,75,fabia,150000,petrol,skoda,yes,16.25
37333,800,small car,manual,75,others,150000,petrol,toyota,no,22.5
37334,10499,limousine,automatic,177,x_reihe,150000,diesel,bmw,no,10.83
37335,10200,cabrio,automatic,344,a4,150000,petrol,audi,no,13.17
37337,10990,station wagon,automatic,272,e_klasse,150000,petrol,mercedes_benz,no,14.0
37338,800,bus,manual,113,espace,150000,diesel,renault,no,18.67
37339,200,station wagon,manual,85,focus,150000,petrol,ford,yes,16.25
37341,13990,bus,automatic,136,b_klasse,40000,petrol,mercedes_benz,no,8.25
37342,2700,bus,manual,120,zafira,150000,diesel,opel,yes,12.75
37343,2099,limousine,manual,105,3er,150000,petrol,bmw,no,18.42
37344,2999,small car,manual,109,2_reihe,150000,lpg,peugeot,no,12.67
37345,2200,bus,manual,122,v_klasse,150000,diesel,mercedes_benz,no,19.5
37346,8950,limousine,manual,163,5er,150000,diesel,bmw,no,12.17
37349,1500,station wagon,manual,75,golf,150000,petrol,volkswagen,no,22.25
37350,2200,small car,manual,69,corsa,150000,diesel,opel,no,15.92
37351,13990,station wagon,automatic,232,others,150000,diesel,audi,no,12.92
37352,1099,small car,manual,60,ka,90000,petrol,ford,no,19.67
37353,9400,limousine,automatic,224,e_klasse,150000,diesel,mercedes_benz,no,14.0
37354,9999,bus,manual,140,galaxy,150000,diesel,ford,no,10.0
37356,1499,small car,manual,58,corsa,150000,petrol,opel,no,15.25
37357,17800,limousine,automatic,326,a8,150000,diesel,audi,no,11.5
37359,2900,station wagon,automatic,131,passat,150000,diesel,volkswagen,no,14.92
37362,6199,limousine,manual,90,ceed,90000,petrol,kia,no,8.08
37364,1450,small car,automatic,90,a_klasse,150000,diesel,mercedes_benz,no,19.58
37365,1500,small car,manual,58,corsa,150000,petrol,opel,no,15.08
37366,500,small car,manual,60,micra,150000,petrol,nissan,yes,17.25
37367,10500,station wagon,automatic,150,3er,150000,petrol,bmw,no,12.58
37368,3250,small car,manual,92,swift,150000,petrol,suzuki,no,12.42
37370,900,limousine,manual,101,a3,150000,petrol,audi,yes,21.08
37371,8990,limousine,manual,142,ceed,50000,petrol,kia,no,8.25
37372,5490,small car,manual,60,polo,80000,petrol,volkswagen,no,9.25
37373,850,small car,manual,75,lupo,150000,petrol,volkswagen,no,18.5
37375,250,limousine,manual,75,focus,150000,petrol,ford,yes,19.17
37376,799,limousine,manual,82,a_klasse,150000,petrol,mercedes_benz,no,20.5
37377,4499,limousine,manual,75,golf,125000,petrol,volkswagen,no,14.75
37378,22500,station wagon,automatic,179,v40,20000,petrol,volvo,no,5.92
37379,5200,station wagon,automatic,140,v50,150000,petrol,volvo,no,13.92
37382,4990,cabrio,automatic,71,fortwo,90000,petrol,smart,no,11.58
37385,11400,limousine,automatic,201,accord,125000,petrol,honda,no,9.75
37391,17900,station wagon,manual,194,insignia,80000,diesel,opel,no,8.0
37392,800,small car,manual,75,fiesta,60000,petrol,ford,no,21.0
37393,700,small car,manual,60,punto,150000,petrol,fiat,yes,17.25
37394,3800,bus,manual,85,transit,150000,diesel,ford,no,12.75
37395,5850,limousine,manual,116,golf,150000,petrol,volkswagen,no,13.67
37397,18886,limousine,automatic,122,a3,50000,petrol,audi,no,5.83
37399,18900,cabrio,manual,425,others,70000,petrol,chevrolet,no,53.0
37401,23499,coupe,manual,271,golf,70000,petrol,volkswagen,no,8.5
37402,24900,bus,automatic,140,touran,40000,diesel,volkswagen,no,4.5
37403,950,station wagon,manual,115,focus,150000,petrol,ford,no,18.42
37404,550,small car,manual,50,polo,150000,petrol,volkswagen,no,22.0
37407,6000,small car,manual,69,yaris,40000,petrol,toyota,no,13.0
37409,13900,limousine,automatic,184,3er,150000,diesel,bmw,no,9.0
37410,500,small car,manual,75,corsa,150000,petrol,opel,yes,16.17
37411,3500,limousine,manual,107,others,150000,petrol,citroen,no,46.92
37412,28470,limousine,automatic,230,golf,30000,petrol,volkswagen,no,4.42
37413,380,small car,manual,58,corsa,150000,petrol,opel,yes,17.42
37414,4850,limousine,automatic,150,c_klasse,150000,diesel,mercedes_benz,no,14.42
37416,9999,small car,manual,135,fiesta,20000,petrol,ford,no,6.0
37417,555,small car,manual,60,fiesta,150000,petrol,ford,no,22.83
37418,899,limousine,manual,115,others,125000,petrol,fiat,no,19.75
37419,21250,suv,automatic,140,kuga,30000,diesel,ford,no,7.17
37420,230,station wagon,manual,95,mondeo,150000,petrol,ford,no,21.0
37421,3900,small car,manual,68,aygo,90000,petrol,toyota,no,13.83
37422,2500,limousine,manual,160,astra,150000,petrol,opel,no,18.58
37424,3300,limousine,manual,192,3er,150000,petrol,bmw,no,17.58
37425,400,small car,automatic,101,astra,150000,petrol,opel,no,22.25
37426,5600,station wagon,manual,163,a4,150000,diesel,audi,no,15.92
37427,600,cabrio,manual,92,cr_reihe,150000,petrol,honda,yes,24.33
37428,1750,small car,manual,60,polo,150000,petrol,volkswagen,no,17.75
37429,4699,limousine,manual,170,c_klasse,150000,diesel,mercedes_benz,no,17.42
37430,6000,limousine,manual,160,focus,150000,diesel,ford,no,12.25
37432,1150,limousine,manual,120,omega,150000,diesel,opel,yes,16.08
37433,580,coupe,manual,63,polo,150000,petrol,volkswagen,no,19.75
37434,8500,suv,automatic,150,antara,150000,diesel,opel,no,11.33
37435,750,station wagon,manual,101,vectra,150000,petrol,opel,no,22.0
37436,8300,limousine,manual,90,a3,150000,diesel,audi,no,10.0
37438,500,small car,manual,60,a_klasse,150000,diesel,mercedes_benz,no,18.58
37442,950,limousine,manual,90,80,150000,petrol,audi,no,26.58
37443,10990,small car,manual,90,polo,40000,petrol,volkswagen,no,5.42
37444,850,limousine,manual,136,others,150000,petrol,mercedes_benz,no,24.67
37446,24000,suv,manual,143,clk,80000,diesel,mercedes_benz,no,5.67
37447,5800,station wagon,manual,163,a4,150000,petrol,audi,no,16.75
37449,3950,small car,automatic,71,fortwo,90000,petrol,smart,no,9.5
37450,2499,small car,manual,65,punto,125000,petrol,fiat,no,12.58
37457,1999,limousine,manual,75,astra,150000,petrol,opel,no,19.42
37458,23200,suv,manual,129,grand,40000,diesel,suzuki,no,6.0
37459,1450,station wagon,automatic,170,v70,150000,petrol,volvo,no,21.92
37460,3500,limousine,manual,150,c_klasse,150000,diesel,mercedes_benz,no,12.5
37463,3899,limousine,manual,101,astra,150000,diesel,opel,no,14.92
37465,5450,limousine,automatic,184,x_reihe,150000,diesel,bmw,no,16.58
37466,17500,suv,automatic,241,touareg,150000,diesel,volkswagen,no,9.67
37470,27900,suv,manual,150,kuga,10000,diesel,ford,no,3.83
37472,3500,small car,manual,105,golf,150000,petrol,volkswagen,no,18.58
37473,21990,limousine,automatic,239,a6,125000,diesel,audi,no,8.92
37474,950,small car,manual,58,twingo,150000,petrol,renault,no,17.92
37475,3900,small car,manual,68,aygo,40000,petrol,toyota,no,11.5
37476,6300,bus,manual,129,sprinter,150000,diesel,mercedes_benz,no,11.83
37477,14690,limousine,automatic,156,c_klasse,70000,petrol,mercedes_benz,no,8.75
37478,3499,station wagon,manual,184,3er,150000,diesel,bmw,no,18.92
37479,2200,small car,manual,102,3er,150000,petrol,bmw,no,20.75
37480,2800,limousine,manual,54,kadett,125000,petrol,opel,no,38.33
37482,6499,bus,manual,75,golf,80000,petrol,volkswagen,no,13.42
37483,1690,small car,manual,58,twingo,150000,lpg,renault,no,14.0
37484,15999,limousine,automatic,239,phaeton,150000,diesel,volkswagen,no,9.58
37486,3100,small car,manual,58,twingo,5000,petrol,renault,no,10.25
37487,6700,small car,manual,60,polo,30000,petrol,volkswagen,yes,6.17
37489,10200,limousine,automatic,218,x_reihe,150000,diesel,bmw,no,12.42
37490,2500,limousine,automatic,90,civic,40000,petrol,honda,no,20.67
37491,1499,small car,manual,64,polo,150000,petrol,volkswagen,no,15.25
37493,18000,cabrio,manual,122,golf,30000,petrol,volkswagen,no,5.33
37496,12999,limousine,manual,105,golf,70000,petrol,volkswagen,no,6.75
37497,300,limousine,manual,75,cordoba,150000,petrol,seat,yes,22.83
37499,850,small car,manual,60,twingo,150000,petrol,renault,no,16.33
37500,9300,station wagon,automatic,160,a3,80000,petrol,audi,no,10.17
37503,7700,suv,automatic,163,m_klasse,150000,diesel,mercedes_benz,no,15.83
37504,45900,coupe,manual,355,911,80000,petrol,porsche,no,10.33
37505,4999,coupe,automatic,163,clk,150000,petrol,mercedes_benz,no,17.58
37506,6999,station wagon,manual,140,passat,150000,diesel,volkswagen,yes,9.17
37507,500,limousine,manual,90,carisma,150000,petrol,mitsubishi,no,21.58
37510,4700,small car,automatic,84,fortwo,80000,petrol,smart,no,11.25
37512,8000,bus,manual,105,touran,150000,diesel,volkswagen,no,11.17
37513,10000,small car,automatic,97,fiesta,30000,petrol,ford,no,6.5
37514,650,station wagon,automatic,150,a4,150000,diesel,audi,no,18.5
37516,6000,coupe,automatic,300,clk,150000,petrol,mercedes_benz,no,17.58
37517,5299,limousine,manual,116,golf,150000,petrol,volkswagen,no,12.25
37518,950,small car,automatic,44,fiesta,150000,petrol,ford,no,17.83
37519,4500,bus,manual,84,kangoo,150000,diesel,renault,no,12.0
37520,4600,suv,manual,141,sportage,150000,petrol,kia,no,14.0
37521,4800,station wagon,manual,177,avensis,150000,diesel,toyota,no,12.5
37523,600,small car,manual,58,twingo,150000,petrol,renault,yes,20.92
37525,11722,limousine,automatic,279,e_klasse,150000,petrol,mercedes_benz,no,25.67
37526,1800,station wagon,manual,75,astra,150000,diesel,opel,no,16.67
37529,250,small car,manual,75,twingo,150000,petrol,renault,no,17.58
37530,21900,bus,manual,140,alhambra,90000,diesel,seat,no,7.83
37531,700,small car,manual,54,corsa,125000,petrol,opel,no,21.5
37533,1200,small car,manual,75,others,125000,petrol,skoda,no,18.25
37534,1000,bus,manual,174,galaxy,150000,petrol,ford,no,18.25
37535,2200,limousine,manual,102,a3,150000,petrol,audi,no,16.42
37537,15000,coupe,automatic,211,scirocco,70000,petrol,volkswagen,no,6.25
37538,19290,suv,manual,140,others,20000,petrol,opel,no,3.33
37542,6999,limousine,automatic,136,e_klasse,125000,petrol,mercedes_benz,no,38.58
37543,1290,small car,manual,54,seicento,80000,petrol,fiat,no,19.5
37544,1299,limousine,manual,114,primera,150000,petrol,nissan,no,17.25
37545,5990,station wagon,manual,140,a4,150000,diesel,audi,no,14.0
37546,5800,limousine,manual,150,3er,150000,petrol,bmw,no,12.25
37547,1190,station wagon,manual,136,6_reihe,150000,diesel,mazda,yes,14.5
37548,3499,limousine,manual,131,a3,150000,diesel,audi,no,16.58
37551,7999,limousine,automatic,88,others,50000,hybrid,honda,no,9.58
37552,11700,limousine,manual,122,golf,90000,petrol,volkswagen,no,7.75
37553,2200,small car,manual,60,punto,70000,petrol,fiat,no,15.83
37555,2000,station wagon,manual,105,astra,150000,petrol,opel,no,13.17
37557,300,small car,manual,60,ypsilon,150000,petrol,lancia,yes,15.25
37558,2900,limousine,manual,122,147,90000,petrol,alfa_romeo,no,14.42
37559,8499,station wagon,automatic,340,300c,150000,petrol,chrysler,no,13.33
37561,500,small car,manual,45,polo,150000,petrol,volkswagen,no,26.0
37562,1699,small car,manual,75,2_reihe,100000,petrol,peugeot,no,17.25
37563,19999,coupe,automatic,306,3er,90000,petrol,bmw,no,11.08
37564,2000,small car,manual,75,fox,150000,petrol,volkswagen,no,13.75
37567,3500,bus,manual,101,meriva,125000,petrol,opel,no,14.17
37568,4889,small car,automatic,45,fortwo,90000,diesel,smart,no,9.92
37569,24000,suv,automatic,286,x_reihe,150000,diesel,bmw,no,11.0
37570,500,small car,manual,75,polo,150000,petrol,volkswagen,no,23.92
37571,15900,cabrio,manual,183,slk,100000,petrol,mercedes_benz,no,10.83
37572,1600,others,manual,58,twingo,125000,petrol,renault,no,15.0
37573,3990,limousine,manual,105,golf,150000,diesel,volkswagen,no,13.75
37575,750,station wagon,manual,116,others,150000,petrol,volvo,yes,25.25
37577,5999,coupe,automatic,170,3er,150000,petrol,bmw,no,16.08
37578,2499,coupe,manual,192,3er,150000,petrol,bmw,no,25.25
37580,2800,limousine,manual,26,601,60000,petrol,trabant,no,30.92
37581,17000,bus,manual,116,others,60000,diesel,ford,no,5.25
37583,1850,small car,manual,75,corsa,150000,petrol,opel,no,15.5
37584,1450,small car,manual,60,ka,125000,petrol,ford,no,18.75
37585,5450,station wagon,manual,155,mondeo,90000,diesel,ford,no,14.5
37588,1999,limousine,automatic,136,3er,150000,diesel,bmw,no,18.5
37590,6200,bus,manual,116,sharan,150000,diesel,volkswagen,no,12.58
37593,5700,limousine,manual,95,a_klasse,100000,petrol,mercedes_benz,no,11.58
37594,599,small car,manual,50,polo,150000,petrol,volkswagen,no,21.08
37595,850,cabrio,manual,70,punto,125000,petrol,fiat,no,22.5
37596,1000,small car,manual,88,2_reihe,150000,petrol,peugeot,yes,13.0
37601,1950,station wagon,manual,150,astra,150000,diesel,opel,yes,15.0
37602,10000,station wagon,manual,140,passat,150000,diesel,volkswagen,no,10.33
37603,5200,small car,manual,75,sandero,50000,petrol,dacia,no,8.33
37607,2999,small car,manual,64,polo,150000,petrol,volkswagen,no,13.83
37608,2400,bus,manual,147,galaxy,100000,lpg,ford,no,20.92
37609,4999,limousine,manual,75,golf,150000,lpg,volkswagen,no,13.58
37610,3550,small car,manual,75,fabia,125000,petrol,skoda,no,13.33
37612,2400,small car,manual,83,fabia,150000,diesel,skoda,no,12.33
37613,4000,station wagon,manual,140,passat,150000,diesel,volkswagen,no,11.33
37614,5999,limousine,automatic,192,3er,150000,petrol,bmw,no,15.5
37615,4290,cabrio,manual,110,mx_reihe,100000,petrol,mazda,no,14.25
37616,1999,small car,manual,58,corsa,125000,petrol,opel,no,16.25
37617,7199,limousine,manual,101,golf,150000,petrol,volkswagen,no,11.75
37618,500,limousine,manual,90,golf,150000,petrol,volkswagen,no,23.17
37620,6950,station wagon,automatic,105,golf,150000,diesel,volkswagen,no,10.67
37622,300,small car,manual,60,polo,150000,petrol,volkswagen,yes,21.33
37623,5550,station wagon,manual,105,logan,125000,petrol,dacia,no,7.25
37624,899,station wagon,manual,75,focus,150000,petrol,ford,no,17.08
37625,11500,limousine,manual,88,3_reihe,100000,petrol,mazda,no,20.5
37626,1999,limousine,automatic,193,a6,150000,petrol,audi,no,20.92
37627,550,limousine,manual,129,5er,150000,petrol,bmw,no,30.25
37630,18900,bus,manual,90,b_klasse,40000,diesel,mercedes_benz,no,4.17
37633,2900,limousine,automatic,136,4_reihe,150000,petrol,peugeot,no,13.83
37634,1750,limousine,manual,75,golf,150000,petrol,volkswagen,no,18.67
37635,4600,station wagon,automatic,102,golf,125000,petrol,volkswagen,no,15.25
37636,6100,limousine,manual,140,passat,150000,diesel,volkswagen,no,13.5
37637,8900,limousine,manual,105,a3,125000,diesel,audi,no,11.5
37638,3500,limousine,automatic,116,megane,125000,petrol,renault,no,14.0
37639,4100,bus,manual,144,carnival,125000,diesel,kia,no,11.42
37643,12500,coupe,automatic,170,clk,100000,diesel,mercedes_benz,no,14.58
37645,25900,cabrio,automatic,284,others,70000,petrol,jaguar,no,20.25
37646,13250,station wagon,manual,160,golf,100000,petrol,volkswagen,no,7.67
37647,9500,small car,manual,150,twingo,60000,petrol,renault,no,8.5
37648,750,small car,automatic,60,corsa,150000,petrol,opel,no,24.67
37649,2150,bus,manual,95,kangoo,100000,petrol,renault,no,15.67
37650,5399,limousine,manual,102,jetta,150000,petrol,volkswagen,no,12.25
37652,2200,limousine,manual,109,others,125000,petrol,citroen,no,16.17
37653,6900,station wagon,manual,90,others,90000,petrol,peugeot,no,9.5
37654,750,station wagon,manual,131,others,150000,petrol,volvo,yes,26.33
37655,500,small car,manual,58,corsa,100000,petrol,opel,yes,17.58
37657,1200,bus,manual,55,e_klasse,150000,diesel,mercedes_benz,no,27.67
37658,4999,station wagon,manual,150,signum,150000,diesel,opel,no,13.25
37659,6399,small car,manual,60,up,50000,petrol,volkswagen,no,6.83
37660,4750,small car,manual,116,cooper,150000,petrol,mini,no,16.17
37662,8666,limousine,automatic,150,3er,150000,petrol,bmw,no,11.25
37664,740,limousine,manual,105,bravo,150000,diesel,fiat,no,18.67
37666,13990,cabrio,manual,156,2_reihe,50000,petrol,peugeot,no,6.25
37669,2799,station wagon,manual,141,6_reihe,150000,petrol,mazda,no,15.08
37670,1100,limousine,manual,150,5er,150000,petrol,bmw,no,22.83
37671,23700,station wagon,manual,170,superb,50000,diesel,skoda,no,7.0
37672,4999,station wagon,manual,105,astra,125000,petrol,opel,no,13.58
37677,4800,cabrio,manual,113,megane,125000,petrol,renault,no,14.5
37679,2300,others,manual,90,others,150000,diesel,peugeot,no,15.83
37680,15200,station wagon,automatic,190,a4,90000,diesel,audi,no,10.75
37684,5400,station wagon,manual,69,caddy,150000,diesel,volkswagen,no,11.58
37685,1950,others,manual,115,3er,150000,petrol,bmw,yes,14.83
37686,4000,limousine,manual,102,golf,150000,petrol,volkswagen,no,13.42
37687,500,limousine,manual,115,laguna,150000,petrol,renault,yes,20.0
37688,1200,bus,manual,103,others,150000,petrol,hyundai,no,15.83
37690,7800,cabrio,automatic,218,clk,150000,petrol,mercedes_benz,no,17.5
37693,10500,limousine,manual,150,others,150000,diesel,mitsubishi,no,8.67
37694,2500,bus,manual,150,zafira,150000,diesel,opel,no,13.0
37695,12990,bus,manual,130,transporter,150000,diesel,volkswagen,no,12.75
37696,13790,limousine,automatic,334,phaeton,125000,petrol,volkswagen,yes,9.0
37697,7500,limousine,manual,218,5er,150000,diesel,bmw,no,14.58
37700,12550,station wagon,automatic,184,3er,150000,diesel,bmw,no,8.83
37702,19500,suv,automatic,170,q5,150000,diesel,audi,no,8.08
37703,1840,limousine,automatic,121,others,150000,petrol,toyota,no,28.75
37706,6700,coupe,manual,200,astra,125000,petrol,opel,no,13.75
37707,6000,coupe,manual,143,c_klasse,150000,petrol,mercedes_benz,no,14.25
37710,24300,station wagon,manual,110,a3,10000,diesel,audi,no,3.5
37713,1200,limousine,manual,75,golf,150000,petrol,volkswagen,no,23.67
37716,9500,station wagon,manual,160,insignia,150000,diesel,opel,no,8.92
37719,5570,limousine,manual,116,1er,150000,petrol,bmw,no,13.33
37720,6100,small car,manual,60,polo,125000,petrol,volkswagen,no,9.75
37721,13799,cabrio,automatic,163,clk,60000,petrol,mercedes_benz,no,14.58
37722,12700,station wagon,automatic,177,5er,150000,diesel,bmw,no,11.08
37723,43000,coupe,automatic,326,m_reihe,5000,petrol,bmw,no,3.67
37724,4490,station wagon,manual,105,a3,150000,diesel,audi,yes,13.08
37725,8950,bus,manual,140,meriva,50000,petrol,opel,no,8.75
37726,6500,small car,manual,80,polo,125000,petrol,volkswagen,no,10.92
37727,11999,station wagon,manual,218,3er,150000,petrol,bmw,no,13.75
37729,3500,small car,manual,75,ibiza,150000,petrol,seat,no,14.58
37730,12600,station wagon,manual,344,others,125000,petrol,audi,no,14.08
37731,8199,bus,manual,137,others,80000,diesel,peugeot,no,12.0
37732,12900,coupe,automatic,224,clk,150000,diesel,mercedes_benz,no,13.92
37733,799,station wagon,automatic,110,passat,150000,diesel,volkswagen,no,20.92
37734,2700,bus,manual,75,combo,150000,diesel,opel,no,9.25
37735,6300,limousine,manual,143,1er,150000,diesel,bmw,no,10.67
37738,6250,small car,manual,87,yaris,60000,petrol,toyota,no,11.83
37739,3999,bus,automatic,150,voyager,150000,diesel,chrysler,no,14.58
37740,1500,bus,manual,90,others,150000,diesel,opel,no,16.17
37741,11500,station wagon,automatic,224,e_klasse,150000,diesel,mercedes_benz,no,12.75
37744,11500,station wagon,automatic,177,5er,150000,diesel,bmw,no,9.75
37745,1500,limousine,manual,69,golf,40000,petrol,volkswagen,no,29.83
37746,4900,others,manual,75,combo,150000,diesel,opel,no,8.33
37749,14800,coupe,manual,246,3er,150000,diesel,bmw,no,9.58
37750,999,bus,manual,75,kangoo,60000,petrol,renault,no,19.75
37751,1399,bus,manual,75,yaris,150000,diesel,toyota,no,14.42
37752,2550,station wagon,manual,170,5er,150000,petrol,bmw,no,19.67
37754,7750,limousine,manual,110,golf,150000,diesel,volkswagen,no,9.08
37756,6800,station wagon,automatic,179,a6,150000,diesel,audi,no,15.92
37758,3850,limousine,manual,163,c_klasse,150000,petrol,mercedes_benz,no,17.17
37759,5200,small car,manual,90,corsa,80000,petrol,opel,no,10.25
37760,4999,bus,manual,105,caddy,150000,diesel,volkswagen,no,12.25
37762,5900,coupe,manual,200,others,5000,petrol,alfa_romeo,no,46.08
37763,14500,cabrio,manual,150,z_reihe,60000,petrol,bmw,no,18.5
37764,699,limousine,manual,136,omega,150000,petrol,opel,no,21.0
37765,1500,bus,manual,116,others,125000,petrol,citroen,no,17.83
37766,2550,station wagon,manual,75,others,5000,diesel,mercedes_benz,no,16.0
37768,15900,bus,manual,86,caddy,30000,petrol,volkswagen,no,4.5
37769,6400,cabrio,manual,179,tt,150000,petrol,audi,no,19.92
37770,1300,small car,manual,80,fiesta,150000,petrol,ford,yes,15.25
37771,26499,coupe,automatic,265,e_klasse,125000,diesel,mercedes_benz,no,7.5
37775,5150,station wagon,manual,105,a3,150000,diesel,audi,no,13.17
37777,5800,small car,manual,90,one,90000,petrol,mini,no,13.33
37780,28000,limousine,automatic,156,others,10000,petrol,mercedes_benz,no,5.0
37781,18000,small car,automatic,122,a1,20000,petrol,audi,no,4.75
37783,500,small car,manual,45,polo,150000,petrol,volkswagen,yes,23.67
37787,2750,station wagon,automatic,179,a6,150000,diesel,audi,no,15.92
37788,17750,suv,automatic,170,tiguan,70000,petrol,volkswagen,no,9.25
37790,999,limousine,manual,101,vectra,150000,petrol,opel,no,21.5
37791,3700,station wagon,manual,143,e_klasse,150000,diesel,mercedes_benz,no,19.83
37793,20600,station wagon,manual,163,3er,80000,diesel,bmw,no,6.17
37794,3900,limousine,manual,150,a4,150000,petrol,audi,no,17.33
37796,1000,limousine,manual,125,mondeo,125000,petrol,ford,no,21.5
37797,1900,coupe,automatic,193,clk,150000,petrol,mercedes_benz,no,20.75
37798,1649,small car,manual,73,c3,125000,petrol,citroen,no,15.75
37799,700,cabrio,manual,75,golf,150000,petrol,volkswagen,yes,23.42
37800,18000,bus,manual,140,touran,80000,diesel,volkswagen,no,9.0
37801,1999,small car,manual,75,2_reihe,150000,petrol,peugeot,no,13.83
37802,10999,station wagon,automatic,249,300c,150000,lpg,chrysler,no,11.92
37803,6700,limousine,manual,60,others,150000,diesel,mercedes_benz,no,41.25
37805,1800,small car,manual,60,fiesta,70000,petrol,ford,no,16.5
37806,22000,limousine,automatic,387,s_klasse,150000,petrol,mercedes_benz,no,11.75
37810,15100,cabrio,manual,122,one,80000,petrol,mini,no,8.83
37811,11500,limousine,manual,143,3er,125000,diesel,bmw,no,10.08
37813,14000,coupe,automatic,306,3er,125000,petrol,bmw,no,12.92
37814,6199,station wagon,automatic,177,5er,150000,diesel,bmw,no,14.83
37815,850,small car,manual,60,polo,150000,petrol,volkswagen,no,19.92
37816,35000,suv,automatic,204,others,50000,diesel,toyota,no,12.42
37821,4900,small car,manual,125,cooper,125000,petrol,mini,yes,11.25
37823,2450,bus,manual,111,others,150000,petrol,mitsubishi,no,14.58
37824,3999,coupe,manual,131,others,150000,petrol,ford,no,20.83
37826,2380,bus,manual,116,alhambra,150000,diesel,seat,no,14.67
37827,5500,station wagon,manual,105,golf,150000,diesel,volkswagen,no,11.75
37828,14290,limousine,manual,110,leon,5000,petrol,seat,no,2.08
37829,1200,limousine,manual,150,3er,150000,petrol,bmw,yes,23.33
37830,12400,limousine,manual,105,golf,80000,diesel,volkswagen,no,6.08
37831,2490,limousine,automatic,144,omega,80000,petrol,opel,no,17.67
37832,450,small car,manual,115,focus,125000,petrol,ford,yes,18.33
37833,1450,limousine,manual,84,astra,150000,petrol,opel,no,15.92
37836,1850,station wagon,manual,101,fabia,150000,diesel,skoda,no,15.33
37838,2799,limousine,automatic,140,e_klasse,150000,diesel,mercedes_benz,no,18.75
37839,6200,cabrio,manual,118,z_reihe,150000,petrol,bmw,no,18.58
37840,16900,station wagon,automatic,177,5er,80000,diesel,bmw,no,8.5
37841,700,small car,manual,50,arosa,150000,petrol,seat,no,17.5
37842,5950,station wagon,manual,116,others,150000,petrol,toyota,no,21.25
37844,749,small car,manual,54,lupo,150000,petrol,volkswagen,no,19.5
37845,2700,small car,manual,65,micra,125000,petrol,nissan,no,13.5
37847,1800,small car,manual,75,2_reihe,150000,petrol,peugeot,no,12.08
37849,1950,bus,manual,75,modus,150000,petrol,renault,no,13.58
37851,5999,bus,manual,150,viano,150000,diesel,mercedes_benz,no,12.5
37852,25999,coupe,automatic,481,clk,125000,petrol,mercedes_benz,no,11.92
37854,12180,limousine,manual,86,golf,40000,petrol,volkswagen,no,4.42
37856,14999,coupe,manual,239,a5,150000,diesel,audi,no,11.75
37859,5490,bus,manual,135,vivaro,150000,diesel,opel,no,14.08
37860,7750,station wagon,manual,180,insignia,150000,petrol,opel,yes,9.25
37861,700,small car,automatic,52,micra,80000,petrol,nissan,no,21.33
37862,799,small car,manual,60,ka,150000,petrol,ford,no,17.17
37863,350,small car,manual,102,a_klasse,150000,petrol,mercedes_benz,yes,19.75
37864,3500,station wagon,automatic,143,3er,150000,petrol,bmw,no,17.92
37865,2099,small car,manual,60,polo,125000,petrol,volkswagen,no,18.83
37866,2400,station wagon,automatic,170,e_klasse,150000,petrol,mercedes_benz,no,18.25
37867,3250,station wagon,manual,102,passat,150000,petrol,volkswagen,no,17.33
37868,8500,cabrio,manual,105,cr_reihe,100000,petrol,honda,no,21.25
37869,19950,station wagon,manual,120,focus,5000,diesel,ford,no,2.08
37870,150,small car,manual,65,corsa,150000,petrol,opel,no,21.0
37871,4990,small car,manual,75,clio,30000,petrol,renault,no,6.5
37873,2460,small car,manual,80,fusion,150000,petrol,ford,no,14.0
37876,599,station wagon,manual,68,polo,150000,diesel,volkswagen,no,18.25
37877,8500,limousine,automatic,163,superb,150000,diesel,skoda,no,11.58
37878,6500,limousine,manual,179,leon,150000,petrol,seat,no,16.92
37881,2500,small car,automatic,90,yaris,150000,diesel,toyota,yes,12.25
37883,11300,bus,manual,105,touran,125000,diesel,volkswagen,no,10.75
37885,1600,small car,manual,60,2_reihe,150000,petrol,peugeot,no,16.17
37887,1490,small car,manual,75,clio,70000,petrol,renault,no,17.08
37888,800,small car,manual,75,golf,150000,petrol,volkswagen,no,21.58
37889,3950,cabrio,automatic,136,slk,150000,petrol,mercedes_benz,no,21.5
37891,990,station wagon,manual,77,transporter,150000,diesel,volkswagen,no,23.33
37893,1000,limousine,manual,78,logan,150000,diesel,dacia,yes,12.0
37896,2500,station wagon,automatic,180,a6,150000,diesel,audi,no,14.25
37898,11690,limousine,automatic,116,astra,80000,petrol,opel,no,7.58
37899,4800,station wagon,manual,109,4_reihe,80000,diesel,peugeot,no,13.83
37901,3350,bus,manual,130,sprinter,150000,diesel,mercedes_benz,no,19.0
37902,2450,limousine,automatic,150,a4,150000,petrol,audi,no,20.5
37903,10990,small car,manual,105,fabia,100000,diesel,skoda,no,7.92
37904,5000,limousine,manual,150,superb,150000,petrol,skoda,no,16.17
37905,900,limousine,manual,136,astra,150000,petrol,opel,yes,20.75
37906,2200,bus,manual,98,others,150000,petrol,mitsubishi,no,15.58
37907,200,station wagon,automatic,197,e_klasse,150000,diesel,mercedes_benz,yes,17.33
37908,6400,limousine,manual,105,a3,150000,diesel,audi,no,10.75
37909,4000,limousine,automatic,163,5er,150000,diesel,bmw,no,18.33
37913,6300,small car,manual,120,cooper,125000,petrol,mini,no,11.5
37914,17500,cabrio,manual,250,tt,60000,petrol,audi,no,11.67
37915,5980,bus,manual,105,golf,150000,diesel,volkswagen,no,11.83
37916,4500,limousine,manual,136,e_klasse,100000,petrol,mercedes_benz,no,25.0
37917,6790,limousine,automatic,177,e_klasse,150000,petrol,mercedes_benz,no,14.0
37919,1800,station wagon,manual,75,golf,150000,petrol,volkswagen,no,18.83
37920,790,limousine,manual,101,vectra,150000,petrol,opel,yes,21.83
37922,8200,suv,manual,150,captiva,150000,diesel,chevrolet,no,11.58
37924,950,small car,manual,55,golf,90000,petrol,volkswagen,no,29.25
37926,7200,bus,manual,88,transporter,150000,diesel,volkswagen,no,10.75
37927,17999,suv,manual,190,navara,70000,diesel,nissan,no,7.25
37928,26000,small car,automatic,184,golf,60000,diesel,volkswagen,no,4.92
37929,480,small car,manual,60,polo,150000,petrol,volkswagen,yes,19.33
37930,3600,limousine,automatic,170,3er,150000,petrol,bmw,no,18.75
37931,3900,bus,manual,131,transporter,150000,diesel,volkswagen,yes,14.42
37932,18750,station wagon,automatic,170,superb,90000,diesel,skoda,no,6.08
37933,29995,station wagon,automatic,184,a3,20000,diesel,audi,no,5.0
37934,1250,small car,manual,75,clio,150000,petrol,renault,yes,17.83
37935,1600,small car,manual,75,twingo,100000,petrol,renault,no,16.17
37938,7250,limousine,automatic,105,golf,125000,diesel,volkswagen,no,14.92
37940,8499,bus,manual,140,sharan,150000,diesel,volkswagen,no,9.08
37941,1550,small car,manual,50,polo,80000,petrol,volkswagen,no,17.33
37943,1900,limousine,manual,75,astra,90000,petrol,opel,no,19.75
37944,15599,station wagon,automatic,143,a4,125000,diesel,audi,no,6.08
37945,1800,limousine,manual,90,megane,60000,petrol,renault,no,20.58
37946,6980,small car,manual,130,corsa,125000,diesel,opel,no,9.75
37947,1200,limousine,manual,75,golf,150000,petrol,volkswagen,no,21.17
37949,16200,limousine,automatic,231,7er,150000,diesel,bmw,no,14.0
37950,2999,limousine,manual,143,3er,150000,petrol,bmw,no,16.92
37951,2000,station wagon,manual,60,fabia,150000,petrol,skoda,no,16.92
37952,1300,small car,manual,52,twingo,50000,petrol,renault,no,15.0
37953,3200,suv,manual,125,touran,150000,diesel,volkswagen,no,14.42
37954,8595,station wagon,automatic,140,golf,125000,petrol,volkswagen,no,11.83
37956,27850,station wagon,automatic,239,a6,80000,diesel,audi,no,7.5
37957,850,limousine,automatic,75,polo,150000,petrol,volkswagen,no,20.83
37959,28800,limousine,automatic,170,e_klasse,30000,diesel,mercedes_benz,no,5.25
37963,2799,bus,manual,60,caddy,125000,petrol,volkswagen,no,17.0
37964,4999,station wagon,automatic,179,others,150000,diesel,audi,no,15.92
37967,6400,station wagon,automatic,232,a6,150000,diesel,audi,no,11.25
37968,28900,cabrio,automatic,310,tt,40000,petrol,audi,no,10.42
37969,22500,cabrio,manual,105,golf,5000,petrol,volkswagen,no,3.75
37970,3450,small car,manual,125,cooper,150000,petrol,mini,no,15.83
37971,1399,limousine,manual,75,golf,150000,petrol,volkswagen,no,21.0
37974,10900,coupe,manual,160,cc,125000,petrol,volkswagen,no,10.67
37975,1500,cabrio,manual,95,golf,150000,petrol,volkswagen,yes,30.33
37976,1690,limousine,manual,113,megane,150000,petrol,renault,no,13.08
37977,10500,station wagon,automatic,170,c_klasse,150000,diesel,mercedes_benz,no,10.25
37978,3750,station wagon,manual,150,3er,150000,diesel,bmw,no,13.08
37979,1199,station wagon,automatic,211,omega,150000,petrol,opel,no,20.33
37980,1350,station wagon,manual,90,golf,150000,diesel,volkswagen,yes,17.0
37981,900,small car,manual,50,arosa,150000,petrol,seat,no,18.08
37982,69900,coupe,manual,345,911,20000,petrol,porsche,no,14.42
37984,7500,small car,manual,75,up,40000,petrol,volkswagen,no,6.83
37985,4299,small car,manual,101,golf,5000,diesel,volkswagen,yes,15.33
37986,1499,limousine,automatic,116,3er,150000,petrol,bmw,yes,17.67
37987,4999,coupe,manual,90,astra,70000,petrol,opel,no,9.42
37988,2500,limousine,manual,97,corolla,70000,petrol,toyota,no,17.25
37989,11800,small car,manual,75,one,40000,petrol,mini,no,5.25
37990,6550,suv,manual,86,others,125000,diesel,dacia,no,9.58
37993,550,small car,manual,60,punto,150000,petrol,fiat,no,18.25
37994,750,limousine,manual,75,golf,150000,petrol,volkswagen,no,22.58
37995,5200,limousine,manual,141,6_reihe,80000,petrol,mazda,no,13.42
37998,2650,limousine,manual,84,astra,125000,petrol,opel,no,15.5
38001,1100,station wagon,automatic,150,passat,150000,diesel,volkswagen,yes,17.58
38004,8000,limousine,manual,231,3er,150000,petrol,bmw,no,14.25
38007,800,station wagon,manual,125,legacy,150000,petrol,subaru,yes,16.42
38009,1950,small car,manual,80,fiesta,150000,petrol,ford,no,15.33
38011,9100,small car,manual,105,ibiza,70000,petrol,seat,no,7.83
38012,7900,cabrio,manual,120,2_reihe,60000,petrol,peugeot,no,9.25
38013,11500,suv,manual,150,x_reihe,150000,diesel,bmw,no,14.0
38014,21500,limousine,automatic,231,e_klasse,125000,diesel,mercedes_benz,no,8.25
38015,7500,limousine,automatic,354,c_klasse,150000,petrol,mercedes_benz,no,16.08
38018,7900,cabrio,manual,170,z_reihe,150000,petrol,bmw,no,17.75
38019,8999,limousine,automatic,143,lancer,30000,petrol,mitsubishi,no,11.0
38020,7300,suv,manual,129,grand,150000,diesel,suzuki,no,12.33
38022,13490,cabrio,manual,140,eos,80000,diesel,volkswagen,no,9.42
38024,9500,limousine,manual,116,1er,125000,diesel,bmw,no,8.17
38026,16900,bus,manual,140,sharan,60000,diesel,volkswagen,no,7.17
38027,14300,station wagon,manual,140,a3,125000,diesel,audi,no,6.58
38028,500,limousine,manual,115,mondeo,150000,petrol,ford,no,20.67
38029,1600,limousine,manual,144,omega,150000,petrol,opel,no,18.42
38030,3160,station wagon,manual,140,octavia,125000,diesel,skoda,no,13.58
38034,3950,cabrio,automatic,163,slk,150000,petrol,mercedes_benz,no,18.25
38035,7700,small car,automatic,71,fortwo,20000,petrol,smart,no,5.33
38036,350,small car,manual,60,polo,125000,petrol,volkswagen,no,22.0
38037,11500,station wagon,manual,143,golf,60000,petrol,volkswagen,no,7.0
38039,14490,suv,manual,110,yeti,60000,diesel,skoda,no,6.17
38040,2350,station wagon,automatic,193,5er,150000,diesel,bmw,no,19.17
38042,4700,cabrio,automatic,71,fortwo,70000,petrol,smart,no,11.33
38044,5850,cabrio,manual,140,z_reihe,70000,petrol,bmw,no,21.42
38045,2350,station wagon,manual,155,mondeo,150000,diesel,ford,no,14.83
38049,12800,limousine,automatic,160,superb,80000,petrol,skoda,no,7.25
38051,2990,small car,manual,54,fox,125000,petrol,volkswagen,no,8.17
38052,6999,bus,manual,151,transporter,150000,diesel,volkswagen,no,18.5
38053,5990,small car,manual,68,1_reihe,30000,petrol,peugeot,no,6.42
38056,15590,limousine,manual,177,a6,150000,lpg,audi,no,10.92
38057,6450,suv,automatic,150,santa,150000,diesel,hyundai,no,12.92
38058,5700,bus,manual,102,altea,125000,petrol,seat,no,11.17
38059,5300,limousine,manual,95,colt,40000,petrol,mitsubishi,no,13.58
38060,4500,limousine,manual,102,a4,150000,petrol,audi,yes,17.75
38061,8150,small car,manual,120,others,60000,petrol,citroen,no,7.5
38062,2300,others,manual,110,others,5000,diesel,opel,yes,15.25
38063,13250,station wagon,automatic,239,a6,150000,diesel,audi,no,8.92
38065,9990,small car,manual,86,polo,50000,petrol,volkswagen,no,6.17
38068,12950,limousine,automatic,136,c_klasse,125000,diesel,mercedes_benz,no,10.5
38069,3990,small car,manual,75,a2,150000,petrol,audi,no,15.17
38070,3350,bus,manual,88,transporter,150000,diesel,volkswagen,no,16.33
38073,6100,station wagon,automatic,179,a6,100000,diesel,audi,no,17.5
38075,3100,bus,manual,140,touran,150000,diesel,volkswagen,no,13.25
38076,970,small car,manual,45,polo,125000,petrol,volkswagen,no,22.0
38077,16199,coupe,automatic,200,scirocco,60000,petrol,volkswagen,no,9.5
38081,4900,small car,manual,80,corsa,90000,petrol,opel,no,10.17
38082,14990,station wagon,manual,110,fabia,20000,petrol,skoda,no,3.42
38083,7100,limousine,automatic,200,a4,150000,petrol,audi,no,15.0
38089,4990,limousine,manual,105,octavia,150000,diesel,skoda,no,11.75
38091,5300,station wagon,manual,101,golf,125000,diesel,volkswagen,no,13.75
38092,9500,limousine,automatic,197,5er,150000,diesel,bmw,no,10.25
38095,4500,bus,manual,150,vito,150000,diesel,mercedes_benz,no,10.25
38098,1450,station wagon,automatic,125,passat,150000,petrol,volkswagen,no,19.25
38099,9500,bus,manual,122,golf,100000,petrol,volkswagen,no,11.0
38100,4500,limousine,manual,193,5er,150000,diesel,bmw,no,16.58
38103,6590,station wagon,manual,125,forester,125000,petrol,subaru,no,14.92
38104,899,limousine,manual,107,megane,150000,petrol,renault,no,18.17
38105,7390,limousine,automatic,231,5er,150000,diesel,bmw,no,13.92
38106,850,station wagon,manual,150,a4,150000,diesel,audi,yes,18.08
38112,800,small car,manual,45,polo,150000,petrol,volkswagen,no,21.17
38113,4290,station wagon,manual,80,fabia,125000,petrol,skoda,no,12.75
38115,2499,small car,manual,75,corsa,100000,petrol,opel,no,15.67
38116,6900,small car,manual,69,ibiza,70000,petrol,seat,no,9.5
38117,23990,coupe,manual,306,3er,90000,petrol,bmw,no,7.17
38118,9999,suv,automatic,192,x_reihe,150000,petrol,bmw,no,14.83
38119,4000,station wagon,manual,137,100,150000,petrol,audi,no,33.25
38120,12800,bus,automatic,110,transporter,150000,petrol,volkswagen,no,23.42
38121,3888,station wagon,manual,150,c_klasse,150000,diesel,mercedes_benz,no,13.08
38123,26450,suv,automatic,235,x_reihe,125000,diesel,bmw,no,10.92
38124,1999,coupe,automatic,150,3er,125000,lpg,bmw,yes,18.08
38125,1600,small car,manual,75,2_reihe,150000,petrol,peugeot,no,17.25
38126,6950,station wagon,manual,160,impreza,125000,lpg,subaru,no,12.5
38127,6350,bus,manual,109,c_max,125000,diesel,ford,no,11.92
38128,999,station wagon,manual,120,c_klasse,50000,diesel,mercedes_benz,yes,7.75
38129,3599,station wagon,manual,143,c_klasse,150000,diesel,mercedes_benz,no,15.75
38130,6800,bus,automatic,116,alhambra,150000,diesel,seat,no,12.17
38131,10000,coupe,manual,170,3er,150000,petrol,bmw,no,11.75
38132,1300,small car,automatic,64,twingo,150000,petrol,renault,yes,16.17
38134,270,small car,manual,60,golf,70000,petrol,volkswagen,yes,23.83
38136,3200,limousine,automatic,140,a_klasse,100000,petrol,mercedes_benz,no,16.5
38137,14999,station wagon,manual,141,civic,20000,petrol,honda,no,4.92
38142,12990,station wagon,manual,140,a3,150000,diesel,audi,no,10.67
38143,3200,coupe,manual,55,kadett,40000,petrol,opel,no,42.92
38145,2400,station wagon,automatic,170,e_klasse,150000,petrol,mercedes_benz,no,18.75
38146,999,coupe,manual,75,corsa,150000,petrol,opel,no,16.92
38147,1500,limousine,manual,140,a3,100000,diesel,audi,yes,14.42
38148,7190,small car,manual,82,fiesta,80000,petrol,ford,no,9.83
38149,4500,small car,manual,87,yaris,125000,petrol,toyota,no,12.25
38151,799,small car,manual,50,lupo,150000,petrol,volkswagen,yes,18.67
38152,10500,station wagon,manual,101,astra,70000,petrol,opel,no,6.33
38154,3150,station wagon,automatic,150,3er,150000,petrol,bmw,no,18.17
38155,6500,station wagon,manual,116,3er,125000,petrol,bmw,no,14.58
38157,1499,coupe,manual,190,astra,150000,petrol,opel,no,17.67
38158,650,limousine,manual,90,vectra,150000,petrol,opel,no,26.33
38159,13000,station wagon,manual,86,caddy,30000,petrol,volkswagen,no,5.75
38162,1250,station wagon,manual,130,mondeo,150000,diesel,ford,no,17.0
38163,10700,station wagon,manual,140,astra,80000,petrol,opel,no,6.92
38164,1300,limousine,manual,75,golf,150000,petrol,volkswagen,no,17.17
38165,27000,station wagon,automatic,265,c_klasse,80000,diesel,mercedes_benz,no,4.17
38167,39800,station wagon,automatic,177,a4,20000,diesel,audi,no,4.58
38169,6500,limousine,automatic,224,a6,150000,diesel,audi,yes,12.5
38170,2750,small car,manual,80,fiesta,125000,petrol,ford,no,14.25
38171,720,limousine,manual,60,astra,150000,petrol,opel,no,23.58
38172,420,small car,manual,60,golf,150000,petrol,volkswagen,no,23.92
38173,25200,limousine,manual,220,golf,10000,petrol,volkswagen,no,4.08
38174,5800,bus,manual,105,golf,150000,diesel,volkswagen,no,12.33
38175,4490,limousine,manual,143,3er,150000,petrol,bmw,no,16.92
38176,800,small car,manual,60,ka,150000,petrol,ford,no,17.25
38177,3600,station wagon,manual,116,mondeo,125000,diesel,ford,no,12.25
38178,2300,limousine,manual,132,others,150000,petrol,mercedes_benz,no,26.33
38179,5650,bus,manual,105,zafira,150000,lpg,opel,no,13.83
38180,21990,station wagon,automatic,140,octavia,50000,diesel,skoda,no,5.33
38181,6900,station wagon,manual,101,focus,80000,petrol,ford,no,13.42
38184,800,station wagon,manual,165,v40,150000,petrol,volvo,no,18.58
38185,4999,limousine,manual,163,a6,150000,diesel,audi,no,15.92
38186,14500,limousine,manual,120,s_klasse,90000,petrol,mercedes_benz,no,52.67
38189,1400,bus,manual,103,others,100000,petrol,hyundai,no,15.25
38190,7990,station wagon,manual,160,octavia,150000,petrol,skoda,no,8.17
38191,1500,station wagon,manual,116,focus,150000,petrol,ford,no,19.0
38192,7650,bus,automatic,170,touran,150000,diesel,volkswagen,no,10.42
38194,800,small car,manual,75,others,150000,petrol,peugeot,no,18.0
38195,5000,limousine,manual,68,2_reihe,150000,diesel,peugeot,yes,9.75
38197,5500,station wagon,manual,80,fabia,150000,diesel,skoda,no,8.42
38198,14900,limousine,automatic,235,5er,150000,diesel,bmw,no,9.08
38199,27500,limousine,automatic,450,others,100000,petrol,audi,no,10.42
38200,1600,coupe,manual,105,3er,150000,petrol,bmw,no,23.92
38201,8900,station wagon,manual,125,focus,50000,petrol,ford,no,8.83
38202,28500,suv,automatic,184,x_reihe,30000,diesel,bmw,no,5.92
38203,2200,station wagon,manual,116,focus,150000,petrol,ford,no,19.5
38204,4444,limousine,manual,150,3er,150000,diesel,bmw,no,14.17
38205,3100,limousine,manual,75,golf,150000,petrol,volkswagen,no,13.33
38206,3600,limousine,automatic,129,c_klasse,150000,petrol,mercedes_benz,no,18.42
38207,2800,limousine,manual,109,3_reihe,150000,diesel,mazda,no,12.92
38208,13200,station wagon,manual,160,passat,100000,petrol,volkswagen,no,9.33
38209,8500,small car,manual,120,cooper,90000,petrol,mini,no,10.5
38211,450,station wagon,manual,90,v40,150000,diesel,volvo,yes,20.5
38212,4500,small car,manual,87,yaris,100000,petrol,toyota,no,10.92
38213,850,station wagon,manual,150,a6,150000,diesel,audi,yes,19.83
38214,900,limousine,manual,90,focus,150000,diesel,ford,no,17.67
38215,14500,coupe,automatic,190,a5,150000,diesel,audi,no,11.42
38216,2700,small car,automatic,61,fortwo,100000,petrol,smart,no,14.83
38218,490,station wagon,manual,75,astra,150000,petrol,opel,no,21.83
38219,1750,limousine,automatic,165,a6,150000,petrol,audi,no,19.83
38222,11750,small car,manual,109,rio,150000,petrol,kia,no,5.0
38223,1299,small car,manual,69,c3,150000,petrol,citroen,no,15.5
38224,5500,limousine,manual,147,vectra,20000,petrol,opel,no,15.58
38225,9000,station wagon,automatic,130,a4,100000,petrol,audi,no,12.92
38226,22400,cabrio,automatic,170,3er,90000,petrol,bmw,no,7.33
38229,7990,limousine,manual,170,5er,125000,petrol,bmw,no,14.75
38231,900,cabrio,manual,116,3er,150000,petrol,bmw,yes,21.42
38232,1950,station wagon,automatic,160,v40,150000,petrol,volvo,no,18.25
38234,6299,coupe,manual,179,megane,150000,petrol,renault,no,9.42
38235,7999,cabrio,automatic,192,3er,150000,petrol,bmw,no,13.75
38237,24000,cabrio,automatic,177,sl,150000,petrol,mercedes_benz,no,40.08
38238,3300,station wagon,manual,141,6_reihe,150000,petrol,mazda,no,14.25
38239,850,limousine,manual,116,100,150000,petrol,audi,no,26.58
38242,2800,small car,manual,75,fusion,150000,petrol,ford,no,12.25
38245,29800,bus,manual,140,transporter,80000,diesel,volkswagen,no,5.25
38246,15900,limousine,automatic,272,c_klasse,150000,petrol,mercedes_benz,no,11.25
38247,990,small car,manual,75,polo,150000,petrol,volkswagen,no,19.83
38248,2100,small car,manual,60,polo,100000,petrol,volkswagen,no,18.92
38250,10590,cabrio,manual,280,others,125000,petrol,nissan,no,13.58
38251,8200,small car,manual,122,1er,125000,petrol,bmw,no,10.67
38252,9200,small car,manual,86,ibiza,30000,petrol,seat,no,3.33
38253,999,station wagon,manual,144,omega,150000,petrol,opel,no,18.58
38255,29000,limousine,manual,135,kaefer,20000,petrol,volkswagen,no,44.58
38256,14900,limousine,automatic,218,x_reihe,90000,diesel,bmw,no,12.58
38258,799,small car,manual,60,corsa,150000,petrol,opel,no,21.75
38259,1550,limousine,manual,133,100,150000,petrol,audi,no,28.83
38260,4250,cabrio,manual,109,2_reihe,70000,petrol,peugeot,no,13.42
38261,3149,station wagon,manual,121,6_reihe,150000,diesel,mazda,no,13.75
38263,1399,limousine,manual,88,galant,70000,petrol,mitsubishi,yes,29.58
38265,14500,limousine,automatic,250,golf,150000,petrol,volkswagen,no,10.33
38266,6900,bus,manual,86,others,150000,diesel,nissan,no,8.83
38267,19800,cabrio,automatic,220,others,150000,petrol,mercedes_benz,no,25.25
38269,4000,small car,manual,75,ibiza,80000,petrol,seat,no,14.83
38271,4900,cabrio,automatic,71,fortwo,125000,petrol,smart,no,9.67
38272,12500,suv,manual,150,tiguan,50000,petrol,volkswagen,no,10.67
38274,6200,station wagon,automatic,170,passat,150000,diesel,volkswagen,no,11.33
38275,1599,limousine,manual,125,passat,150000,petrol,volkswagen,no,19.67
38276,5490,cabrio,manual,170,3er,150000,petrol,bmw,no,16.5
38278,1800,limousine,manual,115,stilo,150000,diesel,fiat,no,16.92
38282,3750,station wagon,manual,150,a4,150000,petrol,audi,no,17.17
38283,2100,station wagon,manual,110,octavia,150000,diesel,skoda,yes,16.42
38284,2000,limousine,manual,75,golf,125000,petrol,volkswagen,no,21.0
38286,4680,coupe,manual,118,3er,150000,petrol,bmw,no,16.42
38287,599,bus,manual,75,berlingo,150000,petrol,citroen,yes,20.92
38290,10500,station wagon,manual,175,signum,100000,petrol,opel,no,11.75
38291,7599,limousine,manual,122,1er,125000,petrol,bmw,no,10.17
38292,999,small car,manual,75,polo,150000,petrol,volkswagen,no,20.0
38293,20950,limousine,automatic,245,5er,150000,diesel,bmw,no,8.5
38294,2440,cabrio,automatic,112,c3,100000,petrol,citroen,no,15.5
38295,8500,limousine,automatic,143,1er,100000,petrol,bmw,no,11.42
38298,5500,limousine,automatic,286,5er,150000,lpg,bmw,no,15.25
38301,300,station wagon,manual,90,laguna,100000,petrol,renault,yes,20.42
38302,2899,station wagon,manual,170,3er,150000,petrol,bmw,no,16.25
38304,3590,station wagon,manual,105,passat,150000,diesel,volkswagen,yes,11.83
38305,16300,suv,automatic,306,m_klasse,150000,petrol,mercedes_benz,no,13.92
38306,2750,limousine,manual,75,polo,150000,petrol,volkswagen,no,14.75
38307,2799,small car,manual,87,sandero,125000,petrol,dacia,no,9.17
38308,5950,small car,automatic,71,fortwo,70000,petrol,smart,no,9.08
38309,950,small car,manual,60,micra,150000,petrol,nissan,no,17.5
38313,1050,bus,manual,145,galaxy,150000,petrol,ford,no,18.33
38316,4500,limousine,manual,105,astra,150000,petrol,opel,no,12.5
38321,5555,cabrio,automatic,71,fortwo,90000,petrol,smart,no,8.25
38323,2400,small car,manual,45,polo,50000,petrol,volkswagen,yes,26.92
38324,1990,small car,manual,50,lupo,125000,petrol,volkswagen,no,14.75
38326,2300,station wagon,manual,110,octavia,150000,diesel,skoda,no,19.67
38327,3800,limousine,manual,120,bravo,150000,diesel,fiat,no,10.67
38328,4199,small car,manual,250,others,150000,petrol,audi,no,14.75
38331,8800,limousine,manual,120,cooper,100000,petrol,mini,no,11.83
38332,500,small car,manual,75,2_reihe,150000,petrol,peugeot,no,27.5
38337,2200,coupe,manual,150,others,125000,petrol,chrysler,no,28.33
38339,7000,small car,manual,69,polo,80000,diesel,volkswagen,no,10.5
38341,32900,cabrio,automatic,315,sl,100000,petrol,mercedes_benz,no,9.67
38342,3790,small car,manual,65,clio,80000,petrol,renault,no,11.08
38343,39990,suv,automatic,211,q3,30000,petrol,audi,no,5.58
38345,11500,coupe,manual,174,cooper,90000,petrol,mini,no,11.25
38346,150,small car,manual,44,corsa,150000,petrol,opel,yes,24.08
38347,1750,bus,manual,145,galaxy,150000,petrol,ford,no,17.17
38348,1250,small car,manual,58,corsa,150000,petrol,opel,no,17.58
38350,9500,others,automatic,350,others,60000,lpg,chevrolet,no,39.17
38352,2600,station wagon,automatic,155,a6,150000,diesel,audi,no,16.17
38353,8650,limousine,manual,140,a3,150000,diesel,audi,no,10.67
38354,1000,limousine,manual,150,3er,150000,petrol,bmw,no,22.83
38355,4750,bus,manual,88,others,150000,diesel,mercedes_benz,no,32.0
38357,2390,limousine,manual,82,a_klasse,125000,petrol,mercedes_benz,no,17.58
38358,12500,limousine,automatic,275,a8,150000,diesel,audi,no,15.42
38359,1100,limousine,manual,75,almera,150000,petrol,nissan,no,21.0
38360,1650,station wagon,manual,101,golf,150000,petrol,volkswagen,no,19.67
38363,1600,small car,manual,90,others,5000,petrol,ford,no,20.0
38367,8700,station wagon,automatic,105,golf,150000,diesel,volkswagen,no,9.0
38369,9999,cabrio,automatic,163,slk,70000,petrol,mercedes_benz,no,17.25
38371,1300,station wagon,manual,101,focus,150000,diesel,ford,yes,15.67
38372,5900,limousine,manual,116,1er,150000,petrol,bmw,no,13.5
38373,550,small car,manual,60,micra,70000,petrol,nissan,yes,16.5
38377,900,small car,manual,60,others,150000,petrol,citroen,no,17.75
38378,7800,small car,manual,87,corsa,40000,petrol,opel,no,8.67
38379,450,small car,manual,75,clio,150000,petrol,renault,yes,18.5
38380,10800,small car,manual,98,one,80000,petrol,mini,no,7.5
38382,36900,suv,manual,190,range_rover_evoque,80000,diesel,land_rover,no,6.67
38383,2900,coupe,manual,118,3er,150000,petrol,bmw,no,18.58
38384,3940,limousine,automatic,131,passat,150000,diesel,volkswagen,no,15.0
38385,2650,small car,manual,54,fox,125000,petrol,volkswagen,no,13.42
38386,500,small car,manual,60,polo,150000,petrol,volkswagen,no,20.58
38387,550,small car,manual,54,clio,20000,petrol,renault,no,22.5
38388,3999,limousine,manual,121,6_reihe,150000,diesel,mazda,no,15.25
38389,4850,limousine,manual,75,others,125000,diesel,mercedes_benz,no,26.58
38390,2850,limousine,manual,150,a3,150000,petrol,audi,no,19.92
38393,1750,small car,manual,60,c2,125000,petrol,citroen,no,15.75
38394,5999,station wagon,manual,140,golf,150000,diesel,volkswagen,no,12.0
38395,47790,limousine,automatic,190,x_reihe,10000,diesel,bmw,no,3.5
38397,4490,small car,manual,68,others,50000,petrol,nissan,no,9.83
38398,6400,station wagon,manual,90,astra,60000,petrol,opel,no,10.58
38399,499,limousine,manual,90,megane,150000,petrol,renault,no,20.5
38401,6444,limousine,manual,102,a3,150000,petrol,audi,no,12.75
38404,16500,coupe,manual,265,a5,150000,petrol,audi,no,10.92
38405,550,small car,manual,60,punto,150000,petrol,fiat,no,21.42
38406,7500,small car,manual,82,fiesta,40000,petrol,ford,no,8.25
38408,2750,bus,manual,113,scenic,125000,petrol,renault,no,14.33
38409,5890,station wagon,manual,86,fabia,70000,petrol,skoda,no,10.08
38410,1599,limousine,manual,122,c_klasse,150000,petrol,mercedes_benz,no,20.75
38413,3699,station wagon,manual,109,focus,150000,diesel,ford,no,12.0
38414,15000,station wagon,manual,140,passat,125000,diesel,volkswagen,no,6.25
38417,5799,limousine,automatic,230,others,150000,lpg,chevrolet,no,27.33
38420,3390,bus,automatic,136,others,125000,petrol,citroen,no,15.42
38423,4700,small car,manual,80,polo,125000,diesel,volkswagen,no,10.83
38424,999,small car,manual,75,almera,150000,petrol,nissan,no,19.42
38425,11990,small car,manual,75,one,30000,petrol,mini,no,5.33
38426,120,limousine,manual,75,golf,150000,petrol,volkswagen,yes,25.25
38428,4000,limousine,manual,118,3er,125000,petrol,bmw,yes,20.33
38429,20900,suv,manual,140,kuga,30000,diesel,ford,no,4.58
38430,4800,bus,manual,116,touran,150000,petrol,volkswagen,no,16.0
38431,500,limousine,manual,75,golf,150000,petrol,volkswagen,yes,22.58
38432,3999,station wagon,manual,131,a4,150000,diesel,audi,no,15.08
38434,3750,small car,manual,68,1_reihe,60000,petrol,peugeot,no,10.58
38435,3333,limousine,manual,80,others,70000,petrol,mazda,yes,12.83
38436,8450,limousine,manual,140,a6,150000,diesel,audi,no,12.5
38437,19990,cabrio,manual,231,3er,50000,petrol,bmw,no,17.17
38439,1550,small car,manual,50,arosa,125000,petrol,seat,no,17.92
38440,1500,cabrio,manual,147,astra,150000,petrol,opel,no,16.83
38441,2690,bus,manual,90,transit,150000,diesel,ford,no,14.42
38442,3780,limousine,manual,192,5er,150000,petrol,bmw,no,16.17
38443,6600,limousine,manual,122,1er,150000,petrol,bmw,no,9.5
38448,4499,limousine,automatic,122,e_klasse,150000,diesel,mercedes_benz,no,15.0
38452,66964,coupe,manual,250,911,90000,petrol,porsche,no,25.25
38453,5290,station wagon,manual,125,forester,150000,lpg,subaru,yes,12.25
38454,650,limousine,automatic,170,mondeo,150000,petrol,ford,no,22.92
38455,1500,small car,automatic,41,fortwo,150000,diesel,smart,yes,18.33
38457,3499,station wagon,manual,116,astra,100000,petrol,opel,no,19.83
38458,4300,bus,automatic,111,modus,100000,petrol,renault,no,13.17
38460,2600,limousine,manual,75,golf,150000,petrol,volkswagen,no,17.08
38462,500,limousine,manual,90,civic,150000,petrol,honda,no,21.25
38463,4700,station wagon,automatic,125,forester,150000,petrol,subaru,no,13.5
38465,200,limousine,manual,75,cordoba,150000,petrol,seat,yes,23.75
38466,3200,coupe,manual,192,3er,150000,petrol,bmw,no,26.58
38468,599,small car,manual,80,punto,150000,petrol,fiat,no,18.0
38469,11490,station wagon,manual,140,a3,150000,diesel,audi,no,7.75
38470,19490,suv,manual,122,tiguan,40000,petrol,volkswagen,no,5.17
38471,2350,small car,manual,75,corsa,125000,petrol,opel,no,16.5
38473,1000,small car,manual,90,golf,150000,petrol,volkswagen,no,25.67
38475,500,limousine,manual,101,vectra,125000,petrol,opel,yes,22.08
38478,2990,small car,manual,80,fiesta,150000,petrol,ford,no,10.42
38479,12000,station wagon,manual,179,a4,125000,petrol,audi,no,9.58
38480,2100,cabrio,manual,109,2_reihe,150000,petrol,peugeot,no,13.5
38481,1999,station wagon,manual,116,bora,150000,diesel,volkswagen,yes,19.0
38482,9800,bus,manual,140,sharan,150000,diesel,volkswagen,no,12.0
38483,8650,cabrio,manual,116,cooper,60000,petrol,mini,no,13.5
38484,1400,limousine,manual,102,a_klasse,150000,petrol,mercedes_benz,no,19.67
38485,2450,station wagon,manual,144,v70,150000,petrol,volvo,no,20.67
38486,1400,small car,manual,58,others,150000,petrol,hyundai,no,13.83
38487,7749,small car,manual,80,golf,60000,petrol,volkswagen,no,9.5
38488,11490,small car,manual,75,polo,40000,diesel,volkswagen,no,6.58
38492,750,limousine,manual,113,3er,150000,petrol,bmw,no,27.42
38493,8399,limousine,manual,110,golf,125000,diesel,volkswagen,no,11.0
38494,4250,limousine,manual,101,astra,150000,diesel,opel,no,14.83
38497,900,small car,automatic,70,golf,150000,petrol,volkswagen,no,28.08
38498,2000,small car,manual,60,polo,125000,petrol,volkswagen,no,18.58
38499,5890,bus,manual,131,s_max,150000,diesel,ford,no,12.92
38501,3333,bus,manual,116,galaxy,150000,diesel,ford,no,17.5
38503,4500,limousine,automatic,163,c_klasse,125000,petrol,mercedes_benz,no,16.5
38504,1450,station wagon,manual,102,c_klasse,150000,diesel,mercedes_benz,no,20.0
38505,6900,station wagon,automatic,170,passat,150000,diesel,volkswagen,no,13.0
38506,10300,station wagon,manual,170,a3,150000,diesel,audi,no,10.17
38507,9350,limousine,manual,99,i_reihe,60000,petrol,hyundai,no,5.17
38509,3250,station wagon,automatic,150,e_klasse,150000,diesel,mercedes_benz,no,15.67
38511,18500,limousine,manual,140,golf,60000,petrol,volkswagen,no,5.08
38513,11900,bus,manual,80,caddy,50000,petrol,volkswagen,no,8.42
38515,900,small car,manual,50,polo,150000,petrol,volkswagen,yes,17.25
38516,1040,station wagon,manual,101,vectra,150000,petrol,opel,no,20.08
38517,4200,station wagon,manual,90,astra,150000,diesel,opel,no,10.42
38518,34200,limousine,automatic,275,others,50000,diesel,jaguar,no,5.33
38522,3150,small car,automatic,75,fortwo,50000,petrol,smart,no,13.33
38523,2100,limousine,manual,129,5er,150000,petrol,bmw,no,29.33
38524,1700,small car,manual,84,2_reihe,150000,petrol,peugeot,no,16.25
38525,1200,others,manual,75,transporter,150000,diesel,volkswagen,yes,25.08
38530,950,limousine,manual,115,accord,150000,petrol,honda,no,20.5
38531,4999,small car,manual,94,others,70000,petrol,chevrolet,no,10.25
38532,1800,small car,manual,50,arosa,150000,petrol,seat,no,18.25
38534,9000,station wagon,automatic,272,5er,150000,diesel,bmw,no,14.92
38537,750,station wagon,manual,116,astra,150000,petrol,opel,no,20.58
38538,7990,cabrio,automatic,140,eos,150000,diesel,volkswagen,no,11.67
38539,6999,limousine,automatic,224,a6,150000,diesel,audi,no,15.0
38540,890,limousine,manual,101,a4,150000,petrol,audi,no,22.42
38541,999,station wagon,automatic,180,passat,150000,diesel,volkswagen,yes,18.33
38542,15500,limousine,manual,105,beetle,20000,petrol,volkswagen,no,4.33
38543,4100,station wagon,manual,109,focus,150000,diesel,ford,no,11.83
38544,4250,suv,manual,109,grand,150000,diesel,suzuki,no,14.83
38545,11199,limousine,automatic,170,c_klasse,150000,diesel,mercedes_benz,yes,12.0
38546,3499,small car,manual,54,polo,125000,petrol,volkswagen,no,13.67
38549,5950,station wagon,automatic,224,a6,150000,diesel,audi,yes,12.25
38550,3900,small car,manual,75,forfour,90000,petrol,smart,no,13.75
38551,1500,small car,manual,50,polo,150000,petrol,volkswagen,no,18.08
38557,21900,station wagon,manual,140,caddy,40000,diesel,volkswagen,no,6.0
38558,4500,limousine,manual,102,golf,150000,petrol,volkswagen,no,14.42
38559,4750,limousine,manual,170,golf,150000,petrol,volkswagen,no,12.92
38560,10900,suv,automatic,340,cayenne,150000,petrol,porsche,no,16.0
38561,1300,small car,automatic,71,fortwo,125000,petrol,smart,no,16.83
38563,3900,small car,manual,75,polo,150000,diesel,volkswagen,no,14.17
38568,6350,limousine,manual,75,colt,50000,petrol,mitsubishi,no,6.25
38569,990,small car,manual,45,others,150000,petrol,citroen,no,19.75
38570,11500,limousine,automatic,143,1er,150000,diesel,bmw,no,9.83
38571,1990,limousine,manual,170,mondeo,150000,petrol,ford,no,16.17
38573,3990,small car,manual,64,polo,100000,petrol,volkswagen,no,12.92
38574,13900,station wagon,automatic,231,e_klasse,125000,diesel,mercedes_benz,yes,7.75
38575,4500,limousine,manual,150,beetle,150000,petrol,volkswagen,no,15.25
38576,2100,small car,manual,98,almera,100000,petrol,nissan,no,15.42
38578,800,station wagon,automatic,177,omega,5000,petrol,opel,no,21.83
38579,250,small car,manual,50,1_reihe,150000,petrol,peugeot,no,22.25
38582,700,small car,manual,45,corsa,90000,petrol,opel,no,19.0
38585,5999,small car,manual,69,yaris,40000,petrol,toyota,no,11.25
38591,33000,coupe,manual,420,m_reihe,125000,petrol,bmw,no,10.0
38592,7300,limousine,automatic,299,a8,150000,petrol,audi,no,22.42
38593,8899,station wagon,automatic,231,x_reihe,150000,petrol,bmw,no,17.75
38594,7800,station wagon,manual,140,a4,150000,diesel,audi,no,10.25
38595,250,station wagon,manual,115,mondeo,150000,petrol,ford,yes,20.08
38597,1990,limousine,manual,192,3er,150000,petrol,bmw,no,16.75
38598,7300,limousine,manual,170,3er,125000,petrol,bmw,no,14.08
38601,7500,limousine,manual,177,5er,150000,diesel,bmw,no,14.75
38602,1550,limousine,manual,125,carisma,150000,petrol,mitsubishi,no,18.42
38605,2450,limousine,automatic,125,a_klasse,100000,petrol,mercedes_benz,no,16.83
38609,3200,bus,manual,110,verso,150000,petrol,toyota,no,15.67
38610,1200,small car,manual,60,polo,100000,petrol,volkswagen,no,19.83
38611,9999,cabrio,manual,120,2_reihe,60000,petrol,peugeot,no,6.25
38612,2999,limousine,manual,116,c_klasse,150000,diesel,mercedes_benz,no,17.83
38613,24500,coupe,automatic,320,others,50000,petrol,porsche,no,29.25
38617,22000,coupe,manual,197,1er,70000,diesel,bmw,no,6.33
38618,950,limousine,manual,54,polo,150000,petrol,volkswagen,no,23.5
38619,3990,bus,manual,101,meriva,125000,diesel,opel,no,11.08
38620,1400,limousine,manual,100,golf,150000,petrol,volkswagen,no,18.25
38621,3999,small car,manual,94,justy,50000,petrol,subaru,no,14.5
38622,800,small car,manual,54,corsa,150000,petrol,opel,no,18.5
38624,4500,limousine,manual,105,golf,150000,diesel,volkswagen,no,14.92
38625,6390,small car,manual,125,corsa,125000,diesel,opel,no,10.25
38626,27500,cabrio,manual,305,slk,50000,petrol,mercedes_benz,no,8.42
38632,949,station wagon,manual,131,mondeo,150000,diesel,ford,yes,15.0
38633,13500,limousine,manual,170,golf,150000,diesel,volkswagen,no,8.08
38634,25500,cabrio,automatic,218,3er,40000,petrol,bmw,no,8.5
38636,800,small car,manual,75,twingo,150000,petrol,renault,no,15.17
38637,3990,bus,manual,128,others,150000,diesel,fiat,no,13.17
38638,8000,limousine,manual,122,1er,80000,petrol,bmw,no,11.0
38640,24350,limousine,automatic,340,s_klasse,150000,petrol,mercedes_benz,no,8.08
38641,7999,station wagon,manual,86,roomster,80000,petrol,skoda,no,6.58
38644,800,limousine,manual,116,bora,150000,petrol,volkswagen,no,21.0
38645,2950,small car,manual,101,ibiza,150000,diesel,seat,no,15.5
38646,2450,small car,manual,64,polo,150000,petrol,volkswagen,no,16.83
38647,5100,station wagon,manual,140,passat,150000,diesel,volkswagen,no,9.5
38648,10999,bus,manual,86,caddy,60000,petrol,volkswagen,no,7.5
38650,1999,limousine,manual,75,golf,150000,petrol,volkswagen,no,15.42
38652,1800,station wagon,manual,150,3er,150000,petrol,bmw,no,21.75
38653,9990,coupe,automatic,143,1er,100000,diesel,bmw,no,10.42
38654,5350,limousine,manual,116,a3,150000,petrol,audi,no,15.75
38655,2444,station wagon,manual,137,5er,150000,diesel,bmw,no,16.58
38656,8750,station wagon,manual,140,passat,150000,diesel,volkswagen,no,11.42
38657,999,station wagon,manual,60,polo,125000,petrol,volkswagen,no,19.42
38658,5990,small car,manual,60,mii,30000,petrol,seat,no,6.33
38659,4500,coupe,manual,143,others,100000,petrol,toyota,no,18.25
38660,2399,limousine,manual,98,lancer,150000,petrol,mitsubishi,no,13.25
38661,1000,station wagon,manual,101,passat,150000,petrol,volkswagen,no,19.42
38662,3800,small car,manual,95,others,125000,petrol,fiat,no,12.5
38663,5800,station wagon,automatic,140,passat,150000,diesel,volkswagen,no,12.75
38665,1500,limousine,manual,150,golf,150000,petrol,volkswagen,no,20.42
38666,7399,station wagon,automatic,140,passat,150000,diesel,volkswagen,no,11.83
38667,3499,limousine,manual,193,5er,150000,petrol,bmw,no,20.83
38668,333,station wagon,manual,125,a4,150000,petrol,audi,yes,22.0
38670,7399,bus,automatic,105,touran,150000,diesel,volkswagen,no,12.42
38672,3690,station wagon,automatic,143,c_klasse,150000,diesel,mercedes_benz,no,16.92
38673,5990,small car,manual,82,fiesta,90000,petrol,ford,no,9.67
38674,3250,small car,manual,80,corsa,100000,petrol,opel,no,10.92
38675,799,small car,manual,75,golf,150000,petrol,volkswagen,no,17.5
38678,23000,coupe,automatic,204,e_klasse,50000,petrol,mercedes_benz,no,7.42
38679,6100,cabrio,manual,150,2_reihe,125000,petrol,peugeot,no,11.25
38680,1390,coupe,manual,90,others,125000,petrol,toyota,no,22.25
38682,1100,small car,manual,54,polo,150000,petrol,volkswagen,no,15.92
38684,2990,station wagon,manual,125,transit,150000,diesel,ford,no,13.83
38685,5995,small car,manual,92,swift,70000,petrol,suzuki,no,9.42
38686,1199,station wagon,manual,60,cordoba,150000,petrol,seat,no,20.0
38687,14900,cabrio,manual,143,1er,125000,diesel,bmw,no,9.5
38688,6500,small car,manual,60,mii,50000,petrol,seat,no,5.58
38690,1250,small car,manual,60,punto,150000,petrol,fiat,no,14.17
38691,1590,limousine,manual,75,golf,150000,petrol,volkswagen,no,20.58
38692,3400,limousine,manual,109,a_klasse,150000,diesel,mercedes_benz,no,13.25
38694,4900,others,manual,105,others,30000,petrol,mercedes_benz,no,29.75
38695,3500,limousine,automatic,143,e_klasse,150000,diesel,mercedes_benz,no,18.33
38696,2900,cabrio,manual,95,ka,100000,petrol,ford,no,16.0
38697,3500,station wagon,automatic,143,e_klasse,150000,diesel,mercedes_benz,no,18.67
38698,1650,bus,manual,82,a_klasse,150000,petrol,mercedes_benz,no,20.42
38699,3490,limousine,manual,98,lancer,125000,petrol,mitsubishi,no,14.33
38700,4500,limousine,automatic,170,c_klasse,150000,diesel,mercedes_benz,no,16.83
38701,17500,suv,manual,140,kuga,70000,diesel,ford,no,6.33
38702,3950,limousine,manual,116,3er,150000,petrol,bmw,no,14.67
38703,20800,bus,automatic,156,b_klasse,20000,petrol,mercedes_benz,no,6.67
38705,2499,limousine,manual,101,a4,150000,petrol,audi,no,18.25
38706,22500,cabrio,automatic,224,sl,80000,petrol,mercedes_benz,no,19.08
38708,500,small car,manual,54,corsa,125000,petrol,opel,no,19.67
38709,4000,limousine,manual,105,astra,150000,petrol,opel,no,14.67
38710,1990,small car,automatic,45,fortwo,100000,petrol,smart,no,18.33
38711,2699,station wagon,manual,131,bora,150000,diesel,volkswagen,no,16.67
38713,749,station wagon,manual,140,laguna,125000,petrol,renault,no,17.0
38715,11500,limousine,automatic,224,phaeton,125000,diesel,volkswagen,no,14.0
38716,5000,limousine,automatic,116,ceed,150000,diesel,kia,no,10.0
38719,1070,limousine,automatic,150,3er,150000,petrol,bmw,no,19.58
38721,20999,limousine,manual,235,golf,60000,petrol,volkswagen,no,7.75
38722,12000,bus,manual,95,b_klasse,30000,petrol,mercedes_benz,no,7.08
38723,15250,bus,manual,102,caddy,100000,diesel,volkswagen,no,7.5
38724,3700,station wagon,automatic,150,a6,150000,diesel,audi,no,18.08
38725,7800,station wagon,manual,140,golf,125000,diesel,volkswagen,no,10.42
38726,2400,station wagon,manual,116,a4,150000,diesel,audi,no,17.75
38728,1900,limousine,manual,101,a3,150000,diesel,audi,yes,16.83
38729,3350,station wagon,manual,131,bora,150000,diesel,volkswagen,no,16.92
38730,700,station wagon,manual,116,escort,150000,petrol,ford,no,21.58
38731,11500,limousine,manual,163,3er,150000,diesel,bmw,no,12.58
38732,5300,station wagon,manual,116,3er,150000,petrol,bmw,no,15.42
38734,7950,limousine,manual,150,3er,150000,petrol,bmw,no,13.67
38735,990,small car,manual,45,corsa,150000,petrol,opel,no,26.92
38736,8999,limousine,automatic,333,7er,150000,petrol,bmw,no,15.17
38738,15900,suv,automatic,163,kuga,125000,diesel,ford,no,7.42
38739,1390,limousine,manual,101,a4,150000,petrol,audi,no,19.5
38740,1800,station wagon,manual,90,golf,150000,diesel,volkswagen,no,19.33
38742,7900,cabrio,manual,163,slk,80000,petrol,mercedes_benz,no,16.42
38744,3100,limousine,manual,136,passat,150000,diesel,volkswagen,yes,14.58
38745,26450,limousine,automatic,211,a_klasse,40000,petrol,mercedes_benz,no,6.83
38746,3950,small car,manual,75,golf,100000,petrol,volkswagen,no,16.67
38748,2200,small car,manual,60,corsa,90000,petrol,opel,yes,12.83
38750,490,station wagon,manual,143,c_klasse,150000,petrol,mercedes_benz,yes,16.92
38751,1800,limousine,manual,75,golf,150000,petrol,volkswagen,no,19.5
38754,4800,suv,manual,116,rav,150000,diesel,toyota,no,14.25
38756,149,limousine,manual,90,80,150000,petrol,audi,no,26.58
38757,13900,limousine,automatic,170,e_klasse,150000,diesel,mercedes_benz,no,8.67
38759,19900,coupe,automatic,179,a5,70000,petrol,audi,no,10.0
38760,1650,coupe,manual,132,4_reihe,150000,petrol,peugeot,no,20.5
38762,1280,station wagon,manual,101,focus,150000,petrol,ford,no,18.42
38763,2500,limousine,manual,110,golf,150000,diesel,volkswagen,no,21.5
38765,12900,limousine,manual,99,civic,10000,petrol,honda,no,3.83
38766,1450,limousine,manual,122,c_klasse,150000,petrol,mercedes_benz,no,22.33
38767,3990,small car,automatic,60,panda,90000,petrol,fiat,no,9.33
38768,1800,small car,manual,60,corsa,150000,petrol,opel,no,14.0
38769,12500,coupe,manual,193,a_klasse,100000,petrol,mercedes_benz,no,8.33
38770,2900,bus,automatic,143,v_klasse,150000,petrol,mercedes_benz,no,22.0
38771,9500,small car,manual,250,a3,150000,petrol,audi,no,17.0
38773,6700,limousine,automatic,150,e_klasse,150000,diesel,mercedes_benz,no,15.17
38775,32900,bus,automatic,224,viano,90000,diesel,mercedes_benz,no,7.33
38778,1300,limousine,automatic,110,a3,150000,diesel,audi,no,20.33
38780,3300,limousine,manual,143,c_klasse,150000,petrol,mercedes_benz,no,15.67
38781,4999,limousine,manual,75,golf,150000,lpg,volkswagen,no,13.58
38782,8000,cabrio,manual,150,others,150000,petrol,audi,no,22.58
38785,11500,station wagon,manual,170,a4,150000,diesel,audi,no,11.25
38786,6500,coupe,automatic,272,3er,150000,petrol,bmw,yes,8.5
38788,5100,bus,manual,75,berlingo,60000,petrol,citroen,no,9.25
38789,2400,cabrio,manual,110,2_reihe,150000,petrol,peugeot,no,16.42
38791,3800,bus,manual,128,ducato,150000,diesel,fiat,no,12.42
38792,16500,coupe,manual,272,3er,70000,petrol,bmw,no,11.92
38793,11000,small car,manual,82,others,60000,petrol,citroen,no,5.08
38794,9350,cabrio,automatic,170,cooper,70000,petrol,mini,no,12.42
38796,3390,cabrio,manual,109,2_reihe,100000,petrol,peugeot,no,13.92
38797,5950,limousine,manual,136,outlander,150000,lpg,mitsubishi,no,11.67
38798,8200,limousine,manual,105,qashqai,125000,diesel,nissan,no,10.0
38799,1250,limousine,automatic,75,others,5000,petrol,mercedes_benz,no,26.58
38800,10400,station wagon,automatic,197,5er,150000,diesel,bmw,no,10.5
38801,2800,coupe,automatic,239,c_reihe,150000,petrol,volvo,no,17.25
38803,9990,cabrio,manual,140,astra,90000,petrol,opel,no,8.33
38807,28699,limousine,automatic,177,q5,60000,diesel,audi,no,5.25
38810,4800,bus,manual,105,touran,150000,diesel,volkswagen,no,12.83
38811,1600,station wagon,manual,118,mondeo,150000,petrol,ford,no,18.0
38813,10000,coupe,manual,185,6er,125000,petrol,bmw,no,42.17
38814,8999,limousine,manual,110,golf,150000,diesel,volkswagen,no,9.42
38815,5990,cabrio,manual,140,civic,125000,petrol,honda,no,11.83
38816,4500,suv,manual,136,x_trail,150000,diesel,nissan,no,14.92
38817,300,limousine,manual,72,others,150000,petrol,mazda,yes,27.75
38819,28000,bus,manual,140,sharan,90000,diesel,volkswagen,no,6.08
38820,897,small car,manual,60,fiesta,150000,petrol,ford,no,20.0
38821,2950,small car,manual,73,c3,125000,petrol,citroen,no,12.33
38822,4500,station wagon,manual,105,astra,150000,petrol,opel,no,12.25
38823,8600,bus,manual,200,zafira,150000,petrol,opel,no,10.58
38826,2555,limousine,manual,170,5er,150000,petrol,bmw,no,17.5
38829,1950,bus,manual,100,zafira,150000,diesel,opel,no,16.58
38830,2800,limousine,automatic,105,a3,150000,diesel,audi,no,13.42
38831,10500,limousine,manual,122,1er,80000,petrol,bmw,no,11.0
38832,1100,small car,manual,64,ibiza,150000,diesel,seat,no,13.33
38834,800,small car,manual,44,corsa,150000,petrol,opel,no,14.75
38835,14990,limousine,manual,134,c_klasse,150000,diesel,mercedes_benz,no,7.5
38837,1500,small car,manual,65,micra,150000,petrol,nissan,no,12.25
38838,1800,station wagon,manual,64,fabia,90000,petrol,skoda,yes,11.0
38839,23800,limousine,manual,184,x_reihe,90000,diesel,bmw,no,7.25
38840,2699,station wagon,manual,90,mondeo,150000,diesel,ford,no,11.92
38841,10900,cabrio,manual,175,eos,125000,diesel,volkswagen,no,11.33
38842,3990,small car,manual,95,forfour,125000,petrol,smart,no,13.25
38843,21000,coupe,automatic,179,a5,100000,petrol,audi,no,9.0
38844,2000,limousine,manual,101,leon,150000,petrol,seat,no,18.67
38846,1001,small car,manual,50,lupo,150000,petrol,volkswagen,no,16.08
38849,2000,limousine,manual,101,golf,150000,petrol,volkswagen,no,20.33
38850,6499,cabrio,manual,116,others,150000,petrol,audi,no,23.0
38851,5199,limousine,manual,125,focus,90000,petrol,ford,no,11.08
38852,4450,small car,manual,68,1_reihe,40000,petrol,peugeot,no,8.58
38854,2799,small car,manual,105,golf,150000,petrol,volkswagen,no,18.25
38856,10500,limousine,automatic,278,s_klasse,150000,petrol,mercedes_benz,no,21.08
38857,17480,limousine,manual,170,1er,60000,petrol,bmw,no,7.92
38858,14450,limousine,manual,143,3er,70000,diesel,bmw,no,7.42
38861,10500,limousine,automatic,120,others,70000,petrol,mercedes_benz,no,54.5
38864,3200,bus,automatic,140,touran,150000,diesel,volkswagen,no,14.92
38867,1299,limousine,manual,101,astra,150000,petrol,opel,no,20.42
38870,2700,limousine,manual,116,focus,150000,diesel,ford,no,15.92
38871,1888,coupe,manual,109,others,150000,petrol,citroen,no,15.08
38872,13000,station wagon,automatic,211,a4,150000,petrol,audi,no,9.5
38873,600,small car,automatic,53,swift,150000,petrol,suzuki,no,20.17
38875,14900,limousine,automatic,224,a6,70000,diesel,audi,no,13.92
38876,7499,limousine,automatic,354,e_klasse,150000,petrol,mercedes_benz,no,20.5
38877,10850,station wagon,manual,122,octavia,80000,petrol,skoda,no,7.42
38878,1899,cabrio,manual,147,astra,150000,petrol,opel,no,17.83
38880,500,limousine,manual,101,focus,150000,petrol,ford,yes,15.58
38881,4999,bus,manual,86,roomster,150000,petrol,skoda,no,10.17
38882,1650,limousine,manual,90,toledo,150000,diesel,seat,no,19.58
38883,9999,bus,manual,131,transporter,150000,diesel,volkswagen,no,15.83
38884,14900,station wagon,manual,140,passat,125000,diesel,volkswagen,no,6.25
38886,2100,limousine,automatic,150,e_klasse,150000,petrol,mercedes_benz,no,25.5
38887,600,station wagon,manual,102,3er,150000,petrol,bmw,no,20.25
38891,4500,limousine,automatic,140,a3,150000,diesel,audi,no,14.25
38894,1699,limousine,manual,101,bora,150000,petrol,volkswagen,no,19.5
38895,7999,station wagon,manual,105,ibiza,80000,diesel,seat,no,7.08
38898,1050,station wagon,manual,116,passat,150000,diesel,volkswagen,no,19.5
38899,7950,limousine,manual,150,octavia,125000,petrol,skoda,no,12.42
38900,199,limousine,manual,75,astra,100000,petrol,opel,yes,21.25
38902,7400,cabrio,automatic,170,3er,150000,petrol,bmw,no,17.33
38905,7650,bus,automatic,109,c4,100000,diesel,citroen,no,12.0
38906,800,limousine,manual,88,corolla,125000,petrol,toyota,no,25.08
38907,1099,limousine,manual,116,focus,150000,petrol,ford,no,14.5
38909,650,station wagon,manual,99,3er,150000,petrol,bmw,no,26.33
38912,1699,bus,manual,109,others,150000,diesel,citroen,no,14.75
38913,350,small car,manual,103,others,150000,petrol,fiat,yes,18.33
38914,7900,limousine,manual,150,beetle,70000,petrol,volkswagen,no,11.33
38915,15500,station wagon,manual,105,golf,50000,diesel,volkswagen,no,5.42
38916,950,small car,manual,60,polo,150000,petrol,volkswagen,no,17.17
38917,10500,station wagon,automatic,224,a6,150000,diesel,audi,no,12.17
38919,3700,limousine,manual,140,a_klasse,150000,diesel,mercedes_benz,no,13.42
38921,9800,station wagon,manual,99,i_reihe,60000,petrol,hyundai,no,5.83
38922,1650,limousine,manual,88,corolla,150000,petrol,toyota,no,24.75
38923,1300,cabrio,manual,71,astra,150000,petrol,opel,no,21.08
38925,3650,limousine,manual,170,5er,150000,petrol,bmw,no,19.0
38927,900,small car,manual,60,ypsilon,150000,petrol,lancia,no,19.0
38928,1500,limousine,manual,105,logan,150000,petrol,dacia,no,11.33
38931,17100,small car,manual,143,cooper,60000,diesel,mini,no,6.5
38934,3500,limousine,manual,122,vectra,125000,petrol,opel,no,16.25
38936,2000,station wagon,manual,136,3_reihe,150000,diesel,peugeot,no,12.75
38937,2400,coupe,manual,133,others,150000,petrol,honda,no,24.83
38939,8700,limousine,manual,170,5er,150000,lpg,bmw,no,14.83
38940,11990,small car,manual,69,polo,20000,petrol,volkswagen,no,5.33
38941,2100,limousine,manual,150,3er,150000,diesel,bmw,no,18.0
38942,11950,bus,automatic,170,touran,150000,diesel,volkswagen,no,7.08
38943,2399,cabrio,manual,90,escort,150000,petrol,ford,no,25.58
38944,8300,limousine,automatic,177,5er,150000,petrol,bmw,no,13.83
38945,10000,limousine,automatic,200,golf,90000,petrol,volkswagen,no,12.5
38947,1460,limousine,automatic,140,primera,150000,petrol,nissan,no,19.92
38948,5300,station wagon,manual,131,a6,150000,diesel,audi,no,15.5
38949,5850,bus,manual,116,golf,90000,petrol,volkswagen,no,12.08
38950,9300,bus,manual,116,others,150000,diesel,hyundai,no,8.0
38951,14500,station wagon,automatic,122,golf,100000,petrol,volkswagen,no,7.75
38952,27800,station wagon,automatic,258,5er,90000,diesel,bmw,no,7.25
38953,8888,coupe,automatic,306,cl,150000,petrol,mercedes_benz,no,17.58
38955,1490,bus,manual,102,scenic,150000,diesel,renault,no,17.0
38956,999,small car,manual,55,polo,150000,petrol,volkswagen,no,23.08
38957,2000,coupe,manual,116,cooper,150000,lpg,mini,no,15.83
38959,2590,small car,automatic,61,fortwo,100000,petrol,smart,no,14.17
38961,4000,limousine,manual,131,golf,150000,diesel,volkswagen,no,16.25
38963,2990,coupe,automatic,140,a3,150000,diesel,audi,yes,14.75
38964,999,station wagon,manual,100,megane,150000,petrol,renault,yes,17.42
38965,9500,limousine,automatic,143,1er,125000,petrol,bmw,no,9.33
38966,80000,coupe,automatic,349,911,30000,petrol,porsche,no,4.83
38967,3200,small car,manual,86,sandero,80000,petrol,dacia,no,9.25
38968,1399,small car,automatic,45,fortwo,125000,petrol,smart,no,17.92
38969,6399,cabrio,automatic,163,slk,90000,petrol,mercedes_benz,no,18.5
38970,7999,station wagon,manual,140,passat,150000,diesel,volkswagen,no,10.17
38971,2750,limousine,manual,143,5er,150000,diesel,bmw,no,21.33
38972,999,limousine,manual,50,polo,150000,petrol,volkswagen,no,22.92
38976,10900,suv,automatic,250,cayenne,150000,petrol,porsche,no,14.92
38977,2400,small car,automatic,80,corsa,150000,petrol,opel,no,13.75
38978,1299,bus,manual,121,others,150000,lpg,daewoo,no,15.58
38979,16000,bus,manual,105,touran,50000,petrol,volkswagen,yes,5.08
38981,3300,others,manual,90,transit,150000,diesel,ford,no,13.42
38982,200,small car,manual,45,corsa,150000,petrol,opel,yes,23.42
38983,14300,bus,manual,140,others,60000,diesel,ford,no,6.67
38985,500,limousine,manual,82,megane,150000,diesel,renault,yes,13.17
38986,3200,station wagon,manual,105,leon,125000,petrol,seat,no,12.92
38987,17900,cabrio,automatic,184,slk,70000,petrol,mercedes_benz,no,9.75
38989,5900,limousine,automatic,224,a6,150000,diesel,audi,no,14.0
38992,650,limousine,manual,75,astra,150000,petrol,opel,no,21.92
38994,1200,bus,manual,101,zafira,150000,diesel,opel,yes,13.5
38995,450,small car,manual,37,polo,150000,petrol,volkswagen,yes,21.5
38996,26299,suv,automatic,326,others,150000,diesel,ford,no,12.83
38998,600,limousine,manual,125,others,150000,diesel,saab,no,16.5
38999,1090,limousine,manual,75,golf,150000,petrol,volkswagen,no,18.17
39003,1500,limousine,manual,90,a3,150000,diesel,audi,no,19.5
39004,15300,small car,manual,122,a1,40000,petrol,audi,no,6.25
39005,1500,others,manual,60,combo,150000,diesel,opel,no,18.08
39006,1450,small car,manual,84,aveo,150000,petrol,chevrolet,yes,9.83
39008,1500,limousine,manual,90,golf,150000,diesel,volkswagen,no,19.75
39010,6999,suv,manual,174,touareg,150000,diesel,volkswagen,no,13.08
39011,350,small car,manual,50,polo,150000,petrol,volkswagen,yes,23.0
39012,750,small car,manual,75,twingo,150000,petrol,renault,yes,15.08
39013,9400,small car,manual,135,punto,60000,petrol,fiat,no,8.92
39017,3950,coupe,automatic,60,fortwo,80000,petrol,smart,no,8.5
39018,13777,station wagon,manual,140,golf,150000,diesel,volkswagen,no,8.33
39019,9000,station wagon,manual,143,3er,90000,petrol,bmw,no,10.42
39021,3499,small car,manual,54,panda,20000,petrol,fiat,no,9.83
39022,4399,small car,manual,68,1_reihe,80000,petrol,peugeot,no,9.67
39023,950,small car,manual,50,arosa,125000,petrol,seat,no,19.75
39025,1600,small car,manual,131,a3,150000,diesel,audi,yes,15.33
39026,4100,station wagon,automatic,220,a6,150000,petrol,audi,no,16.5
39028,999,small car,manual,60,punto,150000,petrol,fiat,no,22.42
39033,6500,station wagon,manual,140,c5,150000,diesel,citroen,no,9.08
39035,2500,bus,manual,147,zafira,150000,petrol,opel,no,17.92
39036,5990,limousine,automatic,150,c_klasse,150000,diesel,mercedes_benz,no,22.75
39040,5900,small car,manual,60,fiesta,30000,petrol,ford,no,9.25
39041,3800,limousine,manual,177,avensis,150000,diesel,toyota,no,13.0
39045,2800,limousine,manual,35,others,20000,petrol,fiat,no,47.92
39046,700,small car,manual,50,polo,150000,petrol,volkswagen,yes,19.0
39048,13750,limousine,automatic,170,c_klasse,150000,diesel,mercedes_benz,no,10.42
39050,1200,small car,manual,90,golf,80000,petrol,volkswagen,yes,26.0
39051,7000,limousine,manual,120,slk,150000,petrol,mercedes_benz,no,15.42
39053,5199,limousine,manual,102,golf,150000,petrol,volkswagen,no,13.17
39054,9500,bus,automatic,140,golf,50000,diesel,volkswagen,no,11.92
39055,7599,bus,manual,175,s_max,150000,diesel,ford,no,10.92
39056,3399,bus,manual,158,ducato,150000,diesel,fiat,yes,11.75
39058,17200,suv,manual,116,others,30000,petrol,opel,no,4.75
39059,1999,limousine,automatic,90,a_klasse,150000,diesel,mercedes_benz,no,19.92
39061,29900,suv,automatic,179,kuga,30000,diesel,ford,no,3.25
39062,1500,small car,manual,58,twingo,125000,petrol,renault,no,15.83
39063,3300,small car,manual,54,fortwo,150000,petrol,smart,no,17.92
39065,4399,limousine,manual,170,5er,150000,petrol,bmw,no,16.25
39068,1100,limousine,manual,116,vectra,150000,petrol,opel,no,19.17
39069,4199,small car,automatic,52,matiz,30000,petrol,chevrolet,no,8.25
39070,2500,limousine,manual,105,golf,150000,diesel,volkswagen,no,12.58
39071,1800,cabrio,manual,61,fortwo,80000,petrol,smart,no,17.75
39072,800,limousine,manual,110,4_reihe,150000,petrol,peugeot,no,20.25
39073,899,station wagon,manual,170,a4,150000,diesel,audi,yes,11.5
39076,9490,limousine,manual,143,1er,125000,diesel,bmw,no,11.33
39077,4150,cabrio,manual,115,3er,150000,petrol,bmw,no,23.92
39078,3490,station wagon,automatic,105,golf,150000,diesel,volkswagen,yes,11.92
39081,3999,small car,manual,69,polo,150000,diesel,volkswagen,no,13.0
39082,800,limousine,manual,115,6_reihe,150000,petrol,mazda,no,18.67
39084,8990,limousine,automatic,193,7er,150000,petrol,bmw,no,21.5
39085,1999,small car,manual,65,corsa,150000,petrol,opel,no,15.58
39087,500,limousine,manual,69,golf,150000,petrol,volkswagen,yes,28.67
39089,23500,small car,manual,105,500,40000,petrol,fiat,no,4.08
39091,1400,limousine,manual,110,passat,150000,diesel,volkswagen,no,21.58
39092,3499,limousine,manual,116,golf,150000,diesel,volkswagen,no,18.25
39093,10800,station wagon,manual,166,5er,150000,diesel,bmw,no,8.42
39094,9200,station wagon,automatic,224,a6,150000,diesel,audi,no,14.0
39096,2499,station wagon,manual,126,others,150000,lpg,kia,no,14.67
39097,4300,limousine,automatic,140,a3,150000,diesel,audi,no,13.25
39099,12000,station wagon,manual,160,insignia,125000,diesel,opel,no,8.25
39100,490,small car,manual,85,getz,150000,petrol,hyundai,yes,15.33
39101,1490,station wagon,manual,107,3_reihe,150000,diesel,peugeot,no,16.83
39102,14500,station wagon,automatic,170,octavia,100000,diesel,skoda,no,6.25
39103,5000,station wagon,automatic,136,focus,150000,diesel,ford,no,10.5
39105,11999,limousine,manual,265,1er,150000,lpg,bmw,no,12.92
39106,3200,station wagon,automatic,193,a6,150000,petrol,audi,no,20.67
39108,2200,bus,manual,84,transporter,150000,lpg,volkswagen,no,27.42
39110,4950,small car,manual,73,2_reihe,60000,petrol,peugeot,no,9.08
39111,1850,limousine,automatic,82,a_klasse,125000,petrol,mercedes_benz,no,16.67
39113,5950,limousine,manual,150,a3,150000,petrol,audi,no,15.83
39114,7250,cabrio,manual,163,slk,125000,petrol,mercedes_benz,no,16.5
39117,4250,limousine,manual,192,3er,150000,petrol,bmw,no,17.58
39119,3650,limousine,manual,131,bora,150000,diesel,volkswagen,no,14.67
39120,1990,small car,manual,60,fiesta,125000,petrol,ford,no,14.58
39122,4200,suv,manual,111,freelander,150000,diesel,land_rover,no,17.58
39123,17300,small car,manual,184,cooper,40000,petrol,mini,no,5.92
39126,6500,limousine,automatic,140,a4,150000,diesel,audi,no,13.0
39129,300,small car,automatic,55,twingo,150000,petrol,renault,yes,21.08
39130,2650,small car,manual,64,polo,150000,petrol,volkswagen,no,15.83
39131,19650,bus,manual,136,b_klasse,60000,diesel,mercedes_benz,no,7.92
39133,7200,small car,manual,75,rio,50000,diesel,kia,no,6.58
39134,7000,small car,manual,82,fiesta,30000,petrol,ford,no,7.5
39137,15990,station wagon,automatic,170,a6,125000,diesel,audi,no,7.42
39139,5000,limousine,manual,136,focus,90000,diesel,ford,no,13.25
39140,15900,cabrio,automatic,163,clk,90000,petrol,mercedes_benz,no,11.25
39144,8500,suv,manual,118,wrangler,150000,petrol,jeep,no,18.42
39145,2300,limousine,manual,125,a6,150000,petrol,audi,no,21.25
39148,10300,cabrio,automatic,231,3er,150000,petrol,bmw,no,16.33
39149,2600,limousine,manual,143,3er,150000,petrol,bmw,yes,14.08
39151,5400,station wagon,automatic,218,5er,150000,diesel,bmw,yes,13.75
39152,400,station wagon,automatic,100,golf,150000,petrol,volkswagen,yes,17.33
39153,3500,small car,manual,75,one,150000,diesel,mini,no,14.42
39154,1190,limousine,manual,101,vectra,150000,petrol,opel,no,21.0
39155,2500,limousine,manual,129,c_klasse,150000,petrol,mercedes_benz,no,17.42
39156,1000,coupe,manual,125,cr_reihe,150000,petrol,honda,no,26.92
39161,550,limousine,manual,133,100,150000,petrol,audi,yes,27.33
39162,3299,limousine,manual,89,3_reihe,150000,petrol,peugeot,no,12.33
39163,4997,station wagon,automatic,286,5er,150000,lpg,bmw,no,17.17
39165,4250,station wagon,automatic,125,astra,150000,petrol,opel,no,12.25
39166,5200,small car,manual,92,swift,50000,petrol,suzuki,no,9.92
39167,1800,limousine,automatic,163,a6,150000,diesel,audi,no,16.0
39168,5700,bus,manual,131,s_max,150000,diesel,ford,no,12.92
39169,18000,bus,manual,150,others,30000,petrol,ford,no,5.17
39171,1500,limousine,automatic,170,c_klasse,150000,petrol,mercedes_benz,no,19.25
39173,4590,station wagon,automatic,150,c_klasse,150000,diesel,mercedes_benz,no,14.67
39174,22900,limousine,automatic,224,c_klasse,100000,diesel,mercedes_benz,no,8.08
39180,260,small car,manual,101,focus,150000,petrol,ford,no,15.58
39181,5500,limousine,manual,90,golf,150000,diesel,volkswagen,no,14.83
39182,5900,small car,manual,69,i_reihe,10000,petrol,hyundai,no,5.58
39183,13798,suv,manual,116,sportage,150000,diesel,kia,no,7.92
39187,4500,limousine,manual,231,3er,150000,petrol,bmw,no,18.25
39188,2199,small car,manual,64,polo,150000,petrol,volkswagen,no,15.17
39189,4350,bus,automatic,116,sharan,150000,diesel,volkswagen,no,18.0
39190,8200,station wagon,automatic,163,e_klasse,125000,petrol,mercedes_benz,no,14.17
39191,5600,limousine,automatic,170,a4,150000,petrol,audi,no,14.08
39192,30000,suv,automatic,239,touareg,70000,diesel,volkswagen,no,7.42
39193,8550,coupe,manual,118,others,125000,petrol,toyota,no,42.83
39194,1690,limousine,manual,105,golf,150000,petrol,volkswagen,no,18.42
39195,2300,limousine,manual,116,beetle,150000,petrol,volkswagen,no,18.17
39196,2800,station wagon,manual,75,combo,150000,diesel,opel,no,12.83
39197,19990,bus,manual,150,viano,100000,diesel,mercedes_benz,no,8.5
39200,1350,limousine,automatic,80,fusion,150000,petrol,ford,yes,15.92
39203,34490,coupe,automatic,420,m_reihe,150000,petrol,bmw,no,9.42
39205,2999,small car,manual,110,golf,150000,petrol,volkswagen,no,15.42
39206,1750,small car,manual,67,i_reihe,70000,petrol,hyundai,yes,10.83
39207,4900,station wagon,automatic,204,e_klasse,150000,diesel,mercedes_benz,no,15.58
39208,3800,limousine,automatic,163,a4,150000,diesel,audi,no,14.25
39210,1990,limousine,automatic,122,c_klasse,125000,petrol,mercedes_benz,no,23.33
39212,15200,small car,manual,86,a1,20000,petrol,audi,no,5.0
39213,3300,bus,manual,105,roomster,150000,diesel,skoda,no,11.67
39216,5250,limousine,manual,193,a8,150000,petrol,audi,no,21.5
39217,7100,limousine,manual,122,1er,150000,petrol,bmw,no,9.67
39219,1300,small car,manual,75,golf,150000,petrol,volkswagen,no,20.58
39221,1400,small car,manual,75,golf,150000,petrol,volkswagen,no,19.17
39225,9890,bus,manual,105,touran,150000,diesel,volkswagen,no,9.0
39228,7800,limousine,automatic,150,c_klasse,150000,diesel,mercedes_benz,no,13.75
39229,25500,suv,automatic,224,m_klasse,125000,diesel,mercedes_benz,no,9.08
39230,10850,small car,manual,60,polo,30000,petrol,volkswagen,no,6.92
39231,200,coupe,manual,131,others,150000,petrol,fiat,yes,21.5
39233,1699,small car,manual,75,fiesta,150000,petrol,ford,no,17.33
39240,4990,cabrio,manual,116,mx_reihe,150000,petrol,mazda,no,28.5
39242,2500,limousine,manual,125,a4,150000,petrol,audi,no,18.25
39244,8800,station wagon,manual,165,zafira,30000,diesel,opel,no,8.0
39246,9950,station wagon,automatic,145,x_type,125000,diesel,jaguar,no,10.25
39248,1500,bus,manual,75,transporter,150000,diesel,volkswagen,no,25.0
39249,7777,suv,automatic,184,x_reihe,150000,diesel,bmw,no,15.17
39250,7900,limousine,manual,220,insignia,150000,petrol,opel,no,8.5
39253,8299,cabrio,manual,150,eos,125000,petrol,volkswagen,no,12.42
39254,750,small car,manual,60,corsa,150000,petrol,opel,no,23.58
39255,1300,station wagon,manual,125,astra,150000,petrol,opel,no,15.33
39257,2250,coupe,manual,90,scirocco,150000,petrol,volkswagen,no,31.5
39258,1200,small car,manual,116,focus,150000,diesel,ford,no,17.83
39259,1490,bus,manual,68,ducato,150000,diesel,fiat,no,19.0
39261,2050,limousine,automatic,193,5er,150000,lpg,bmw,no,22.0
39266,1300,coupe,manual,116,others,150000,petrol,ford,no,24.5
39267,2350,small car,manual,58,corsa,150000,petrol,opel,no,17.17
39269,2700,station wagon,automatic,179,a4,30000,diesel,audi,no,16.33
39271,2850,small car,manual,75,polo,150000,petrol,volkswagen,yes,15.42
39273,650,small car,manual,55,corsa,125000,petrol,opel,no,21.67
39274,3600,small car,manual,105,astra,150000,petrol,opel,no,13.33
39275,1650,small car,manual,60,fiesta,125000,petrol,ford,no,16.17
39277,5900,limousine,manual,140,passat,150000,diesel,volkswagen,no,12.92
39279,3200,small car,manual,150,colt,150000,petrol,mitsubishi,no,13.75
39280,1800,limousine,manual,75,fiesta,150000,diesel,ford,no,17.0
39281,450,small car,manual,60,fiesta,150000,petrol,ford,no,21.33
39282,12950,cabrio,automatic,306,sl,150000,petrol,mercedes_benz,no,17.92
39283,21900,station wagon,automatic,211,a6,150000,diesel,audi,no,7.58
39284,13700,limousine,manual,120,a4,50000,petrol,audi,no,10.83
39285,2900,small car,manual,64,ibiza,125000,petrol,seat,no,16.58
39286,11900,suv,automatic,86,jimny,40000,petrol,suzuki,no,6.25
39287,900,cabrio,manual,27,others,60000,petrol,citroen,yes,31.33
39288,1490,limousine,manual,86,corolla,150000,petrol,toyota,no,20.92
39290,12500,limousine,manual,125,a3,125000,petrol,audi,no,7.17
39292,7500,limousine,manual,163,3er,150000,diesel,bmw,no,13.33
39293,9999,station wagon,automatic,105,fabia,40000,petrol,skoda,no,5.42
39294,6999,station wagon,manual,170,3er,150000,petrol,bmw,no,14.58
39296,2250,limousine,manual,150,3er,150000,diesel,bmw,no,16.25
39297,1200,limousine,manual,60,corsa,150000,petrol,opel,no,18.75
39298,3800,coupe,automatic,116,calibra,125000,petrol,opel,no,25.0
39299,6500,cabrio,automatic,90,tigra,30000,petrol,opel,no,13.25
39300,9000,coupe,manual,143,others,125000,petrol,mercedes_benz,no,10.33
39302,6400,small car,manual,82,fiesta,70000,petrol,ford,no,8.42
39304,13500,cabrio,manual,102,beetle,40000,petrol,volkswagen,no,8.58
39305,2900,limousine,automatic,299,7er,150000,petrol,bmw,no,29.92
39306,4500,small car,manual,75,clio,30000,petrol,renault,no,10.83
39308,13000,limousine,automatic,197,5er,150000,diesel,bmw,no,10.33
39309,549,small car,manual,82,micra,150000,petrol,nissan,yes,17.42
39313,23600,limousine,manual,170,q3,40000,petrol,audi,no,5.67
39314,1150,limousine,manual,90,others,125000,petrol,citroen,no,19.42
39315,8750,station wagon,manual,104,astra,150000,diesel,opel,no,7.58
39316,6750,bus,manual,120,others,125000,diesel,fiat,no,10.58
39317,4500,small car,manual,58,twingo,30000,petrol,renault,no,10.42
39318,13000,suv,automatic,190,discovery,150000,diesel,land_rover,no,10.25
39319,5799,suv,manual,150,rav,150000,petrol,toyota,no,15.42
39321,320,small car,manual,60,ibiza,150000,petrol,seat,yes,20.83
39322,2300,small car,manual,60,2_reihe,150000,petrol,peugeot,no,13.75
39323,11000,station wagon,manual,160,astra,100000,diesel,opel,no,7.42
39325,7400,station wagon,manual,150,a4,90000,petrol,audi,no,16.33
39327,1990,station wagon,automatic,150,laguna,150000,diesel,renault,no,15.58
39330,6400,cabrio,manual,126,mx_reihe,125000,petrol,mazda,no,12.58
39332,15900,cabrio,manual,264,others,40000,petrol,opel,no,10.42
39333,3100,station wagon,automatic,163,a6,150000,diesel,audi,no,16.5
39334,9750,cabrio,manual,113,3er,150000,petrol,bmw,no,25.5
39335,24200,cabrio,automatic,204,z_reihe,80000,petrol,bmw,no,8.42
39336,5400,small car,manual,77,jazz,125000,petrol,honda,no,10.33
39337,1850,small car,manual,60,corsa,150000,petrol,opel,no,14.08
39338,650,limousine,manual,60,golf,150000,petrol,volkswagen,no,21.17
39339,19800,station wagon,manual,160,a4,40000,petrol,audi,no,7.25
39341,400,limousine,manual,80,others,150000,petrol,ford,yes,28.67
39342,1999,limousine,manual,150,5er,150000,petrol,bmw,no,19.33
39343,6000,limousine,manual,109,c4,150000,diesel,citroen,no,8.58
39344,16500,suv,automatic,211,x_reihe,150000,diesel,bmw,no,10.33
39345,1200,small car,manual,75,corsa,150000,petrol,opel,no,17.58
39346,6900,station wagon,manual,140,a3,150000,diesel,audi,no,14.92
39349,6650,limousine,automatic,179,a6,150000,diesel,audi,no,15.58
39353,349,small car,manual,75,punto,150000,petrol,fiat,no,21.33
39354,1000,small car,manual,54,polo,150000,petrol,volkswagen,no,27.58
39355,525,small car,manual,54,golf,150000,petrol,volkswagen,no,27.83
39356,1500,station wagon,manual,125,vectra,150000,lpg,opel,no,17.75
39358,11700,limousine,manual,121,others,80000,petrol,alfa_romeo,no,44.42
39359,4000,coupe,manual,116,3er,150000,petrol,bmw,no,13.08
39360,3990,bus,manual,109,c_max,150000,diesel,ford,no,13.42
39362,950,small car,manual,60,polo,125000,petrol,volkswagen,no,21.58
39364,780,limousine,manual,133,90,150000,petrol,audi,yes,28.83
39367,2200,others,manual,95,others,150000,diesel,peugeot,no,13.25
39368,3700,station wagon,manual,150,3er,150000,diesel,bmw,no,16.33
39370,4000,small car,automatic,83,jazz,90000,petrol,honda,no,14.17
39371,2490,limousine,manual,105,leon,150000,petrol,seat,no,14.25
39372,2400,station wagon,manual,75,golf,150000,petrol,volkswagen,no,19.0
39373,490,limousine,manual,125,a3,150000,petrol,audi,no,21.08
39375,4600,station wagon,manual,101,focus,100000,petrol,ford,no,13.67
39378,450,small car,automatic,45,fortwo,100000,petrol,smart,yes,15.17
39379,4999,limousine,manual,118,others,125000,petrol,mercedes_benz,no,33.75
39380,19999,station wagon,automatic,190,a6,150000,diesel,audi,no,8.25
39381,4200,station wagon,manual,137,legacy,150000,petrol,subaru,no,16.0
39383,1500,limousine,manual,95,stilo,150000,petrol,fiat,no,13.5
39384,19900,suv,automatic,177,x_reihe,125000,diesel,bmw,no,8.08
39385,1299,limousine,automatic,193,a4,150000,petrol,audi,no,20.33
39387,1600,small car,automatic,102,a_klasse,150000,petrol,mercedes_benz,no,19.0
39388,7430,limousine,manual,116,1er,125000,petrol,bmw,no,14.92
39389,7500,limousine,manual,131,a4,100000,petrol,audi,no,14.0
39392,2500,small car,manual,101,fabia,150000,diesel,skoda,no,17.75
39394,18400,station wagon,manual,135,i_reihe,30000,petrol,hyundai,no,5.0
39395,2000,limousine,manual,122,c_klasse,125000,petrol,mercedes_benz,no,23.42
39396,1989,coupe,manual,103,others,125000,petrol,ford,no,17.75
39397,15799,station wagon,automatic,143,3er,150000,diesel,bmw,no,17.25
39398,600,bus,manual,98,others,150000,petrol,mitsubishi,no,16.5
39400,14999,bus,automatic,163,5_reihe,90000,diesel,peugeot,no,6.5
39401,2500,station wagon,manual,110,a4,150000,diesel,audi,no,23.0
39402,1000,limousine,manual,90,golf,150000,diesel,volkswagen,no,20.33
39407,500,limousine,manual,113,3er,150000,petrol,bmw,no,26.25
39408,2550,small car,manual,75,3_reihe,150000,petrol,peugeot,no,12.58
39409,2350,small car,automatic,54,fortwo,125000,petrol,smart,no,19.25
39410,3100,limousine,manual,150,5er,150000,petrol,bmw,no,27.42
39411,4150,coupe,manual,210,tt,150000,petrol,audi,no,21.0
39412,1200,limousine,manual,122,c_klasse,150000,petrol,mercedes_benz,no,21.75
39413,5000,small car,manual,68,spark,60000,petrol,chevrolet,no,5.17
39418,1490,limousine,manual,101,vectra,125000,petrol,opel,no,18.5
39419,14950,limousine,automatic,334,a8,150000,petrol,audi,no,16.92
39420,1000,station wagon,automatic,204,others,150000,petrol,volvo,no,26.42
39421,10999,limousine,automatic,177,5er,150000,diesel,bmw,no,13.25
39422,599,station wagon,manual,106,nubira,90000,petrol,daewoo,no,19.0
39423,5100,small car,manual,92,punto,60000,petrol,fiat,no,6.5
39426,13499,bus,manual,174,transporter,150000,diesel,volkswagen,no,15.92
39430,800,small car,manual,60,ibiza,150000,petrol,seat,no,19.67
39431,1999,station wagon,manual,75,astra,150000,petrol,opel,no,17.42
39433,9900,cabrio,automatic,101,500,30000,petrol,fiat,no,5.42
39434,500,station wagon,manual,63,focus,150000,diesel,ford,yes,15.25
39435,10000,small car,automatic,105,polo,5000,petrol,volkswagen,no,7.92
39436,6300,bus,manual,116,vito,150000,diesel,mercedes_benz,no,11.42
39437,11350,coupe,manual,160,scirocco,60000,petrol,volkswagen,no,10.67
39438,9500,station wagon,automatic,197,3er,150000,diesel,bmw,no,12.0
39439,700,limousine,manual,129,3er,150000,petrol,bmw,no,28.08
39441,1499,station wagon,automatic,204,e_klasse,150000,petrol,mercedes_benz,no,19.67
39442,1149,small car,manual,60,polo,150000,petrol,volkswagen,no,19.33
39448,19950,station wagon,manual,105,caddy,50000,diesel,volkswagen,no,4.42
39449,14500,suv,manual,141,qashqai,50000,petrol,nissan,no,5.17
39450,14500,limousine,automatic,170,c_klasse,150000,diesel,mercedes_benz,no,8.33
39451,2400,small car,manual,60,fiesta,80000,petrol,ford,no,13.25
39453,15000,small car,manual,211,corsa,70000,petrol,opel,no,7.5
39454,2300,station wagon,manual,75,kangoo,125000,petrol,renault,no,19.0
39455,4260,small car,manual,68,1_reihe,30000,petrol,peugeot,no,11.5
39456,1990,small car,manual,58,agila,125000,petrol,opel,no,18.67
39457,5900,small car,manual,75,500,125000,diesel,fiat,no,10.67
39458,1200,limousine,manual,116,c5,150000,petrol,citroen,no,17.58
39461,1500,coupe,manual,163,others,150000,petrol,ford,no,22.25
39463,1500,limousine,manual,116,a4,150000,diesel,audi,yes,18.58
39464,2500,limousine,manual,48,others,70000,petrol,fiat,no,47.75
39465,3600,limousine,automatic,193,superb,150000,petrol,skoda,no,16.25
39466,8500,station wagon,manual,265,others,150000,petrol,audi,no,18.17
39468,800,bus,manual,101,meriva,125000,petrol,opel,yes,15.67
39469,1800,small car,manual,94,others,125000,petrol,chevrolet,no,13.5
39470,8000,station wagon,manual,140,octavia,150000,diesel,skoda,no,9.17
39475,3800,bus,automatic,140,touran,150000,diesel,volkswagen,no,12.58
39477,2450,small car,manual,75,polo,150000,petrol,volkswagen,no,15.17
39478,3799,small car,automatic,41,fortwo,70000,diesel,smart,no,12.67
39479,15700,bus,manual,174,transporter,125000,diesel,volkswagen,no,15.0
39480,3100,station wagon,manual,192,5er,150000,petrol,bmw,no,17.33
39481,4999,station wagon,automatic,170,c_klasse,150000,diesel,mercedes_benz,no,14.83
39482,2990,small car,manual,60,arosa,125000,diesel,seat,no,15.08
39483,2500,station wagon,manual,121,6_reihe,150000,diesel,mazda,no,16.83
39485,2750,limousine,manual,140,s60,150000,petrol,volvo,no,17.75
39487,11000,station wagon,automatic,177,5er,150000,diesel,bmw,no,8.83
39488,13800,coupe,automatic,224,clk,150000,diesel,mercedes_benz,no,12.58
39489,11000,small car,manual,90,polo,60000,petrol,volkswagen,no,5.33
39490,15199,station wagon,manual,184,3er,150000,diesel,bmw,no,8.58
39491,11500,limousine,manual,118,1er,100000,diesel,bmw,no,8.58
39492,4490,small car,manual,68,spark,60000,petrol,chevrolet,yes,7.58
39494,1200,station wagon,automatic,170,passat,100000,diesel,volkswagen,yes,10.67
39496,590,station wagon,manual,90,v40,150000,diesel,volvo,yes,20.42
39497,10250,suv,manual,258,cx_reihe,80000,petrol,mazda,no,10.83
39500,6500,small car,manual,90,corsa,100000,diesel,opel,no,10.42
39501,1000,bus,automatic,150,espace,150000,diesel,renault,yes,12.58
39502,1599,small car,automatic,68,corsa,125000,petrol,opel,no,21.75
39503,3450,small car,manual,95,colt,90000,petrol,mitsubishi,no,13.33
39504,25900,coupe,automatic,245,a5,150000,diesel,audi,no,6.75
39505,3650,coupe,manual,170,calibra,150000,petrol,opel,no,24.25
39506,2499,small car,manual,75,polo,150000,petrol,volkswagen,no,15.83
39507,10400,bus,manual,115,sharan,125000,diesel,volkswagen,no,9.5
39508,1450,suv,manual,145,santa,150000,petrol,hyundai,no,17.92
39509,2150,limousine,manual,116,golf,150000,petrol,volkswagen,no,16.83
39510,5900,small car,manual,68,aygo,40000,petrol,toyota,no,7.5
39511,10900,cabrio,manual,170,3er,150000,petrol,bmw,no,14.0
39512,29500,coupe,manual,320,911,125000,petrol,porsche,no,16.67
39514,28450,limousine,automatic,184,x_reihe,50000,diesel,bmw,no,5.75
39515,3990,station wagon,manual,90,others,125000,diesel,ford,no,14.5
39517,400,limousine,manual,135,4_reihe,150000,petrol,peugeot,yes,19.83
39518,250,small car,manual,50,corsa,125000,petrol,opel,no,21.0
39519,150,small car,manual,45,polo,150000,petrol,volkswagen,yes,27.0
39520,1350,bus,manual,70,others,150000,diesel,suzuki,no,14.83
39521,18400,limousine,automatic,184,5er,125000,diesel,bmw,no,8.58
39522,2800,limousine,manual,163,c_klasse,150000,petrol,mercedes_benz,no,16.17
39525,4700,station wagon,manual,131,megane,100000,diesel,renault,no,12.0
39526,600,small car,manual,75,2_reihe,125000,petrol,peugeot,yes,13.83
39530,2490,bus,automatic,150,zafira,150000,diesel,opel,yes,11.0
39531,990,limousine,manual,115,80,150000,petrol,audi,no,24.92
39532,1999,limousine,manual,116,golf,125000,petrol,volkswagen,no,29.25
39533,2499,limousine,manual,75,focus,150000,petrol,ford,no,14.42
39537,27000,limousine,manual,116,1er,20000,diesel,bmw,no,3.33
39538,1750,bus,manual,101,others,150000,diesel,mazda,no,16.25
39540,12850,suv,automatic,218,grand,150000,diesel,jeep,no,11.92
39541,10500,station wagon,manual,105,octavia,70000,petrol,skoda,no,8.92
39542,600,coupe,manual,102,3er,150000,petrol,bmw,no,24.5
39544,1200,limousine,manual,125,a3,150000,petrol,audi,no,19.17
39545,16600,station wagon,automatic,200,mondeo,90000,diesel,ford,no,6.42
39547,2500,small car,manual,68,fabia,125000,petrol,skoda,no,13.83
39550,6700,cabrio,manual,150,others,150000,petrol,saab,no,15.33
39551,8299,limousine,manual,102,a4,80000,petrol,audi,no,12.5
39552,6799,bus,manual,140,sharan,150000,diesel,volkswagen,no,10.5
39553,6290,station wagon,manual,105,golf,150000,diesel,volkswagen,no,9.25
39554,10990,limousine,manual,122,1er,100000,petrol,bmw,no,9.08
39556,5500,limousine,automatic,116,a_klasse,150000,petrol,mercedes_benz,no,14.58
39557,4790,station wagon,manual,140,passat,150000,diesel,volkswagen,no,12.17
39558,39830,limousine,automatic,326,m_reihe,10000,petrol,bmw,no,3.67
39560,2900,station wagon,manual,116,avensis,150000,diesel,toyota,no,13.75
39562,999,small car,manual,54,micra,150000,petrol,nissan,no,20.17
39563,5590,limousine,automatic,204,others,150000,diesel,peugeot,no,13.83
39565,320,small car,manual,40,polo,150000,petrol,volkswagen,yes,15.25
39566,5499,station wagon,automatic,184,signum,150000,diesel,opel,no,12.08
39568,2100,station wagon,manual,113,megane,150000,petrol,renault,no,13.42
39569,650,limousine,manual,90,primera,150000,petrol,nissan,yes,22.58
39570,21890,cabrio,automatic,184,3er,150000,diesel,bmw,no,7.75
39571,7555,cabrio,manual,150,3er,125000,petrol,bmw,no,20.58
39573,900,small car,manual,75,fiesta,150000,petrol,ford,no,17.5
39575,6999,bus,automatic,218,voyager,150000,lpg,chrysler,no,11.75
39576,1500,small car,manual,75,clio,150000,lpg,renault,no,17.33
39577,750,limousine,manual,101,astra,150000,petrol,opel,yes,20.83
39579,1490,limousine,manual,113,3er,150000,petrol,bmw,no,26.58
39580,64999,suv,automatic,245,cayenne,60000,diesel,porsche,no,5.08
39581,3500,station wagon,manual,131,passat,150000,diesel,volkswagen,no,17.25
39582,16250,station wagon,automatic,156,c_klasse,40000,petrol,mercedes_benz,no,9.08
39583,2450,small car,manual,80,others,150000,petrol,mazda,no,15.33
39584,2900,limousine,manual,220,a4,150000,lpg,audi,no,17.67
39585,1550,others,manual,125,a3,150000,petrol,audi,no,22.75
39586,7997,suv,automatic,163,m_klasse,150000,diesel,mercedes_benz,no,15.33
39587,250,coupe,manual,101,astra,150000,petrol,opel,yes,20.0
39588,3700,small car,manual,65,yaris,100000,petrol,toyota,no,13.92
39589,6750,cabrio,manual,116,beetle,60000,petrol,volkswagen,no,13.5
39590,7750,bus,manual,65,transporter,150000,diesel,volkswagen,no,18.58
39591,7490,station wagon,automatic,136,e_klasse,150000,diesel,mercedes_benz,yes,8.75
39593,250,limousine,manual,90,escort,150000,petrol,ford,no,19.25
39594,4900,station wagon,manual,163,3er,150000,diesel,bmw,no,12.08
39595,2850,limousine,manual,75,golf,150000,petrol,volkswagen,yes,13.58
39597,1500,limousine,manual,101,cordoba,150000,diesel,seat,yes,15.0
39601,2950,small car,manual,54,polo,125000,petrol,volkswagen,no,14.92
39602,9600,limousine,manual,101,c_reihe,50000,petrol,volvo,no,9.08
39604,1999,small car,manual,60,corsa,150000,petrol,opel,no,14.25
39607,7100,suv,manual,150,rav,125000,petrol,toyota,no,15.67
39608,2500,bus,automatic,143,v_klasse,150000,petrol,mercedes_benz,no,20.08
39609,590,limousine,manual,90,80,150000,petrol,audi,yes,27.08
39614,22999,station wagon,manual,204,5er,90000,diesel,bmw,no,7.75
39616,9980,bus,automatic,156,c4,70000,petrol,citroen,no,7.67
39622,2350,small car,manual,75,modus,150000,petrol,renault,no,14.0
39626,4700,station wagon,manual,111,3_reihe,150000,diesel,peugeot,no,8.67
39627,3200,station wagon,manual,150,159,150000,diesel,alfa_romeo,no,12.42
39629,1700,limousine,manual,90,a3,150000,diesel,audi,yes,18.08
39630,2950,limousine,automatic,101,focus,70000,petrol,ford,no,15.5
39631,37900,suv,automatic,306,x_reihe,90000,diesel,bmw,no,6.08
39632,299,small car,manual,53,polo,125000,petrol,volkswagen,no,27.58
39634,950,station wagon,manual,131,focus,150000,petrol,ford,no,19.67
39637,700,station wagon,manual,136,omega,150000,petrol,opel,no,20.08
39638,4400,bus,manual,75,transporter,150000,diesel,volkswagen,no,19.92
39641,180,small car,manual,75,golf,30000,petrol,volkswagen,no,23.0
39642,15999,suv,manual,135,sportage,50000,petrol,kia,no,4.08
39644,1250,small car,manual,60,micra,150000,petrol,nissan,no,16.92
39646,12998,limousine,manual,143,3er,125000,diesel,bmw,no,7.33
39650,2950,small car,manual,75,fabia,150000,diesel,skoda,no,14.33
39651,300,station wagon,manual,115,mondeo,150000,petrol,ford,no,19.25
39652,13500,limousine,automatic,170,3er,125000,petrol,bmw,no,9.75
39653,1250,small car,automatic,80,punto,70000,petrol,fiat,no,17.67
39655,1500,limousine,manual,116,3er,150000,petrol,bmw,no,15.08
39657,16800,bus,manual,122,b_klasse,50000,petrol,mercedes_benz,no,8.0
39658,15750,limousine,automatic,143,3er,100000,diesel,bmw,no,8.75
39659,3690,cabrio,manual,131,others,125000,petrol,fiat,no,17.33
39660,1300,limousine,manual,75,golf,150000,petrol,volkswagen,no,19.83
39661,2199,bus,manual,68,transporter,150000,diesel,volkswagen,no,23.25
39662,4990,station wagon,manual,170,3er,150000,petrol,bmw,no,16.08
39663,1200,small car,manual,54,corsa,150000,petrol,opel,no,19.58
39664,3295,station wagon,manual,121,ptcruiser,150000,diesel,chrysler,no,14.42
39665,2990,bus,manual,101,zafira,100000,diesel,opel,no,17.75
39666,9999,cabrio,manual,170,3er,125000,petrol,bmw,no,16.58
39667,25800,station wagon,manual,325,insignia,40000,petrol,opel,no,7.92
39669,1699,limousine,automatic,136,c5,125000,petrol,citroen,no,16.92
39671,22500,limousine,automatic,177,3er,60000,diesel,bmw,no,8.25
39677,6100,limousine,manual,140,vectra,40000,petrol,opel,no,12.42
39678,10950,station wagon,automatic,140,passat,150000,diesel,volkswagen,no,6.67
39679,1100,limousine,manual,116,astra,150000,petrol,opel,no,19.5
39680,2650,coupe,manual,118,3er,150000,petrol,bmw,no,16.42
39681,1361,station wagon,manual,101,passat,150000,petrol,volkswagen,no,18.25
39683,800,limousine,manual,122,c_klasse,150000,petrol,mercedes_benz,no,25.75
39684,4900,bus,manual,102,transporter,150000,diesel,volkswagen,no,22.92
39685,8900,small car,manual,75,citigo,30000,petrol,skoda,no,5.92
39688,10000,small car,manual,87,i_reihe,80000,petrol,hyundai,no,4.75
39689,18900,cabrio,manual,252,boxster,70000,petrol,porsche,no,17.58
39691,10500,coupe,manual,147,others,60000,petrol,ford,no,27.5
39693,9299,cabrio,manual,116,beetle,100000,petrol,volkswagen,no,12.67
39694,2250,limousine,manual,122,c_klasse,150000,lpg,mercedes_benz,no,20.42
39695,41500,cabrio,manual,320,911,150000,petrol,porsche,no,14.33
39696,10990,limousine,automatic,231,5er,150000,diesel,bmw,no,12.33
39697,7900,station wagon,manual,163,3er,150000,diesel,bmw,no,12.58
39698,850,coupe,manual,150,escort,125000,petrol,ford,no,25.42
39700,1333,limousine,manual,137,80,150000,petrol,audi,no,27.92
39703,3500,station wagon,manual,101,passat,150000,diesel,volkswagen,no,14.75
39704,49900,suv,automatic,400,cayenne,80000,petrol,porsche,no,7.5
39705,7500,station wagon,automatic,177,5er,150000,diesel,bmw,no,14.75
39706,5900,limousine,automatic,193,7er,150000,diesel,bmw,no,17.08
39707,1450,station wagon,manual,200,v70,150000,petrol,volvo,no,19.0
39708,13200,suv,manual,150,cr_reihe,80000,petrol,honda,no,8.67
39709,7199,station wagon,automatic,224,e_klasse,150000,petrol,mercedes_benz,no,16.0
39712,700,station wagon,manual,91,others,70000,petrol,lada,no,14.58
39714,14000,coupe,manual,184,cooper,70000,petrol,mini,no,7.5
39720,400,small car,manual,60,polo,150000,petrol,volkswagen,yes,19.83
39722,399,small car,manual,60,arosa,150000,petrol,seat,no,21.42
39723,4650,small car,manual,90,fiesta,150000,diesel,ford,no,10.0
39726,14990,limousine,manual,211,golf,90000,petrol,volkswagen,no,8.17
39727,2100,limousine,manual,136,3er,150000,diesel,bmw,no,20.0
39728,2500,small car,manual,60,corsa,150000,petrol,opel,no,13.83
39730,7000,station wagon,manual,102,golf,90000,petrol,volkswagen,no,9.83
39731,18500,coupe,automatic,306,others,150000,petrol,mercedes_benz,no,13.58
39732,7500,station wagon,manual,170,passat,150000,diesel,volkswagen,no,10.08
39733,1550,limousine,manual,103,bravo,60000,petrol,fiat,no,20.58
39734,16890,limousine,automatic,184,5er,150000,diesel,bmw,no,8.08
39735,1250,small car,manual,75,ibiza,150000,petrol,seat,no,16.0
39737,1200,small car,manual,60,2_reihe,150000,petrol,peugeot,no,14.33
39738,6000,station wagon,manual,80,caddy,90000,petrol,volkswagen,no,9.58
39739,10000,station wagon,manual,177,3er,150000,diesel,bmw,no,10.58
39740,8490,limousine,manual,143,1er,125000,diesel,bmw,no,9.75
39741,8200,small car,manual,99,jazz,50000,petrol,honda,no,6.25
39742,1200,station wagon,manual,101,astra,150000,diesel,opel,no,17.75
39743,3750,station wagon,automatic,129,c_klasse,90000,petrol,mercedes_benz,no,16.08
39746,2400,coupe,manual,150,3er,150000,diesel,bmw,yes,16.83
39750,3099,small car,manual,95,forfour,150000,petrol,smart,no,14.5
39751,7400,limousine,manual,80,golf,70000,petrol,volkswagen,no,9.42
39754,1999,small car,manual,58,corsa,60000,petrol,opel,no,15.42
39756,29500,limousine,automatic,271,golf,30000,petrol,volkswagen,no,6.58
39758,3420,limousine,manual,105,golf,125000,petrol,volkswagen,no,17.08
39759,249,small car,manual,55,corsa,150000,petrol,opel,no,18.75
39761,3400,limousine,manual,75,golf,125000,petrol,volkswagen,no,15.83
39762,3100,limousine,manual,101,a3,150000,petrol,audi,no,18.58
39763,18300,limousine,manual,120,3_reihe,20000,petrol,mazda,no,4.42
39765,3500,limousine,automatic,193,passat,150000,petrol,volkswagen,no,17.33
39768,67500,coupe,automatic,480,911,80000,petrol,porsche,no,11.58
39769,1350,station wagon,manual,90,golf,150000,diesel,volkswagen,no,18.75
39771,3800,limousine,manual,101,astra,150000,diesel,opel,no,13.5
39773,6500,limousine,manual,101,others,125000,petrol,bmw,yes,59.08
39774,850,station wagon,manual,102,3er,150000,petrol,bmw,no,21.75
39775,890,small car,manual,60,polo,150000,petrol,volkswagen,yes,15.25
39777,600,small car,manual,60,2_reihe,150000,petrol,peugeot,yes,14.25
39779,1100,bus,manual,111,others,30000,petrol,mitsubishi,no,15.58
39780,17900,station wagon,automatic,245,3er,150000,diesel,bmw,no,10.75
39782,2600,limousine,manual,95,colt,150000,petrol,mitsubishi,no,13.42
39783,2999,limousine,automatic,131,a4,150000,petrol,audi,no,17.25
39786,1400,small car,manual,58,clio,125000,petrol,renault,no,16.08
39789,7999,suv,manual,150,x_reihe,150000,diesel,bmw,no,14.83
39790,200,small car,manual,60,ka,125000,petrol,ford,yes,22.5
39792,1150,small car,manual,33,polo,150000,lpg,volkswagen,no,27.42
39793,5850,cabrio,manual,143,3er,150000,petrol,bmw,no,14.17
39794,5000,limousine,automatic,170,a4,100000,petrol,audi,no,16.33
39801,4990,limousine,manual,116,1er,125000,petrol,bmw,yes,13.92
39802,28500,bus,manual,179,transporter,90000,diesel,volkswagen,no,7.42
39804,1350,limousine,manual,101,focus,125000,petrol,ford,no,20.92
39807,7999,others,manual,102,transporter,150000,diesel,volkswagen,no,22.92
39808,8900,limousine,automatic,177,3er,150000,diesel,bmw,no,10.33
39809,5000,suv,automatic,129,pajero,150000,petrol,mitsubishi,no,18.0
39810,1200,small car,manual,87,yaris,150000,petrol,toyota,yes,15.42
39812,4990,limousine,manual,75,golf,125000,petrol,volkswagen,no,14.58
39813,4600,bus,manual,84,doblo,150000,diesel,fiat,no,9.25
39814,8150,station wagon,manual,160,golf,150000,petrol,volkswagen,no,9.58
39815,6000,coupe,automatic,231,3er,150000,petrol,bmw,no,17.92
39816,850,small car,manual,50,arosa,150000,petrol,seat,no,19.33
39817,1150,limousine,manual,90,80,150000,petrol,audi,no,24.67
39818,4700,bus,manual,109,c_max,150000,diesel,ford,no,11.92
39819,2600,station wagon,manual,75,golf,150000,petrol,volkswagen,no,16.25
39820,9900,suv,automatic,190,m_klasse,150000,diesel,mercedes_benz,no,12.5
39821,1450,cabrio,manual,115,mx_reihe,150000,petrol,mazda,yes,25.5
39822,2150,limousine,manual,75,e_klasse,150000,diesel,mercedes_benz,no,25.92
39824,1599,limousine,manual,75,golf,150000,petrol,volkswagen,no,20.83
39827,2300,bus,manual,122,ducato,150000,diesel,fiat,no,20.83
39828,11800,suv,automatic,305,others,150000,petrol,nissan,no,13.5
39829,6500,station wagon,manual,109,focus,150000,diesel,ford,no,9.0
39831,9100,bus,automatic,140,galaxy,150000,diesel,ford,no,9.58
39832,3350,small car,manual,77,punto,100000,petrol,fiat,no,11.0
39833,3400,limousine,manual,140,a3,150000,diesel,audi,no,15.0
39834,2490,small car,manual,82,corsa,150000,petrol,opel,no,25.33
39835,600,limousine,manual,60,golf,150000,petrol,volkswagen,no,22.58
39836,2899,cabrio,manual,116,golf,150000,petrol,volkswagen,no,17.25
39839,19900,station wagon,automatic,143,insignia,150000,diesel,opel,no,5.92
39840,3600,cabrio,automatic,136,slk,150000,petrol,mercedes_benz,no,22.0
39841,15690,coupe,manual,200,tt,150000,petrol,audi,no,10.67
39843,950,small car,manual,54,seicento,90000,petrol,fiat,yes,17.25
39844,22500,coupe,manual,200,others,30000,petrol,toyota,no,4.17
39846,6300,bus,manual,114,others,150000,diesel,renault,no,9.58
39849,5699,small car,manual,109,2_reihe,100000,diesel,peugeot,no,9.5
39851,3300,limousine,manual,105,golf,150000,petrol,volkswagen,no,15.92
39852,300,small car,manual,59,punto,150000,petrol,fiat,yes,17.0
39854,2750,limousine,automatic,197,e_klasse,150000,diesel,mercedes_benz,no,18.75
39855,999,small car,manual,75,golf,150000,petrol,volkswagen,no,23.83
39856,6450,coupe,manual,163,clk,150000,petrol,mercedes_benz,no,16.0
39858,15000,cabrio,automatic,245,sl,150000,petrol,mercedes_benz,no,14.08
39859,1650,bus,manual,143,v_klasse,150000,petrol,mercedes_benz,no,22.42
39860,13999,station wagon,manual,143,a4,90000,diesel,audi,no,10.58
39861,17800,suv,automatic,170,glk,150000,diesel,mercedes_benz,no,7.08
39862,5999,station wagon,manual,140,a4,150000,diesel,audi,no,12.42
39864,6900,limousine,automatic,177,e_klasse,150000,diesel,mercedes_benz,no,15.0
39865,2790,cabrio,automatic,61,fortwo,100000,petrol,smart,no,14.25
39867,5500,small car,manual,69,corsa,60000,petrol,opel,no,8.42
39868,11990,station wagon,automatic,122,passat,100000,petrol,volkswagen,no,9.42
39869,1299,limousine,manual,102,3er,150000,petrol,bmw,yes,20.42
39870,15500,limousine,manual,80,others,150000,petrol,mercedes_benz,no,55.0
39871,1000,limousine,automatic,115,mondeo,150000,petrol,ford,no,21.58
39872,4200,small car,manual,60,corsa,40000,petrol,opel,no,13.0
39874,4600,station wagon,manual,136,c5,150000,diesel,citroen,no,14.83
39875,2300,limousine,manual,75,golf,125000,petrol,volkswagen,no,15.0
39877,24499,bus,automatic,140,touran,30000,petrol,volkswagen,no,4.17
39878,7999,limousine,manual,170,golf,150000,diesel,volkswagen,no,11.17
39879,4990,small car,manual,18,500,125000,petrol,fiat,no,47.75
39880,2490,limousine,manual,163,c_klasse,150000,petrol,mercedes_benz,yes,17.08
39882,1890,small car,manual,60,polo,125000,petrol,volkswagen,no,17.5
39884,6750,limousine,manual,218,3er,150000,petrol,bmw,no,13.33
39885,37300,coupe,manual,177,a5,20000,diesel,audi,no,4.92
39886,10999,small car,manual,105,ibiza,50000,petrol,seat,no,6.0
39888,1999,bus,automatic,130,galaxy,150000,petrol,ford,no,18.08
39891,13990,station wagon,manual,116,3er,90000,diesel,bmw,no,7.83
39892,4000,small car,automatic,67,fusion,150000,diesel,ford,no,14.5
39893,8900,limousine,manual,163,3er,150000,diesel,bmw,no,12.92
39894,3950,bus,automatic,204,sharan,150000,petrol,volkswagen,no,16.67
39895,17500,coupe,manual,179,a5,90000,petrol,audi,no,8.25
39896,149,small car,manual,60,swift,100000,petrol,suzuki,yes,19.0
39897,7300,suv,automatic,163,m_klasse,150000,diesel,mercedes_benz,no,17.5
39898,5400,small car,manual,90,yaris,150000,diesel,toyota,no,11.83
39899,1399,limousine,automatic,113,5er,150000,petrol,bmw,no,25.33
39900,1700,limousine,automatic,110,passat,150000,diesel,volkswagen,no,20.25
39901,400,small car,manual,50,swift,150000,petrol,suzuki,no,20.0
39902,10900,limousine,manual,150,x_reihe,150000,diesel,bmw,no,12.75
39905,1999,limousine,manual,75,polo,150000,diesel,volkswagen,no,19.0
39907,1800,small car,manual,69,fiesta,150000,petrol,ford,no,15.67
39908,19899,limousine,manual,150,golf,100000,diesel,volkswagen,no,5.33
39909,2800,cabrio,manual,109,2_reihe,125000,petrol,peugeot,no,15.25
39910,19850,cabrio,manual,245,boxster,125000,petrol,porsche,no,11.58
39911,4499,coupe,automatic,193,3er,150000,petrol,bmw,no,20.0
39912,1000,cabrio,automatic,75,astra,150000,petrol,opel,no,21.33
39913,1700,limousine,manual,102,a_klasse,100000,petrol,mercedes_benz,no,18.17
39914,949,limousine,manual,60,2_reihe,150000,petrol,peugeot,no,18.33
39915,65900,coupe,manual,250,911,150000,petrol,porsche,no,28.92
39917,1300,limousine,manual,90,a_klasse,150000,diesel,mercedes_benz,no,17.75
39918,6300,others,automatic,133,others,150000,diesel,chevrolet,yes,34.58
39919,5500,station wagon,automatic,116,3er,125000,lpg,bmw,no,15.5
39921,350,station wagon,manual,74,astra,150000,petrol,opel,yes,25.0
39922,11999,station wagon,manual,170,octavia,150000,diesel,skoda,no,10.33
39924,1200,small car,manual,60,punto,125000,petrol,fiat,no,16.08
39925,6900,bus,manual,125,zafira,150000,diesel,opel,no,10.83
39927,4999,bus,automatic,116,sharan,150000,diesel,volkswagen,yes,12.33
39928,2250,coupe,manual,75,astra,150000,diesel,opel,no,15.25
39929,8500,bus,manual,110,touran,150000,diesel,volkswagen,no,9.5
39931,675,small car,manual,60,ka,100000,petrol,ford,no,20.92
39932,48900,bus,automatic,150,transporter,20000,diesel,volkswagen,no,3.75
39935,2450,small car,manual,64,polo,150000,petrol,volkswagen,no,16.42
39937,2000,limousine,manual,105,golf,150000,petrol,volkswagen,no,16.75
39938,10700,suv,manual,103,qashqai,90000,diesel,nissan,no,9.75
39941,3899,others,manual,84,kangoo,150000,diesel,renault,no,12.17
39942,10500,suv,automatic,224,touareg,150000,diesel,volkswagen,no,12.75
39943,1150,station wagon,manual,150,a4,150000,diesel,audi,yes,19.58
39944,1650,small car,manual,60,fiesta,150000,petrol,ford,no,16.58
39945,28900,station wagon,automatic,252,e_klasse,40000,diesel,mercedes_benz,yes,4.17
39946,2950,small car,manual,65,micra,125000,petrol,nissan,no,13.0
39948,1600,station wagon,manual,75,logan,150000,petrol,dacia,no,10.83
39950,4490,bus,manual,131,galaxy,150000,diesel,ford,no,13.5
39951,700,station wagon,manual,132,e_klasse,150000,petrol,mercedes_benz,yes,26.25
39953,7000,limousine,manual,143,1er,100000,petrol,bmw,no,10.42
39955,14499,station wagon,automatic,245,3er,150000,diesel,bmw,no,8.83
39956,8800,limousine,manual,105,golf,150000,diesel,volkswagen,no,8.75
39957,10500,station wagon,manual,170,passat,150000,diesel,volkswagen,no,11.0
39958,20590,suv,automatic,235,x_reihe,125000,diesel,bmw,no,11.58
39959,3950,station wagon,automatic,163,5er,150000,diesel,bmw,no,14.33
39960,7000,limousine,manual,163,1er,150000,diesel,bmw,yes,12.25
39961,27500,coupe,automatic,170,others,50000,diesel,mercedes_benz,no,4.17
39962,9000,limousine,manual,140,golf,150000,diesel,volkswagen,no,6.42
39963,3900,limousine,automatic,136,3er,150000,diesel,bmw,no,18.83
39964,1600,station wagon,manual,150,5er,150000,petrol,bmw,no,24.33
39966,3790,cabrio,manual,163,megane,150000,petrol,renault,no,13.67
39967,5750,small car,manual,150,fiesta,90000,petrol,ford,no,12.92
39968,12000,limousine,automatic,170,5er,150000,petrol,bmw,no,14.92
39969,5990,station wagon,manual,105,golf,150000,diesel,volkswagen,no,9.08
39970,3990,bus,manual,69,transporter,150000,diesel,volkswagen,no,28.08
39971,3900,suv,manual,116,cherokee,150000,diesel,jeep,no,18.58
39973,2100,limousine,manual,125,a4,150000,petrol,audi,no,19.17
39974,1550,small car,automatic,75,corsa,100000,petrol,opel,yes,18.0
39975,17999,station wagon,manual,170,a6,125000,petrol,audi,no,7.92
39976,2999,small car,manual,50,arosa,125000,petrol,seat,no,17.08
39977,2350,station wagon,automatic,131,passat,150000,diesel,volkswagen,no,17.92
39978,4000,bus,manual,101,touran,150000,diesel,volkswagen,no,16.0
39979,1300,small car,manual,60,1_reihe,150000,petrol,peugeot,no,22.0
39982,2450,small car,manual,65,micra,150000,petrol,nissan,no,13.83
39983,7900,bus,manual,140,s_max,150000,diesel,ford,no,11.67
39984,7299,limousine,manual,80,golf,70000,petrol,volkswagen,no,9.75
39985,1999,bus,automatic,158,voyager,150000,petrol,chrysler,yes,20.0
39986,1499,bus,manual,126,others,150000,petrol,kia,no,14.33
39987,11500,station wagon,manual,102,caddy,40000,diesel,volkswagen,no,4.25
39988,4800,small car,automatic,71,fortwo,100000,petrol,smart,no,9.42
39989,21500,suv,automatic,235,x_reihe,125000,diesel,bmw,no,11.58
39990,8800,limousine,manual,140,astra,80000,petrol,opel,no,8.92
39992,1800,others,manual,70,roomster,125000,petrol,skoda,yes,9.42
39997,4599,bus,manual,177,verso,150000,diesel,toyota,no,11.5
39999,2299,cabrio,manual,136,2_reihe,125000,petrol,peugeot,no,17.75
40000,24500,suv,manual,163,amarok,40000,diesel,volkswagen,no,6.42
40005,2000,limousine,manual,150,3er,150000,petrol,bmw,no,20.83
40006,5500,coupe,manual,231,rx_reihe,150000,petrol,mazda,no,14.0
40008,10500,small car,manual,156,others,50000,petrol,citroen,no,8.33
40009,2000,limousine,manual,121,6_reihe,150000,diesel,mazda,no,15.17
40010,6600,limousine,automatic,150,e_klasse,150000,diesel,mercedes_benz,yes,12.25
40011,4300,limousine,automatic,140,golf,150000,diesel,volkswagen,no,14.92
40012,10800,station wagon,automatic,163,a4,150000,petrol,audi,no,13.5
40013,2000,limousine,manual,110,mondeo,150000,petrol,ford,no,16.67
40014,3600,suv,manual,177,pajero,150000,lpg,mitsubishi,no,19.42
40015,3300,limousine,manual,118,3er,150000,petrol,bmw,no,19.17
40016,1650,small car,automatic,61,fortwo,150000,petrol,smart,no,16.08
40017,24200,limousine,manual,350,insignia,70000,petrol,opel,no,8.0
40018,23500,station wagon,manual,125,a3,10000,petrol,audi,no,3.08
40020,1650,small car,manual,58,twingo,150000,petrol,renault,no,15.92
40022,8499,suv,automatic,136,others,125000,diesel,mitsubishi,no,11.25
40024,2900,station wagon,manual,110,a4,150000,diesel,audi,no,20.42
40025,10900,limousine,automatic,185,others,150000,diesel,volvo,no,11.08
40026,998,station wagon,manual,133,others,60000,petrol,kia,yes,18.83
40029,19990,suv,manual,136,i_reihe,40000,diesel,hyundai,no,5.42
40030,4800,bus,manual,147,5_reihe,150000,diesel,mazda,no,11.08
40032,850,limousine,manual,60,polo,150000,petrol,volkswagen,no,22.58
40033,3000,limousine,manual,140,a3,150000,diesel,audi,no,14.75
40035,1750,cabrio,manual,90,golf,150000,petrol,volkswagen,no,22.58
40036,7200,station wagon,manual,86,transporter,150000,diesel,volkswagen,no,9.42
40037,750,coupe,manual,136,calibra,150000,petrol,opel,no,21.5
40038,700,coupe,manual,75,golf,150000,petrol,volkswagen,no,22.92
40040,2599,small car,manual,68,yaris,150000,petrol,toyota,no,16.08
40044,7000,limousine,manual,101,c_reihe,90000,petrol,volvo,no,10.25
40045,3850,limousine,manual,150,golf,150000,petrol,volkswagen,no,19.58
40046,2850,limousine,manual,170,3er,150000,petrol,bmw,no,23.0
40047,2800,station wagon,manual,163,a6,150000,diesel,audi,yes,16.83
40048,11000,limousine,automatic,129,3er,80000,petrol,bmw,no,11.0
40050,1849,limousine,automatic,102,3er,150000,petrol,bmw,no,24.0
40051,2400,station wagon,manual,131,mondeo,150000,diesel,ford,no,13.92
40053,14999,suv,manual,140,tiguan,125000,diesel,volkswagen,no,7.83
40055,2580,small car,automatic,56,fortwo,80000,petrol,smart,no,16.42
40057,1500,limousine,manual,136,3er,150000,diesel,bmw,yes,19.0
40060,2800,bus,manual,109,others,150000,diesel,citroen,no,15.0
40061,4100,coupe,manual,170,3er,150000,petrol,bmw,no,16.75
40062,26999,station wagon,automatic,299,5er,100000,diesel,bmw,yes,8.0
40063,1500,coupe,manual,75,others,150000,petrol,hyundai,no,16.17
40064,4750,limousine,manual,101,leon,150000,diesel,seat,no,12.58
40065,949,limousine,manual,90,golf,150000,petrol,volkswagen,no,28.0
40066,2800,station wagon,manual,143,3er,150000,petrol,bmw,no,16.25
40067,11500,station wagon,manual,143,a4,150000,diesel,audi,no,10.58
40068,1000,limousine,manual,103,stilo,150000,petrol,fiat,yes,15.08
40070,16900,limousine,automatic,286,x_reihe,150000,diesel,bmw,no,10.25
40071,950,limousine,manual,98,megane,150000,diesel,renault,no,17.33
40073,3200,small car,manual,73,c2,125000,petrol,citroen,no,10.83
40076,5200,limousine,manual,124,auris,150000,petrol,toyota,no,11.58
40077,3800,small car,manual,69,ka,90000,petrol,ford,no,9.42
40078,8850,small car,manual,75,others,40000,diesel,fiat,no,5.58
40079,2900,station wagon,manual,121,6_reihe,150000,diesel,mazda,no,14.75
40081,9890,station wagon,automatic,143,3er,125000,diesel,bmw,yes,6.17
40082,6000,bus,manual,102,transporter,150000,diesel,volkswagen,no,20.75
40083,2499,limousine,manual,170,e_klasse,150000,diesel,mercedes_benz,no,18.33
40086,1650,limousine,automatic,136,e_klasse,150000,petrol,mercedes_benz,no,19.92
40087,23900,limousine,automatic,184,5er,80000,diesel,bmw,no,7.42
40088,4300,limousine,manual,170,3er,150000,petrol,bmw,no,18.75
40089,1550,small car,manual,60,punto,125000,petrol,fiat,no,15.17
40090,13400,limousine,manual,170,3er,70000,petrol,bmw,no,9.17
40091,1600,coupe,manual,139,others,150000,petrol,fiat,no,23.5
40092,7700,limousine,manual,150,passat,100000,petrol,volkswagen,no,13.42
40095,1399,limousine,manual,90,80,150000,petrol,audi,no,25.25
40096,6500,small car,manual,87,corsa,50000,petrol,opel,no,7.25
40097,9990,station wagon,manual,114,v50,125000,diesel,volvo,no,6.42
40098,10450,small car,manual,86,ibiza,20000,petrol,seat,no,3.58
40099,4999,limousine,manual,218,c_klasse,150000,petrol,mercedes_benz,no,15.5
40100,16990,suv,automatic,177,x_reihe,150000,diesel,bmw,no,8.33
40101,650,limousine,manual,105,3er,150000,petrol,bmw,yes,18.92
40102,350,small car,manual,45,1_reihe,150000,petrol,peugeot,no,22.58
40104,1800,small car,manual,102,a_klasse,150000,petrol,mercedes_benz,no,20.0
40106,499,small car,manual,55,golf,5000,petrol,volkswagen,no,28.58
40107,6500,suv,automatic,220,grand,150000,petrol,jeep,no,19.5
40108,9500,station wagon,automatic,310,a4,80000,diesel,audi,no,7.33
40109,500,limousine,manual,75,focus,150000,petrol,ford,no,16.42
40111,1100,small car,manual,54,corsa,150000,petrol,opel,no,18.58
40112,7290,cabrio,manual,87,others,90000,petrol,daihatsu,no,11.83
40113,2050,small car,manual,60,lupo,150000,petrol,volkswagen,no,17.42
40114,1500,small car,manual,60,corsa,150000,petrol,opel,no,16.0
40116,19490,limousine,manual,265,1er,100000,petrol,bmw,no,11.42
40117,4100,station wagon,automatic,140,octavia,80000,diesel,skoda,no,9.75
40119,5449,station wagon,automatic,177,3er,100000,diesel,bmw,no,10.67
40120,13990,station wagon,automatic,170,c_klasse,150000,diesel,mercedes_benz,no,10.0
40123,3500,limousine,automatic,136,e_klasse,150000,diesel,mercedes_benz,no,22.17
40125,2800,bus,manual,144,carnival,150000,diesel,kia,no,12.75
40126,4790,coupe,manual,143,c_klasse,150000,petrol,mercedes_benz,no,14.92
40127,5500,station wagon,manual,163,3er,150000,diesel,bmw,no,13.75
40128,7500,station wagon,manual,250,v70,150000,petrol,volvo,no,20.58
40129,7800,limousine,automatic,165,others,10000,petrol,mercedes_benz,no,46.42
40131,2400,coupe,manual,109,c4,150000,petrol,citroen,no,11.17
40133,3499,cabrio,manual,109,2_reihe,150000,petrol,peugeot,yes,13.25
40134,5100,limousine,automatic,143,c_klasse,150000,petrol,mercedes_benz,no,14.58
40137,9980,limousine,automatic,207,s_type,150000,diesel,jaguar,no,11.67
40138,850,small car,manual,45,polo,150000,petrol,volkswagen,no,22.58
40140,5990,small car,manual,73,2_reihe,70000,petrol,peugeot,no,6.08
40141,1000,small car,manual,60,corsa,150000,petrol,opel,no,17.83
40142,2200,limousine,automatic,136,e_klasse,150000,petrol,mercedes_benz,no,19.33
40147,6500,cabrio,automatic,204,sl,150000,petrol,mercedes_benz,no,33.25
40148,4650,cabrio,manual,116,3er,150000,petrol,bmw,no,21.5
40149,6990,small car,manual,77,i_reihe,40000,petrol,hyundai,no,6.17
40152,2990,limousine,manual,192,3er,150000,petrol,bmw,no,17.75
40153,6000,coupe,manual,143,c_klasse,150000,lpg,mercedes_benz,no,14.33
40155,13099,bus,manual,95,vito,60000,diesel,mercedes_benz,no,7.0
40156,5580,small car,manual,80,fabia,100000,diesel,skoda,no,11.25
40157,10500,bus,manual,143,5_reihe,90000,diesel,mazda,no,8.67
40158,8900,cabrio,manual,160,cr_reihe,150000,petrol,honda,no,25.08
40159,1400,limousine,manual,82,a_klasse,150000,petrol,mercedes_benz,no,20.0
40160,6100,limousine,manual,110,corolla,20000,petrol,toyota,no,13.67
40161,8999,station wagon,manual,163,3er,150000,diesel,bmw,no,12.42
40162,24390,station wagon,automatic,204,c_klasse,50000,diesel,mercedes_benz,no,7.92
40165,7500,small car,automatic,103,others,60000,petrol,mazda,no,9.42
40166,699,bus,manual,132,others,150000,petrol,peugeot,yes,19.17
40167,500,limousine,manual,69,golf,150000,petrol,volkswagen,no,26.17
40168,7500,station wagon,automatic,170,c_klasse,150000,diesel,mercedes_benz,no,10.17
40169,10500,limousine,manual,156,c_klasse,150000,petrol,mercedes_benz,yes,11.0
40173,8500,suv,manual,105,duster,150000,lpg,dacia,no,6.17
40174,4200,limousine,manual,150,3er,125000,petrol,bmw,no,20.33
40175,2200,small car,automatic,54,fortwo,90000,petrol,smart,no,18.25
40176,590,small car,manual,60,1_reihe,125000,petrol,peugeot,no,20.75
40177,850,small car,manual,105,golf,150000,petrol,volkswagen,no,17.08
40178,32900,cabrio,automatic,240,a5,70000,diesel,audi,no,8.42
40182,1799,small car,manual,58,twingo,125000,petrol,renault,no,13.75
40184,21000,suv,manual,166,i_reihe,20000,petrol,hyundai,no,4.58
40185,3499,station wagon,automatic,177,e_klasse,150000,diesel,mercedes_benz,no,14.67
40186,8450,small car,manual,86,a1,90000,petrol,audi,no,7.58
40187,1900,bus,manual,69,berlingo,125000,diesel,citroen,no,15.33
40188,3300,limousine,manual,131,a4,150000,petrol,audi,no,16.08
40189,6750,station wagon,automatic,204,e_klasse,150000,diesel,mercedes_benz,no,14.58
40191,3990,small car,manual,90,one,125000,petrol,mini,no,15.08
40195,3500,bus,automatic,177,others,150000,diesel,renault,no,15.08
40197,1800,limousine,manual,75,civic,125000,petrol,honda,no,22.42
40199,9950,limousine,automatic,140,passat,100000,diesel,volkswagen,no,9.75
40200,7500,limousine,automatic,200,golf,150000,petrol,volkswagen,yes,11.67
40202,10990,station wagon,manual,160,passat,90000,petrol,volkswagen,no,8.58
40203,14400,coupe,manual,177,3er,150000,diesel,bmw,no,9.42
40204,1250,small car,manual,54,polo,150000,petrol,volkswagen,no,24.42
40205,1800,small car,manual,75,corsa,150000,petrol,opel,no,15.5
40208,1900,small car,manual,59,corsa,150000,petrol,opel,no,17.5
40211,2650,small car,manual,44,corsa,80000,petrol,opel,no,13.25
40213,8800,suv,manual,86,jimny,80000,petrol,suzuki,no,11.75
40214,600,station wagon,manual,75,others,150000,petrol,peugeot,yes,18.25
40215,1200,limousine,automatic,71,astra,150000,petrol,opel,no,22.58
40217,19900,cabrio,manual,143,1er,50000,petrol,bmw,no,7.42
40218,1600,coupe,manual,136,others,150000,petrol,volkswagen,no,23.83
40219,1190,limousine,manual,125,a3,150000,petrol,audi,no,21.17
40221,3700,suv,automatic,204,others,150000,petrol,ford,no,17.58
40222,5200,station wagon,manual,220,v50,125000,petrol,volvo,no,14.67
40225,2649,small car,manual,69,fiesta,150000,petrol,ford,no,15.5
40226,8200,station wagon,manual,110,megane,60000,petrol,renault,no,7.08
40229,8900,cabrio,manual,120,2_reihe,50000,petrol,peugeot,no,8.58
40230,3200,station wagon,manual,179,others,150000,diesel,audi,no,16.25
40231,2680,station wagon,manual,109,focus,150000,diesel,ford,no,10.25
40233,1150,small car,manual,50,lupo,150000,petrol,volkswagen,no,17.25
40236,6900,cabrio,manual,118,z_reihe,150000,petrol,bmw,no,16.33
40238,500,small car,manual,60,fiesta,125000,petrol,ford,yes,16.17
40239,4000,station wagon,manual,170,a4,150000,diesel,audi,no,14.33
40240,1999,small car,manual,24,others,30000,petrol,fiat,no,22.5
40241,20450,limousine,automatic,235,golf,40000,petrol,volkswagen,no,6.33
40242,9599,limousine,manual,140,astra,80000,petrol,opel,no,7.5
40244,2800,bus,manual,88,transporter,150000,diesel,volkswagen,no,16.17
40245,10750,station wagon,manual,165,astra,70000,diesel,opel,no,6.92
40248,7700,station wagon,manual,140,astra,70000,petrol,opel,no,9.25
40250,2350,station wagon,manual,129,c_klasse,150000,petrol,mercedes_benz,no,17.75
40252,5840,small car,manual,86,ibiza,80000,petrol,seat,no,9.08
40257,3150,limousine,manual,116,3er,150000,diesel,bmw,no,14.42
40258,7149,small car,manual,75,polo,150000,diesel,volkswagen,no,7.67
40259,200,limousine,manual,45,corsa,90000,petrol,opel,no,20.58
40260,3210,bus,manual,101,others,150000,petrol,mazda,no,13.25
40261,5200,small car,manual,60,agila,60000,petrol,opel,no,9.17
40264,560,small car,manual,45,corsa,125000,petrol,opel,no,25.42
40265,1250,station wagon,automatic,75,fabia,80000,petrol,skoda,yes,13.58
40268,4300,limousine,automatic,136,e_klasse,150000,diesel,mercedes_benz,no,11.33
40269,1200,limousine,manual,128,avensis,150000,petrol,toyota,no,20.5
40271,1500,small car,manual,95,punto,125000,petrol,fiat,no,13.67
40272,5180,station wagon,manual,140,a3,150000,diesel,audi,no,13.5
40275,2900,bus,manual,114,others,150000,diesel,renault,no,14.33
40276,5555,station wagon,manual,163,3er,150000,diesel,bmw,no,14.0
40277,5300,limousine,automatic,306,e_klasse,150000,petrol,mercedes_benz,no,16.58
40279,13999,suv,automatic,218,x_reihe,150000,diesel,bmw,no,11.5
40280,19980,station wagon,manual,194,astra,40000,diesel,opel,no,5.5
40281,20000,limousine,manual,122,a1,30000,petrol,audi,no,4.08
40282,2100,limousine,manual,163,c_klasse,125000,petrol,mercedes_benz,yes,16.83
40283,17990,station wagon,automatic,170,passat,70000,diesel,volkswagen,no,6.58
40284,900,small car,manual,58,corsa,150000,petrol,opel,no,16.42
40285,7750,limousine,manual,122,1er,10000,petrol,bmw,no,10.25
40286,18600,coupe,manual,354,others,150000,petrol,audi,no,11.75
40287,3250,suv,automatic,150,others,125000,diesel,hyundai,no,14.33
40290,160,small car,manual,54,seicento,150000,petrol,fiat,yes,18.25
40293,11500,limousine,automatic,179,a6,125000,diesel,audi,no,13.0
40295,11950,suv,automatic,239,i_reihe,150000,diesel,hyundai,yes,9.75
40296,116000,cabrio,automatic,400,911,5000,petrol,porsche,no,2.25
40297,2350,limousine,manual,125,a4,150000,petrol,audi,no,20.17
40300,7700,small car,manual,69,corsa,20000,petrol,opel,no,6.83
40301,455,limousine,manual,100,others,150000,petrol,bmw,no,25.0
40302,9500,coupe,manual,231,3er,150000,petrol,bmw,no,18.92
40303,2000,limousine,manual,82,colt,150000,petrol,mitsubishi,no,16.25
40306,7499,limousine,automatic,224,e_klasse,150000,diesel,mercedes_benz,no,13.75
40310,1950,station wagon,manual,109,megane,150000,petrol,renault,no,16.0
40311,490,limousine,manual,125,carisma,150000,petrol,mitsubishi,no,18.33
40312,4950,small car,manual,82,fiesta,90000,petrol,ford,no,9.83
40313,4500,station wagon,manual,120,passat,150000,petrol,volkswagen,no,31.0
40318,3000,limousine,manual,143,3er,150000,petrol,bmw,no,16.92
40320,1500,station wagon,manual,101,golf,150000,diesel,volkswagen,no,15.42
40322,1350,station wagon,automatic,207,laguna,150000,petrol,renault,no,17.08
40324,39950,limousine,automatic,258,5er,40000,diesel,bmw,no,4.08
40325,780,station wagon,manual,103,others,150000,petrol,fiat,no,21.58
40326,2400,small car,manual,75,colt,150000,petrol,mitsubishi,no,13.92
40327,1700,small car,manual,68,fusion,150000,diesel,ford,no,12.17
40329,3500,bus,manual,102,transporter,150000,diesel,volkswagen,no,21.58
40330,1800,bus,manual,76,transit,150000,diesel,ford,no,21.83
40334,3699,limousine,automatic,231,5er,150000,petrol,bmw,no,16.58
40335,4100,small car,manual,60,panda,40000,petrol,fiat,no,8.08
40337,23800,suv,automatic,239,cayenne,150000,diesel,porsche,no,9.75
40338,15900,small car,manual,86,a1,30000,petrol,audi,no,4.33
40341,2499,limousine,automatic,207,others,150000,petrol,ford,no,21.42
40344,4390,station wagon,manual,163,c_klasse,150000,petrol,mercedes_benz,no,14.08
40347,800,small car,manual,75,fiesta,150000,petrol,ford,no,18.25
40348,2250,limousine,manual,150,3er,150000,petrol,bmw,no,18.42
40349,349,small car,manual,60,punto,150000,petrol,fiat,yes,16.17
40350,1150,station wagon,manual,75,astra,150000,petrol,opel,yes,21.0
40351,3750,bus,manual,140,zafira,150000,petrol,opel,no,13.75
40352,7999,coupe,automatic,170,clk,150000,lpg,mercedes_benz,no,14.25
40353,2333,coupe,automatic,179,others,150000,petrol,mercedes_benz,no,26.5
40354,1399,small car,manual,75,2_reihe,150000,petrol,peugeot,no,14.25
40357,3399,station wagon,manual,111,megane,150000,lpg,renault,no,10.17
40358,12770,limousine,manual,230,golf,125000,petrol,volkswagen,no,11.42
40359,5490,small car,manual,88,sandero,100000,diesel,dacia,no,7.92
40360,250,small car,manual,50,arosa,150000,petrol,seat,no,20.5
40361,650,coupe,manual,102,3er,150000,petrol,bmw,no,23.0
40362,20999,suv,automatic,218,grand,100000,diesel,jeep,no,9.58
40363,2299,bus,manual,116,galaxy,150000,diesel,ford,no,18.0
40364,4000,station wagon,automatic,196,5er,150000,diesel,bmw,no,17.83
40365,2300,suv,manual,116,grand,150000,diesel,jeep,no,21.92
40366,2390,coupe,manual,170,3er,150000,petrol,bmw,yes,20.42
40367,1499,small car,manual,75,2_reihe,150000,petrol,peugeot,no,19.25
40369,4999,small car,manual,90,one,150000,petrol,mini,no,16.25
40375,6490,small car,manual,82,spark,20000,petrol,chevrolet,no,6.67
40376,11950,bus,manual,130,transporter,150000,diesel,volkswagen,no,1.58
40377,6450,limousine,manual,122,1er,150000,petrol,bmw,no,11.92
40379,1050,small car,manual,58,twingo,70000,petrol,renault,yes,13.67
40380,750,small car,manual,75,clio,90000,petrol,renault,yes,16.17
40381,2800,small car,automatic,80,micra,80000,petrol,nissan,yes,15.17
40382,10900,station wagon,manual,109,caddy,70000,cng,volkswagen,no,7.5
40383,11900,bus,manual,105,golf,40000,diesel,volkswagen,no,5.33
40385,13900,limousine,manual,143,1er,80000,petrol,bmw,no,8.5
40389,6200,limousine,manual,116,golf,125000,petrol,volkswagen,no,15.08
40390,2899,bus,manual,101,transit,150000,diesel,ford,no,14.58
40391,4250,station wagon,manual,170,laguna,150000,petrol,renault,no,13.67
40392,1950,station wagon,manual,116,v40,150000,diesel,volvo,no,16.58
40393,24000,coupe,automatic,306,3er,90000,petrol,bmw,no,10.08
40396,1000,limousine,manual,116,bora,150000,petrol,volkswagen,yes,19.0
40399,500,limousine,manual,60,golf,150000,petrol,volkswagen,no,24.5
40400,3000,station wagon,manual,116,3er,125000,petrol,bmw,no,16.92
40402,12000,limousine,automatic,165,astra,50000,diesel,opel,no,8.0
40403,650,small car,manual,60,corsa,150000,petrol,opel,no,20.17
40404,6950,cabrio,manual,105,beetle,150000,diesel,volkswagen,no,11.33
40405,900,station wagon,automatic,191,3er,150000,petrol,bmw,yes,17.25
40406,4200,cabrio,manual,88,micra,150000,petrol,nissan,no,10.58
40410,6990,small car,manual,170,cooper,125000,petrol,mini,no,13.25
40411,17890,station wagon,automatic,239,a4,150000,diesel,audi,no,10.75
40412,8900,suv,automatic,235,m_klasse,150000,lpg,mercedes_benz,no,13.17
40413,1799,limousine,manual,200,passat,150000,petrol,volkswagen,no,19.58
40416,2490,station wagon,manual,110,golf,150000,petrol,volkswagen,no,16.5
40418,6990,limousine,manual,116,1er,100000,petrol,bmw,no,12.5
40419,14750,suv,manual,135,i_reihe,40000,petrol,hyundai,no,5.83
40422,4299,cabrio,manual,90,tigra,125000,petrol,opel,no,13.75
40424,800,small car,manual,45,corsa,150000,petrol,opel,no,21.58
40426,14300,suv,manual,156,others,125000,diesel,citroen,no,8.58
40427,16400,cabrio,manual,122,golf,30000,petrol,volkswagen,no,6.25
40428,500,limousine,manual,110,4_reihe,150000,petrol,peugeot,no,22.17
40430,500,limousine,automatic,133,others,150000,petrol,chrysler,yes,21.5
40431,3250,station wagon,manual,143,c_klasse,150000,diesel,mercedes_benz,no,14.17
40432,2950,limousine,manual,165,a4,150000,petrol,audi,no,20.83
40433,2800,limousine,manual,131,golf,150000,diesel,volkswagen,no,17.83
40434,3300,station wagon,manual,75,caddy,125000,petrol,volkswagen,no,17.92
40435,1499,station wagon,manual,150,a4,150000,petrol,audi,no,20.92
40437,750,others,manual,70,5_reihe,150000,diesel,peugeot,no,21.0
40439,12000,limousine,manual,129,1er,100000,petrol,bmw,no,13.0
40440,590,limousine,manual,101,vectra,150000,petrol,opel,no,20.67
40441,2950,station wagon,manual,166,6_reihe,150000,petrol,mazda,no,16.75
40442,5400,small car,manual,75,citigo,70000,petrol,skoda,no,5.08
40443,2299,station wagon,manual,150,a4,150000,diesel,audi,no,19.92
40445,2999,station wagon,manual,135,others,20000,petrol,kia,no,18.5
40446,1200,bus,automatic,177,espace,150000,diesel,renault,yes,14.58
40447,850,limousine,manual,150,5er,150000,petrol,bmw,no,22.58
40448,600,small car,manual,60,astra,150000,petrol,opel,no,22.33
40449,18000,suv,manual,140,yeti,30000,diesel,skoda,no,4.33
40453,2550,bus,manual,129,sprinter,150000,diesel,mercedes_benz,no,19.25
40456,17000,cabrio,manual,140,a3,70000,diesel,audi,no,7.33
40457,2555,coupe,manual,112,megane,150000,petrol,renault,no,15.75
40458,950,coupe,manual,125,others,90000,petrol,ford,no,20.92
40460,3450,limousine,manual,102,a3,150000,petrol,audi,yes,15.42
40462,11500,cabrio,automatic,163,slk,150000,petrol,mercedes_benz,no,14.83
40463,1300,station wagon,manual,116,focus,150000,petrol,ford,no,18.5
40464,7250,limousine,manual,102,a3,60000,petrol,audi,no,12.75
40465,3790,cabrio,manual,192,3er,150000,petrol,bmw,no,23.75
40466,1400,limousine,manual,193,c_klasse,150000,petrol,mercedes_benz,no,24.83
40467,39900,coupe,automatic,408,e_klasse,40000,petrol,mercedes_benz,no,7.0
40468,1300,limousine,manual,122,c_klasse,150000,petrol,mercedes_benz,no,24.5
40469,9499,station wagon,manual,160,astra,125000,diesel,opel,no,8.33
40470,4400,limousine,manual,102,altea,125000,petrol,seat,no,14.92
40471,1800,station wagon,manual,131,mondeo,150000,diesel,ford,no,13.25
40473,122500,cabrio,manual,375,boxster,5000,petrol,porsche,no,2.25
40474,990,station wagon,manual,88,others,150000,petrol,citroen,no,25.17
40475,28800,suv,manual,150,q5,5000,diesel,audi,yes,3.17
40476,11400,limousine,automatic,136,auris,60000,hybrid,toyota,no,7.08
40479,3350,limousine,manual,143,3er,150000,petrol,bmw,yes,16.67
40481,3300,limousine,automatic,326,7er,150000,petrol,bmw,no,22.58
40482,8100,limousine,manual,140,astra,150000,petrol,opel,no,7.67
40484,1999,limousine,manual,136,accord,125000,petrol,honda,no,17.0
40485,5600,small car,manual,133,twingo,90000,petrol,renault,no,8.25
40488,4990,station wagon,manual,131,alhambra,5000,diesel,seat,no,15.67
40490,1200,station wagon,manual,102,c_klasse,150000,diesel,mercedes_benz,no,18.83
40491,9999,limousine,manual,85,golf,60000,petrol,volkswagen,no,7.08
40495,3750,station wagon,manual,101,astra,150000,diesel,opel,no,11.25
40497,2200,small car,manual,50,lupo,150000,petrol,volkswagen,no,14.58
40498,2200,small car,manual,75,polo,150000,diesel,volkswagen,no,13.25
40499,8990,limousine,manual,122,1er,60000,petrol,bmw,no,10.5
40500,3750,station wagon,manual,60,fabia,70000,petrol,skoda,no,9.83
40503,8900,limousine,manual,143,1er,150000,diesel,bmw,no,10.58
40507,1500,station wagon,manual,121,ptcruiser,150000,diesel,chrysler,no,15.58
40509,900,limousine,manual,115,80,150000,petrol,audi,yes,25.0
40511,10950,limousine,automatic,184,e_klasse,150000,petrol,mercedes_benz,no,10.83
40512,9990,small car,manual,95,one,40000,petrol,mini,no,8.25
40513,1250,station wagon,manual,101,focus,150000,petrol,ford,no,18.0
40514,15590,limousine,manual,163,focus,60000,diesel,ford,no,6.58
40515,2000,station wagon,automatic,101,passat,150000,petrol,volkswagen,no,18.33
40517,25000,small car,automatic,170,cooper,80000,diesel,mini,no,4.58
40518,750,limousine,manual,82,a_klasse,150000,petrol,mercedes_benz,no,19.08
40519,1000,small car,manual,55,polo,150000,petrol,volkswagen,no,25.0
40521,1499,small car,manual,60,2_reihe,100000,petrol,peugeot,no,18.33
40522,9480,coupe,manual,140,others,80000,petrol,alfa_romeo,no,11.25
40523,4200,station wagon,automatic,160,a3,150000,petrol,audi,yes,11.5
40524,3490,small car,manual,64,polo,100000,petrol,volkswagen,no,14.33
40525,2300,cabrio,manual,90,golf,150000,diesel,volkswagen,no,21.42
40526,13900,cabrio,automatic,175,cooper,70000,petrol,mini,no,9.67
40528,1000,limousine,manual,114,primera,150000,petrol,nissan,no,18.25
40530,13650,small car,manual,105,a1,60000,diesel,audi,no,8.92
40531,1000,bus,manual,82,zafira,150000,diesel,opel,no,18.83
40533,7800,station wagon,manual,140,passat,150000,diesel,volkswagen,no,10.25
40534,2500,limousine,manual,116,3er,150000,petrol,bmw,yes,17.58
40536,2000,station wagon,manual,120,laguna,150000,diesel,renault,no,15.33
40537,7150,limousine,manual,116,1er,125000,petrol,bmw,no,13.08
40539,6500,coupe,automatic,250,tt,70000,petrol,audi,no,11.58
40540,10500,cabrio,automatic,231,3er,150000,petrol,bmw,no,16.33
40541,1660,station wagon,manual,90,a4,150000,diesel,audi,no,21.67
40543,5900,small car,manual,69,corsa,50000,petrol,opel,no,8.17
40544,899,limousine,manual,60,punto,150000,petrol,fiat,no,18.33
40547,11490,limousine,manual,105,toledo,20000,petrol,seat,no,5.92
40548,6066,bus,manual,116,touran,80000,petrol,volkswagen,no,12.33
40550,2300,station wagon,manual,150,5er,150000,petrol,bmw,no,18.42
40551,600,coupe,manual,90,others,150000,petrol,nissan,no,25.17
40552,3490,coupe,manual,193,clk,150000,petrol,mercedes_benz,no,18.42
40553,15200,limousine,automatic,120,a4,80000,petrol,audi,no,10.42
40554,6999,bus,manual,105,caddy,150000,diesel,volkswagen,no,10.67
40555,5200,station wagon,manual,125,focus,150000,petrol,ford,no,9.83
40556,6000,station wagon,automatic,177,5er,150000,diesel,bmw,no,13.75
40558,2899,small car,manual,86,clio,150000,diesel,renault,no,12.42
40559,550,limousine,manual,125,a4,150000,petrol,audi,no,23.33
40560,9000,station wagon,manual,115,a4,125000,diesel,audi,no,13.33
40562,1000,station wagon,manual,101,80,150000,petrol,audi,no,23.17
40563,3450,station wagon,automatic,170,a6,150000,petrol,audi,no,15.75
40566,19999,limousine,manual,136,1er,20000,petrol,bmw,no,4.33
40567,3000,station wagon,manual,107,3_reihe,150000,diesel,peugeot,no,15.75
40568,1250,cabrio,manual,90,megane,150000,petrol,renault,no,21.67
40569,3500,small car,automatic,61,fortwo,150000,petrol,smart,no,15.83
40570,400,coupe,manual,140,3er,150000,petrol,bmw,no,21.5
40571,3600,station wagon,manual,140,passat,150000,diesel,volkswagen,no,13.67
40572,5800,limousine,manual,109,focus,60000,diesel,ford,no,10.5
40573,6200,bus,manual,88,transporter,150000,diesel,volkswagen,no,16.83
40575,5000,bus,manual,116,transporter,125000,petrol,volkswagen,no,25.08
40576,2345,cabrio,manual,75,golf,150000,petrol,volkswagen,no,24.58
40577,3000,cabrio,manual,101,astra,150000,petrol,opel,no,15.25
40582,6750,limousine,manual,160,leon,150000,petrol,seat,no,10.83
40583,3999,coupe,automatic,61,fortwo,40000,petrol,smart,no,9.42
40585,2800,small car,manual,68,c1,150000,petrol,citroen,no,9.67
40586,3750,small car,manual,75,polo,150000,petrol,volkswagen,no,17.08
40587,999,station wagon,manual,116,focus,150000,petrol,ford,yes,19.33
40589,850,limousine,manual,140,147,150000,diesel,alfa_romeo,no,15.5
40590,17900,suv,automatic,143,x_reihe,125000,diesel,bmw,no,7.25
40591,12500,bus,automatic,204,vito,150000,diesel,mercedes_benz,no,11.83
40592,10700,station wagon,automatic,150,avensis,150000,diesel,toyota,no,9.42
40593,3650,small car,automatic,61,a2,150000,diesel,audi,no,17.33
40594,17100,limousine,manual,250,focus,50000,petrol,ford,no,4.42
40595,16800,station wagon,automatic,235,5er,100000,diesel,bmw,no,10.42
40598,31990,suv,manual,143,x_reihe,5000,diesel,bmw,no,3.58
40599,1200,small car,automatic,54,fortwo,150000,petrol,smart,no,19.83
40600,1980,small car,manual,60,c3,150000,petrol,citroen,no,16.92
40601,10500,station wagon,automatic,143,a4,125000,diesel,audi,no,7.33
40602,14800,suv,manual,200,kuga,125000,petrol,ford,no,9.42
40603,7777,small car,manual,68,aygo,30000,petrol,toyota,no,5.42
40604,16300,coupe,manual,170,a5,70000,diesel,audi,no,9.83
40605,650,small car,manual,54,corsa,150000,petrol,opel,yes,20.25
40606,7750,station wagon,manual,150,astra,150000,diesel,opel,no,10.17
40607,4199,small car,manual,80,corsa,80000,petrol,opel,no,11.17
40608,3300,cabrio,manual,136,3_reihe,150000,lpg,peugeot,no,13.58
40609,4250,suv,automatic,218,m_klasse,150000,lpg,mercedes_benz,no,17.92
40610,1390,limousine,manual,125,e_klasse,150000,diesel,mercedes_benz,no,19.75
40611,1650,bus,manual,110,others,125000,petrol,kia,no,16.25
40612,11900,limousine,manual,122,golf,50000,petrol,volkswagen,no,6.5
40613,10300,station wagon,automatic,218,5er,150000,diesel,bmw,no,13.25
40614,14990,station wagon,manual,140,touran,90000,petrol,volkswagen,no,9.0
40616,5222,station wagon,manual,140,a3,150000,diesel,audi,no,12.83
40618,5500,suv,manual,141,tucson,125000,petrol,hyundai,yes,11.83
40619,850,small car,manual,56,corsa,150000,petrol,opel,no,20.58
40620,2700,small car,manual,82,getz,60000,petrol,hyundai,no,15.75
40621,500,station wagon,manual,75,astra,150000,petrol,opel,no,21.42
40622,850,coupe,manual,75,astra,150000,petrol,opel,yes,18.33
40625,6990,bus,manual,140,touran,80000,petrol,volkswagen,no,11.25
40626,5490,small car,manual,69,i_reihe,40000,petrol,hyundai,no,6.58
40627,800,limousine,automatic,170,others,150000,lpg,volvo,yes,24.92
40628,7600,limousine,automatic,150,e_klasse,150000,diesel,mercedes_benz,no,16.5
40629,5999,small car,manual,80,corsa,100000,petrol,opel,no,9.33
40630,17800,suv,manual,140,kuga,70000,diesel,ford,no,6.42
40631,15000,small car,manual,122,clubman,70000,petrol,mini,no,7.58
40632,12900,station wagon,manual,170,a6,150000,diesel,audi,no,7.5
40634,7500,cabrio,manual,118,z_reihe,125000,petrol,bmw,no,16.17
40635,490,station wagon,manual,116,mondeo,150000,petrol,ford,yes,18.42
40636,18000,limousine,manual,143,a4,100000,diesel,audi,no,7.0
40644,4500,limousine,manual,150,bora,150000,diesel,volkswagen,no,16.92
40646,5800,small car,manual,150,polo,150000,petrol,volkswagen,no,12.42
40648,8800,station wagon,manual,143,a4,150000,diesel,audi,no,10.58
40650,5300,limousine,automatic,306,e_klasse,150000,petrol,mercedes_benz,no,16.25
40651,1150,station wagon,manual,125,a4,150000,petrol,audi,yes,20.5
40652,5300,bus,automatic,115,touran,125000,petrol,volkswagen,no,13.25
40653,300,limousine,automatic,136,1er,5000,petrol,bmw,no,3.67
40654,4499,station wagon,automatic,231,5er,150000,petrol,bmw,no,17.58
40657,28900,cabrio,automatic,387,sl,150000,petrol,mercedes_benz,no,11.58
40659,9500,limousine,automatic,224,a6,150000,diesel,audi,no,14.83
40660,14999,cabrio,automatic,306,sl,90000,petrol,mercedes_benz,no,17.83
40661,2500,small car,manual,105,a_klasse,150000,petrol,mercedes_benz,no,16.17
40666,1350,station wagon,manual,136,c5,150000,petrol,citroen,no,15.67
40667,990,coupe,manual,131,others,150000,petrol,ford,no,20.92
40668,7900,limousine,manual,125,leon,100000,petrol,seat,no,9.58
40670,1200,small car,manual,60,polo,150000,petrol,volkswagen,no,19.08
40671,11900,limousine,manual,122,1er,50000,petrol,bmw,no,7.17
40672,18750,limousine,manual,235,golf,60000,petrol,volkswagen,no,6.25
40673,7490,small car,manual,86,i_reihe,50000,petrol,hyundai,no,5.92
40674,3400,limousine,manual,131,a4,150000,diesel,audi,no,13.5
40675,3990,station wagon,automatic,143,ptcruiser,100000,petrol,chrysler,no,13.5
40678,19990,suv,automatic,197,sorento,70000,diesel,kia,no,7.67
40679,11990,suv,automatic,231,x_reihe,150000,lpg,bmw,no,14.5
40680,6970,cabrio,manual,118,z_reihe,100000,petrol,bmw,no,18.83
40684,3000,small car,manual,101,polo,150000,diesel,volkswagen,yes,19.0
40685,4800,small car,manual,34,kaefer,70000,petrol,volkswagen,no,37.0
40686,5999,bus,manual,135,vivaro,150000,diesel,opel,no,14.83
40687,2399,small car,manual,64,polo,125000,petrol,volkswagen,no,15.67
40689,350,station wagon,manual,130,mondeo,150000,petrol,ford,yes,20.5
40691,4400,bus,manual,101,touran,150000,diesel,volkswagen,no,15.67
40692,3250,limousine,manual,88,others,150000,diesel,mercedes_benz,no,36.08
40693,2500,bus,manual,102,others,150000,diesel,volkswagen,no,20.42
40694,1150,limousine,manual,75,golf,150000,petrol,volkswagen,no,18.25
40695,22500,bus,automatic,163,vito,70000,diesel,mercedes_benz,no,5.5
40696,5000,station wagon,automatic,163,e_klasse,150000,petrol,mercedes_benz,no,14.42
40697,1200,station wagon,manual,75,astra,150000,petrol,opel,yes,19.17
40699,23990,station wagon,manual,150,a3,40000,diesel,audi,no,4.75
40702,16200,limousine,automatic,286,5er,150000,diesel,bmw,no,10.92
40704,755,limousine,manual,131,primera,150000,petrol,nissan,no,20.83
40705,14900,others,manual,163,amarok,150000,diesel,volkswagen,yes,7.92
40707,7400,bus,manual,109,c3,125000,diesel,citroen,no,8.17
40708,7000,bus,manual,102,transporter,150000,diesel,volkswagen,no,18.5
40709,14500,station wagon,automatic,110,megane,30000,diesel,renault,no,5.92
40710,3999,small car,manual,75,ibiza,50000,petrol,seat,no,12.08
40711,7700,station wagon,automatic,143,c_klasse,150000,petrol,mercedes_benz,no,11.92
40712,5900,small car,automatic,68,aygo,40000,petrol,toyota,no,6.25
40713,6950,station wagon,automatic,131,a6,150000,diesel,audi,no,15.42
40714,3850,small car,manual,55,polo,125000,petrol,volkswagen,no,12.83
40716,4800,bus,manual,102,transporter,150000,diesel,volkswagen,no,16.33
40722,600,limousine,manual,101,golf,150000,petrol,volkswagen,no,21.83
40724,2500,station wagon,manual,136,e_klasse,150000,petrol,mercedes_benz,no,23.33
40725,250,limousine,manual,90,80,150000,petrol,audi,yes,27.0
40726,3850,station wagon,manual,140,passat,150000,diesel,volkswagen,yes,13.83
40727,8990,station wagon,automatic,231,5er,150000,diesel,bmw,no,12.25
40728,2400,suv,manual,68,others,150000,petrol,suzuki,no,23.0
40729,1950,small car,manual,75,corsa,150000,petrol,opel,no,15.08
40730,1200,bus,manual,144,carnival,150000,diesel,kia,yes,14.42
40731,4099,station wagon,automatic,136,e_klasse,150000,diesel,mercedes_benz,no,9.67
40732,4999,limousine,manual,140,civic,150000,diesel,honda,no,12.25
40733,30000,station wagon,manual,194,insignia,40000,diesel,opel,no,5.0
40735,22900,limousine,manual,122,a_klasse,20000,petrol,mercedes_benz,no,4.67
40736,3000,cabrio,manual,109,2_reihe,100000,petrol,peugeot,no,12.25
40737,6700,station wagon,manual,131,transporter,150000,diesel,volkswagen,yes,9.08
40739,3275,small car,manual,90,one,150000,petrol,mini,no,15.08
40740,350,station wagon,manual,115,focus,150000,petrol,ford,yes,16.33
40741,450,small car,manual,60,fiesta,150000,petrol,ford,no,20.0
40742,4300,suv,manual,140,sorento,150000,diesel,kia,no,13.33
40743,5690,bus,manual,140,golf,150000,diesel,volkswagen,no,12.5
40746,1199,limousine,manual,150,3er,150000,petrol,bmw,no,23.58
40747,9400,small car,automatic,90,polo,100000,diesel,volkswagen,no,8.08
40748,10500,limousine,manual,179,astra,80000,petrol,opel,no,10.0
40749,650,small car,manual,45,corsa,150000,petrol,opel,no,22.58
40751,2599,limousine,manual,118,3er,150000,petrol,bmw,no,19.42
40752,12200,small car,manual,86,polo,30000,petrol,volkswagen,no,5.83
40754,8500,limousine,automatic,224,e_klasse,150000,diesel,mercedes_benz,no,13.0
40756,22500,limousine,automatic,218,5er,50000,diesel,bmw,yes,6.0
40758,2400,limousine,manual,26,601,70000,petrol,trabant,no,31.0
40759,10800,cabrio,automatic,170,cooper,80000,petrol,mini,no,12.25
40761,350,coupe,manual,75,kadett,150000,petrol,opel,yes,28.83
40762,4200,cabrio,manual,150,3er,150000,petrol,bmw,no,24.25
40763,5200,small car,manual,95,2_reihe,100000,petrol,peugeot,no,9.42
40766,450,limousine,manual,90,golf,150000,petrol,volkswagen,no,24.5
40770,790,small car,manual,45,polo,80000,petrol,volkswagen,no,32.17
40773,1500,small car,manual,58,cuore,150000,petrol,daihatsu,no,13.17
40774,32480,suv,manual,170,q5,90000,diesel,audi,no,6.58
40777,1000,small car,automatic,115,golf,5000,petrol,volkswagen,yes,22.0
40778,16000,cabrio,manual,290,a5,125000,petrol,audi,no,9.42
40779,5150,bus,manual,105,caddy,150000,diesel,volkswagen,no,10.5
40780,6300,suv,automatic,163,grand,150000,diesel,jeep,no,15.25
40782,950,suv,manual,69,others,70000,petrol,suzuki,no,19.92
40783,7999,limousine,automatic,177,a6,125000,petrol,audi,no,13.25
40784,12999,limousine,automatic,306,s_klasse,90000,petrol,mercedes_benz,no,17.0
40785,8299,coupe,manual,170,3er,150000,lpg,bmw,no,17.83
40787,1500,station wagon,manual,75,fabia,150000,petrol,skoda,yes,17.33
40788,3000,limousine,manual,105,3er,40000,petrol,bmw,no,17.17
40789,52900,cabrio,automatic,150,others,150000,petrol,mercedes_benz,no,51.58
40791,5800,small car,manual,60,fabia,40000,petrol,skoda,no,8.58
40793,2900,station wagon,automatic,170,e_klasse,150000,diesel,mercedes_benz,no,17.92
40794,850,cabrio,manual,109,2_reihe,150000,petrol,peugeot,yes,16.25
40795,7495,limousine,manual,102,golf,80000,petrol,volkswagen,no,12.92
40796,200,coupe,manual,14,others,5000,petrol,toyota,yes,17.25
40799,13990,station wagon,manual,122,golf,50000,petrol,volkswagen,no,8.08
40800,4700,small car,automatic,71,fortwo,70000,petrol,smart,no,10.17
40801,4750,bus,manual,86,transit,150000,diesel,ford,no,13.17
40802,5800,limousine,manual,120,bravo,80000,petrol,fiat,no,9.33
40805,8500,small car,manual,101,500,60000,petrol,fiat,no,8.75
40806,6349,station wagon,manual,177,avensis,150000,diesel,toyota,no,13.0
40808,6700,bus,automatic,150,voyager,150000,diesel,chrysler,no,9.25
40810,3250,small car,manual,60,fiesta,90000,petrol,ford,no,9.33
40812,9300,coupe,manual,50,others,100000,petrol,ford,no,51.75
40814,5000,station wagon,manual,68,logan,150000,diesel,dacia,no,11.42
40815,14499,station wagon,manual,105,caddy,50000,petrol,volkswagen,no,6.5
40816,1600,station wagon,manual,150,3er,150000,diesel,bmw,yes,16.42
40821,4000,bus,manual,101,others,60000,petrol,mazda,no,14.42
40822,3350,small car,manual,90,corsa,150000,petrol,opel,no,10.5
40825,13900,cabrio,manual,160,mx_reihe,40000,petrol,mazda,no,7.5
40826,2200,limousine,manual,101,a4,150000,petrol,audi,no,20.25
40827,3200,small car,manual,69,fiesta,125000,petrol,ford,no,12.67
40829,999,small car,manual,54,punto,125000,petrol,fiat,no,19.25
40830,20500,cabrio,automatic,239,a5,150000,diesel,audi,no,9.5
40831,9900,small car,automatic,105,golf,30000,petrol,volkswagen,no,7.25
40832,600,small car,manual,75,golf,100000,petrol,volkswagen,no,23.08
40833,24000,limousine,automatic,170,e_klasse,60000,diesel,mercedes_benz,no,7.0
40837,1250,limousine,manual,115,golf,150000,petrol,volkswagen,no,19.42
40838,6999,station wagon,automatic,140,passat,150000,diesel,volkswagen,no,12.42
40840,3300,bus,manual,66,transit,125000,diesel,ford,no,15.92
40841,7200,bus,automatic,129,verso,150000,petrol,toyota,no,12.33
40842,1600,station wagon,automatic,122,forester,150000,petrol,subaru,no,21.83
40843,5600,small car,manual,75,sandero,80000,lpg,dacia,no,6.58
40845,1690,limousine,manual,60,golf,150000,petrol,volkswagen,no,21.58
40846,890,small car,manual,60,lupo,150000,petrol,volkswagen,no,17.33
40847,8900,station wagon,automatic,170,octavia,150000,diesel,skoda,no,8.08
40848,8950,bus,automatic,140,golf,90000,petrol,volkswagen,no,11.67
40849,1750,limousine,manual,90,bora,150000,diesel,volkswagen,no,19.17
40852,700,limousine,manual,150,5er,150000,petrol,bmw,yes,21.75
40855,7500,bus,manual,140,altea,150000,diesel,seat,no,11.83
40856,7400,limousine,manual,122,3er,150000,diesel,bmw,no,12.92
40857,1350,small car,manual,50,lupo,150000,petrol,volkswagen,no,19.67
40859,8800,bus,automatic,95,b_klasse,50000,petrol,mercedes_benz,no,12.83
40861,950,station wagon,manual,145,mondeo,150000,petrol,ford,no,19.0
40862,2750,small car,manual,75,sandero,125000,petrol,dacia,no,10.0
40863,1350,bus,manual,101,zafira,150000,diesel,opel,yes,17.92
40865,4600,bus,automatic,150,zafira,100000,diesel,opel,no,11.75
40866,1999,limousine,manual,90,80,150000,petrol,audi,no,25.67
40868,980,small car,manual,45,corsa,150000,petrol,opel,no,23.83
40869,15700,station wagon,manual,140,focus,40000,diesel,ford,no,5.92
40870,7800,limousine,automatic,163,c_klasse,150000,petrol,mercedes_benz,no,15.25
40872,1800,small car,manual,54,fox,125000,petrol,volkswagen,no,12.33
40873,3600,small car,manual,109,c3,150000,diesel,citroen,no,11.33
40874,5990,small car,manual,69,500,80000,petrol,fiat,no,9.42
40875,20490,limousine,automatic,245,5er,150000,diesel,bmw,no,8.08
40877,9990,limousine,automatic,224,phaeton,150000,diesel,volkswagen,no,12.08
40878,8900,coupe,manual,174,cooper,125000,petrol,mini,no,10.25
40880,4400,small car,manual,69,fiesta,30000,petrol,ford,no,11.83
40881,8200,station wagon,automatic,179,a6,150000,diesel,audi,no,12.25
40882,1099,station wagon,manual,60,polo,150000,petrol,volkswagen,no,19.25
40883,1600,small car,manual,35,kaefer,100000,petrol,volkswagen,yes,34.08
40884,1350,small car,automatic,54,fortwo,150000,petrol,smart,no,18.92
40886,2000,station wagon,manual,90,golf,100000,diesel,volkswagen,no,20.42
40887,4850,limousine,manual,260,6_reihe,150000,petrol,mazda,no,12.42
40888,990,station wagon,manual,116,a4,150000,diesel,audi,no,17.92
40889,7690,station wagon,manual,140,a4,150000,diesel,audi,no,11.33
40890,850,station wagon,manual,116,passat,150000,petrol,volkswagen,no,22.83
40891,3750,limousine,manual,140,a3,150000,diesel,audi,no,14.42
40892,2222,small car,manual,75,clio,150000,petrol,renault,no,15.83
40893,700,limousine,manual,101,astra,150000,petrol,opel,yes,19.92
40894,5890,limousine,automatic,163,c_klasse,150000,petrol,mercedes_benz,no,13.75
40895,2400,limousine,manual,101,bora,125000,petrol,volkswagen,no,19.17
40896,26000,coupe,automatic,204,e_klasse,30000,petrol,mercedes_benz,no,8.83
40898,9999,station wagon,automatic,125,a3,150000,petrol,audi,no,9.58
40901,7890,station wagon,manual,75,caddy,70000,diesel,volkswagen,no,13.0
40903,5100,limousine,automatic,150,a3,150000,petrol,audi,no,13.5
40905,2550,cabrio,manual,109,2_reihe,150000,petrol,peugeot,no,16.0
40907,500,station wagon,manual,60,fabia,125000,petrol,skoda,no,17.42
40908,6590,bus,manual,131,scenic,150000,diesel,renault,no,8.25
40909,100,station wagon,manual,90,escort,150000,petrol,ford,no,20.25
40911,12000,station wagon,manual,204,3er,150000,diesel,bmw,no,7.5
40913,1300,small car,manual,60,polo,150000,petrol,volkswagen,no,18.33
40914,1150,small car,manual,54,twingo,150000,diesel,renault,no,17.33
40915,1600,small car,manual,54,micra,50000,petrol,nissan,no,20.5
40916,5300,limousine,manual,230,mondeo,150000,petrol,ford,no,15.0
40917,900,limousine,manual,101,a4,150000,petrol,audi,no,23.83
40919,2490,cabrio,automatic,192,3er,150000,petrol,bmw,no,25.83
40921,4444,station wagon,manual,150,c_klasse,150000,diesel,mercedes_benz,no,14.92
40924,17000,limousine,manual,105,a3,40000,diesel,audi,no,5.67
40925,2500,small car,manual,54,panda,100000,cng,fiat,no,12.33
40926,1999,small car,manual,75,lupo,150000,petrol,volkswagen,no,20.92
40927,12500,station wagon,automatic,224,c_klasse,150000,diesel,mercedes_benz,no,12.0
40929,1000,limousine,manual,102,3er,150000,petrol,bmw,no,20.25
40930,7900,limousine,automatic,136,e_klasse,150000,diesel,mercedes_benz,no,9.0
40931,2000,limousine,manual,200,s60,150000,petrol,volvo,no,17.42
40932,5500,station wagon,manual,155,mondeo,150000,diesel,ford,no,12.17
40934,1400,small car,manual,82,a_klasse,150000,petrol,mercedes_benz,no,16.92
40935,5300,small car,manual,80,micra,80000,petrol,nissan,no,8.08
40937,2890,small car,manual,60,fiesta,125000,petrol,ford,no,11.5
40940,17500,limousine,automatic,116,astra,5000,petrol,opel,no,3.92
40941,1300,small car,manual,54,corsa,90000,petrol,opel,no,19.67
40942,2600,limousine,manual,132,others,150000,petrol,mercedes_benz,no,27.08
40945,1390,bus,manual,110,sharan,150000,diesel,volkswagen,no,19.83
40947,1499,small car,manual,75,ibiza,150000,petrol,seat,no,16.67
40948,6199,small car,manual,80,corsa,50000,petrol,opel,no,9.17
40949,16500,limousine,manual,140,a6,100000,diesel,audi,no,12.5
40950,3150,limousine,manual,155,vectra,125000,petrol,opel,no,13.5
40951,12450,limousine,manual,143,1er,125000,diesel,bmw,no,11.75
40952,1699,small car,manual,75,corsa,125000,petrol,opel,no,19.0
40953,2700,limousine,manual,162,others,150000,lpg,hyundai,yes,13.67
40954,8600,cabrio,manual,69,500,70000,petrol,fiat,no,7.42
40956,420,small car,manual,75,golf,150000,petrol,volkswagen,yes,22.0
40957,3990,limousine,manual,95,a_klasse,150000,petrol,mercedes_benz,no,14.75
40958,6990,suv,automatic,204,x_reihe,150000,diesel,bmw,no,14.58
40959,780,small car,manual,58,corsa,150000,petrol,opel,no,17.42
40962,1599,station wagon,manual,115,passat,150000,lpg,volkswagen,no,17.08
40963,17600,station wagon,manual,105,a3,30000,petrol,audi,no,6.58
40964,600,coupe,automatic,90,megane,60000,petrol,renault,yes,22.42
40965,4000,bus,manual,86,transit,150000,diesel,ford,no,16.67
40968,4499,limousine,automatic,260,a8,150000,lpg,audi,no,18.25
40970,2490,limousine,automatic,110,a3,150000,diesel,audi,no,19.25
40972,1750,limousine,manual,75,golf,150000,petrol,volkswagen,no,19.92
40974,2750,station wagon,manual,155,a6,150000,diesel,audi,no,16.75
40975,6888,limousine,automatic,140,leon,150000,diesel,seat,no,12.25
40976,9500,limousine,manual,177,a6,125000,petrol,audi,no,14.5
40977,2850,small car,manual,75,2_reihe,125000,petrol,peugeot,no,13.0
40978,14700,limousine,manual,348,3er,60000,petrol,bmw,no,13.83
40979,2950,station wagon,manual,109,3_reihe,150000,petrol,peugeot,no,15.75
40980,1500,limousine,manual,101,a4,150000,petrol,audi,no,23.17
40982,450,small car,manual,36,ka,100000,petrol,ford,no,21.0
40983,10490,station wagon,manual,170,passat,150000,diesel,volkswagen,no,8.42
40984,3850,station wagon,automatic,143,3er,150000,petrol,bmw,no,17.92
40985,14990,bus,manual,131,transporter,150000,diesel,volkswagen,no,12.92
40986,1500,suv,manual,64,others,150000,diesel,skoda,no,18.33
40987,8700,bus,automatic,150,zafira,150000,diesel,opel,no,8.75
40989,6400,small car,manual,60,mii,70000,petrol,seat,no,6.67
40991,2750,limousine,manual,75,golf,90000,petrol,volkswagen,no,18.83
40992,2850,cabrio,manual,90,golf,150000,diesel,volkswagen,no,20.83
40993,7250,limousine,manual,122,1er,80000,petrol,bmw,no,10.83
40998,23900,limousine,automatic,387,s_klasse,150000,petrol,mercedes_benz,no,9.75
41000,9500,bus,manual,151,transporter,150000,diesel,volkswagen,no,19.5
41001,5999,limousine,manual,116,bora,70000,petrol,volkswagen,no,18.5
41003,7790,station wagon,manual,140,a6,150000,diesel,audi,no,12.08
41004,10500,station wagon,manual,197,5er,150000,diesel,bmw,yes,11.42
41005,650,small car,manual,58,twingo,150000,petrol,renault,no,19.58
41009,3800,limousine,manual,118,3er,150000,petrol,bmw,no,19.75
41010,1450,limousine,manual,95,a_klasse,150000,diesel,mercedes_benz,no,16.17
41011,5500,suv,manual,163,others,150000,diesel,hyundai,no,12.83
41012,610,small car,manual,50,polo,150000,petrol,volkswagen,no,20.75
41015,3999,limousine,automatic,224,s_klasse,150000,petrol,mercedes_benz,no,19.5
41016,6995,bus,manual,116,golf,90000,petrol,volkswagen,no,13.0
41018,1750,limousine,manual,101,golf,150000,petrol,volkswagen,no,18.08
41019,10999,limousine,manual,131,insignia,90000,diesel,opel,no,9.17
41020,1149,small car,manual,60,ka,150000,petrol,ford,no,18.5
41021,800,station wagon,manual,100,focus,100000,petrol,ford,yes,17.25
41022,4100,station wagon,manual,64,fabia,125000,petrol,skoda,no,11.0
41023,57997,coupe,automatic,385,911,150000,petrol,porsche,no,9.25
41024,800,coupe,manual,116,astra,150000,petrol,opel,yes,18.0
41025,1500,small car,manual,68,fiesta,150000,diesel,ford,no,15.75
41026,1250,limousine,automatic,174,a4,150000,petrol,audi,yes,26.58
41027,23900,limousine,automatic,387,others,150000,petrol,mercedes_benz,no,13.92
41028,2750,bus,manual,75,modus,150000,petrol,renault,no,11.17
41033,1500,station wagon,manual,90,passat,150000,diesel,volkswagen,no,21.83
41036,600,small car,manual,55,twingo,125000,petrol,renault,no,21.75
41037,15850,small car,manual,86,a1,20000,petrol,audi,no,4.92
41040,1000,limousine,manual,90,beetle,150000,diesel,volkswagen,yes,19.92
41042,325,station wagon,manual,60,polo,150000,petrol,volkswagen,yes,21.75
41043,11900,bus,manual,105,touran,150000,diesel,volkswagen,no,7.08
41046,11599,station wagon,manual,140,passat,125000,diesel,volkswagen,no,11.17
41048,6500,cabrio,automatic,220,a4,150000,petrol,audi,no,16.17
41049,100,station wagon,automatic,170,omega,150000,petrol,opel,yes,20.0
41050,5900,limousine,automatic,163,1er,150000,diesel,bmw,no,13.17
41051,1750,small car,manual,75,corsa,150000,petrol,opel,no,16.5
41053,750,small car,manual,75,yaris,150000,diesel,toyota,yes,15.67
41056,6299,small car,manual,92,swift,70000,petrol,suzuki,no,11.0
41058,1490,small car,manual,98,clio,150000,petrol,renault,no,15.83
41059,12999,cabrio,manual,193,3er,150000,petrol,bmw,no,19.42
41061,14000,cabrio,manual,170,z_reihe,80000,petrol,bmw,no,13.25
41062,14990,suv,automatic,120,others,40000,petrol,renault,no,6.0
41063,799,station wagon,manual,136,omega,150000,petrol,opel,no,23.5
41064,3800,station wagon,manual,136,3_reihe,150000,diesel,peugeot,no,12.58
41069,14000,bus,manual,174,transporter,150000,diesel,volkswagen,no,13.75
41070,2000,small car,manual,75,civic,125000,petrol,honda,no,27.92
41071,10990,station wagon,automatic,143,a4,150000,diesel,audi,no,11.0
41072,5990,station wagon,automatic,204,3er,150000,diesel,bmw,no,16.0
41073,19999,suv,automatic,163,kuga,90000,diesel,ford,no,4.5
41075,3990,cabrio,manual,131,others,90000,petrol,fiat,no,19.5
41076,3900,station wagon,manual,131,scenic,150000,diesel,renault,no,13.58
41077,23900,small car,manual,211,cooper,40000,petrol,mini,no,7.67
41078,3100,station wagon,automatic,155,a4,150000,diesel,audi,no,16.17
41079,5350,bus,manual,110,5_reihe,150000,diesel,mazda,no,12.58
41080,4399,station wagon,manual,105,octavia,150000,diesel,skoda,no,13.75
41081,8900,cabrio,manual,116,eos,70000,petrol,volkswagen,no,11.42
41082,6500,cabrio,manual,129,3er,150000,petrol,bmw,no,28.17
41083,1250,station wagon,manual,204,e_klasse,150000,petrol,mercedes_benz,yes,18.25
41084,300,limousine,manual,75,golf,100000,petrol,volkswagen,no,23.08
41085,6990,bus,manual,105,golf,80000,diesel,volkswagen,yes,7.25
41086,3850,bus,manual,131,sharan,150000,diesel,volkswagen,no,14.42
41087,5990,station wagon,manual,170,a4,150000,diesel,audi,no,12.83
41090,550,coupe,manual,105,3er,150000,petrol,bmw,yes,19.33
41091,6900,limousine,manual,160,insignia,150000,diesel,opel,no,9.42
41092,4400,limousine,manual,80,corsa,60000,petrol,opel,yes,11.17
41093,5500,bus,manual,102,transporter,150000,diesel,volkswagen,no,20.25
41094,9200,limousine,manual,95,astra,90000,diesel,opel,no,7.5
41095,8250,station wagon,manual,224,a6,150000,diesel,audi,yes,12.33
41096,1500,small car,manual,44,punto,100000,petrol,fiat,no,16.42
41098,7499,suv,manual,136,x_trail,150000,diesel,nissan,no,12.25
41099,9999,station wagon,manual,170,3er,100000,petrol,bmw,no,10.25
41100,13499,bus,automatic,145,vivaro,150000,diesel,opel,no,11.08
41101,1990,small car,manual,72,others,100000,petrol,chevrolet,no,11.25
41102,3700,station wagon,manual,150,passat,150000,diesel,volkswagen,no,16.92
41106,22500,cabrio,manual,122,golf,20000,petrol,volkswagen,no,3.17
41109,2000,station wagon,manual,101,cordoba,150000,petrol,seat,no,17.25
41111,3000,small car,manual,75,sandero,100000,petrol,dacia,no,10.92
41112,16900,small car,manual,122,a1,20000,petrol,audi,no,4.33
41113,750,limousine,manual,114,civic,150000,petrol,honda,no,22.25
41114,8990,limousine,manual,99,i_reihe,40000,petrol,hyundai,no,5.5
41115,999,small car,manual,58,twingo,125000,petrol,renault,no,18.83
41116,1500,small car,manual,60,polo,150000,petrol,volkswagen,yes,20.0
41118,7499,coupe,manual,220,tt,150000,petrol,audi,no,20.83
41119,17500,limousine,manual,179,beetle,90000,petrol,volkswagen,no,17.08
41120,3000,limousine,manual,147,vectra,150000,petrol,opel,no,15.08
41122,10199,limousine,manual,143,1er,125000,diesel,bmw,no,8.25
41124,11500,small car,manual,105,ibiza,70000,petrol,seat,no,5.0
41125,13990,small car,manual,184,cooper,60000,petrol,mini,no,8.92
41126,17500,suv,manual,200,tiguan,60000,petrol,volkswagen,no,8.58
41127,24500,limousine,automatic,184,3er,90000,diesel,bmw,no,5.33
41131,5000,bus,manual,111,others,125000,lpg,renault,no,12.92
41132,999,limousine,manual,90,primera,150000,petrol,nissan,no,20.08
41134,3350,limousine,automatic,150,3er,150000,diesel,bmw,no,16.0
41135,4050,small car,manual,68,1_reihe,30000,petrol,peugeot,no,10.5
41138,6990,bus,manual,102,touran,150000,petrol,volkswagen,no,11.5
41140,700,station wagon,manual,115,legacy,150000,petrol,subaru,no,23.83
41142,1150,station wagon,manual,150,a4,150000,diesel,audi,yes,19.58
41145,1000,small car,manual,98,golf,150000,petrol,volkswagen,no,29.92
41146,1700,limousine,manual,90,a_klasse,150000,diesel,mercedes_benz,no,18.0
41147,3400,station wagon,manual,75,fabia,150000,petrol,skoda,no,12.25
41149,6199,coupe,manual,143,others,90000,petrol,hyundai,no,10.42
41150,1999,small car,manual,50,arosa,100000,petrol,seat,no,14.33
41151,750,limousine,manual,50,corsa,150000,petrol,opel,no,18.08
41153,950,small car,manual,60,corsa,150000,petrol,opel,no,22.83
41154,3450,station wagon,automatic,230,100,150000,petrol,audi,no,23.0
41155,2222,limousine,manual,90,a_klasse,125000,diesel,mercedes_benz,yes,18.92
41156,840,limousine,manual,88,mondeo,150000,petrol,ford,no,22.08
41157,1600,cabrio,manual,136,2_reihe,150000,lpg,peugeot,no,17.75
41159,7400,station wagon,manual,140,passat,150000,diesel,volkswagen,no,14.0
41161,3499,small car,manual,150,golf,150000,diesel,volkswagen,no,16.5
41163,11499,station wagon,manual,143,3er,150000,diesel,bmw,no,8.83
41164,1600,station wagon,manual,120,laguna,150000,diesel,renault,yes,15.17
41165,16350,suv,manual,105,duster,20000,petrol,dacia,no,5.33
41169,2750,limousine,manual,150,vectra,150000,diesel,opel,no,14.42
41170,15250,limousine,manual,160,a4,80000,petrol,audi,no,10.17
41171,6999,cabrio,manual,193,slk,150000,petrol,mercedes_benz,no,19.42
41172,2250,small car,manual,69,fiesta,150000,petrol,ford,no,12.67
41173,1255,small car,manual,60,ka,125000,petrol,ford,no,16.75
41174,7999,station wagon,manual,143,exeo,150000,diesel,seat,no,8.42
41176,2100,coupe,manual,109,c4,125000,petrol,citroen,no,13.08
41177,900,station wagon,automatic,193,c_klasse,150000,petrol,mercedes_benz,yes,20.58
41178,9999,cabrio,manual,140,a4,150000,diesel,audi,no,12.17
41180,2800,small car,manual,54,fox,90000,petrol,volkswagen,no,13.75
41181,600,small car,automatic,60,corsa,90000,petrol,opel,no,25.83
41182,4800,bus,manual,109,sprinter,150000,diesel,mercedes_benz,no,14.25
41183,2590,coupe,manual,136,clk,150000,lpg,mercedes_benz,no,18.25
41184,2699,cabrio,automatic,61,fortwo,125000,petrol,smart,no,17.42
41185,30000,limousine,automatic,306,e_klasse,50000,petrol,mercedes_benz,no,6.5
41186,13500,suv,automatic,179,freelander,150000,diesel,land_rover,no,10.83
41187,750,limousine,manual,125,a4,150000,petrol,audi,yes,22.25
41188,3000,bus,manual,82,kangoo,150000,diesel,renault,no,13.08
41189,1299,limousine,manual,101,a4,150000,petrol,audi,no,20.08
41190,9500,small car,manual,69,500,20000,petrol,fiat,no,4.17
41192,600,limousine,manual,101,toledo,150000,petrol,seat,yes,20.92
41194,13800,small car,manual,98,one,40000,petrol,mini,no,6.75
41196,999,station wagon,manual,144,850,150000,petrol,volvo,no,22.33
41197,1500,small car,manual,60,polo,125000,petrol,volkswagen,no,19.83
41198,2500,suv,manual,145,santa,150000,petrol,hyundai,no,15.75
41199,1690,small car,manual,60,corsa,150000,petrol,opel,no,14.25
41200,4999,coupe,automatic,193,clk,90000,petrol,mercedes_benz,no,19.25
41201,23950,suv,automatic,224,m_klasse,150000,diesel,mercedes_benz,no,9.92
41202,650,small car,manual,101,a_klasse,150000,petrol,mercedes_benz,no,19.5
41203,4500,small car,manual,69,polo,125000,petrol,volkswagen,no,9.5
41204,7000,bus,manual,120,zafira,150000,diesel,opel,no,9.42
41205,7950,limousine,automatic,313,phaeton,150000,diesel,volkswagen,no,14.42
41206,1700,limousine,automatic,230,a8,150000,petrol,audi,no,21.92
41207,9450,limousine,automatic,204,x_reihe,150000,diesel,bmw,no,13.33
41208,12600,limousine,automatic,272,5er,150000,diesel,bmw,no,14.92
41212,3900,small car,manual,75,fabia,80000,petrol,skoda,no,13.42
41214,900,limousine,manual,170,omega,150000,petrol,opel,no,20.42
41215,9950,coupe,manual,220,a4,125000,petrol,audi,no,15.33
41216,5800,limousine,manual,125,mondeo,60000,petrol,ford,no,12.42
41217,3699,limousine,manual,101,golf,150000,diesel,volkswagen,no,15.75
41218,333,station wagon,manual,90,escort,150000,petrol,ford,no,22.08
41219,2999,limousine,manual,188,others,150000,petrol,mercedes_benz,no,29.33
41221,34500,bus,manual,179,transporter,100000,diesel,volkswagen,no,6.75
41225,7299,station wagon,automatic,170,e_klasse,150000,diesel,mercedes_benz,no,10.92
41227,3499,station wagon,manual,165,a6,150000,petrol,audi,no,19.33
41228,11800,suv,manual,86,jimny,20000,petrol,suzuki,no,6.83
41230,1550,small car,manual,75,lupo,150000,petrol,volkswagen,no,19.08
41232,6000,station wagon,automatic,140,a3,150000,diesel,audi,no,15.0
41235,4200,station wagon,manual,140,a4,150000,diesel,audi,no,11.25
41236,3500,limousine,manual,128,others,125000,petrol,mercedes_benz,yes,35.67
41239,500,cabrio,manual,75,astra,150000,petrol,opel,no,21.08
41241,34900,station wagon,automatic,184,3er,40000,diesel,bmw,no,4.5
41242,28999,limousine,manual,184,3er,40000,diesel,bmw,no,6.67
41243,5498,limousine,manual,86,others,60000,petrol,suzuki,no,10.33
41245,1550,bus,manual,100,zafira,150000,diesel,opel,yes,16.25
41246,370,limousine,manual,65,corsa,150000,diesel,opel,yes,19.67
41248,6400,limousine,automatic,306,c_klasse,150000,petrol,mercedes_benz,no,17.42
41250,3999,cabrio,manual,135,3_reihe,150000,diesel,peugeot,no,12.33
41251,1499,small car,manual,58,corsa,150000,petrol,opel,no,18.67
41253,15999,cabrio,manual,122,cooper,70000,petrol,mini,no,6.5
41254,2299,limousine,manual,140,147,150000,diesel,alfa_romeo,no,14.58
41256,8950,limousine,manual,105,golf,90000,diesel,volkswagen,no,8.83
41257,3700,small car,manual,101,clio,125000,petrol,renault,no,11.92
41258,1000,small car,manual,60,2_reihe,150000,petrol,peugeot,no,16.0
41259,250,station wagon,manual,115,mondeo,150000,petrol,ford,no,19.42
41260,6500,cabrio,manual,101,beetle,125000,diesel,volkswagen,yes,15.92
41262,5200,limousine,manual,116,astra,80000,petrol,opel,no,10.0
41266,28950,cabrio,automatic,231,e_klasse,60000,diesel,mercedes_benz,no,7.08
41267,8990,suv,manual,140,grand,80000,lpg,suzuki,no,9.67
41268,6499,small car,manual,99,500,50000,petrol,fiat,no,11.0
41270,2000,bus,manual,101,touran,150000,diesel,volkswagen,yes,14.33
41271,749,station wagon,manual,101,focus,150000,petrol,ford,no,17.5
41273,13900,limousine,manual,143,a4,150000,diesel,audi,no,6.58
41274,7800,bus,automatic,140,s_max,150000,diesel,ford,no,10.33
41275,3000,bus,manual,101,vivaro,125000,diesel,opel,no,13.75
41278,550,station wagon,manual,144,850,150000,petrol,volvo,yes,23.75
41279,4500,bus,manual,109,others,150000,diesel,citroen,no,15.17
41280,700,limousine,manual,102,a_klasse,150000,petrol,mercedes_benz,yes,16.17
41282,6250,station wagon,manual,190,a4,150000,petrol,audi,no,14.67
41283,18400,coupe,manual,156,c_klasse,60000,petrol,mercedes_benz,no,6.33
41284,3500,bus,automatic,150,zafira,150000,diesel,opel,yes,12.33
41287,7900,station wagon,automatic,105,golf,150000,diesel,volkswagen,no,7.42
41288,12200,small car,manual,95,corsa,20000,diesel,opel,no,3.25
41291,600,small car,manual,75,twingo,150000,petrol,renault,yes,17.42
41293,2000,limousine,manual,149,5er,150000,petrol,bmw,no,19.75
41294,43911,coupe,manual,325,911,70000,petrol,porsche,no,13.58
41299,16000,coupe,automatic,231,3er,150000,diesel,bmw,no,11.25
41300,2850,limousine,manual,95,colt,125000,petrol,mitsubishi,no,12.0
41301,5390,station wagon,manual,109,focus,150000,diesel,ford,no,10.58
41306,6700,limousine,manual,129,3er,150000,petrol,bmw,no,11.75
41308,1600,limousine,manual,150,a3,150000,petrol,audi,no,19.83
41309,999,bus,manual,90,scenic,150000,petrol,renault,no,20.5
41310,15990,bus,manual,174,transporter,150000,diesel,volkswagen,no,14.58
41312,2400,station wagon,manual,129,c_klasse,150000,diesel,mercedes_benz,no,17.33
41314,9999,limousine,automatic,177,3er,150000,diesel,bmw,no,10.58
41315,3750,cabrio,manual,125,astra,150000,diesel,opel,no,15.83
41316,9500,limousine,manual,260,3_reihe,150000,petrol,mazda,no,11.92
41317,980,small car,manual,60,corsa,100000,petrol,opel,no,21.33
41318,17900,limousine,automatic,215,others,150000,diesel,volvo,no,6.58
41319,11400,small car,manual,105,polo,70000,petrol,volkswagen,no,6.5
41321,17750,limousine,manual,105,golf,10000,petrol,volkswagen,no,4.42
41322,7900,bus,automatic,105,touran,125000,diesel,volkswagen,no,13.5
41323,15500,limousine,manual,110,golf,30000,diesel,volkswagen,no,4.83
41324,8750,limousine,manual,105,leon,60000,petrol,seat,no,7.92
41330,889,limousine,manual,95,a_klasse,150000,diesel,mercedes_benz,yes,16.92
41332,16800,limousine,manual,120,3_reihe,30000,petrol,mazda,no,5.83
41333,550,limousine,manual,88,others,150000,petrol,rover,no,17.33
41334,1250,limousine,manual,90,golf,150000,petrol,volkswagen,no,21.42
41335,6499,small car,manual,101,polo,150000,diesel,volkswagen,no,13.0
41337,3500,station wagon,automatic,140,passat,150000,diesel,volkswagen,yes,11.75
41338,1200,small car,manual,54,polo,150000,petrol,volkswagen,no,26.75
41339,1450,station wagon,automatic,225,e_klasse,150000,petrol,mercedes_benz,no,21.83
41340,9199,small car,manual,92,2_reihe,20000,diesel,peugeot,no,5.5
41341,1900,station wagon,automatic,132,others,150000,petrol,mercedes_benz,no,29.5
41342,5300,limousine,manual,136,3_reihe,125000,diesel,peugeot,no,14.17
41346,1000,small car,manual,55,corsa,150000,petrol,opel,no,18.17
41347,1800,limousine,manual,150,a4,150000,petrol,audi,no,22.58
41348,14300,limousine,manual,272,3er,125000,petrol,bmw,no,10.75
41350,30999,station wagon,automatic,184,5er,60000,diesel,bmw,no,7.75
41351,2200,limousine,automatic,125,a4,150000,petrol,audi,no,19.25
41352,200,small car,manual,54,clio,150000,petrol,renault,yes,21.0
41353,7250,limousine,manual,102,a3,20000,petrol,audi,no,10.42
41355,4950,small car,manual,80,polo,90000,petrol,volkswagen,no,13.0
41356,2700,limousine,manual,64,punto,150000,petrol,fiat,yes,12.17
41357,9900,suv,manual,105,yeti,90000,petrol,skoda,no,7.08
41358,11200,small car,manual,211,cooper,125000,petrol,mini,no,9.33
41359,1300,limousine,manual,116,vectra,70000,petrol,opel,no,23.58
41362,28750,cabrio,automatic,204,e_klasse,80000,petrol,mercedes_benz,no,7.58
41363,11800,limousine,automatic,334,a8,150000,petrol,audi,no,13.25
41364,21400,limousine,automatic,231,e_klasse,150000,diesel,mercedes_benz,no,9.67
41365,6899,bus,manual,131,scenic,125000,diesel,renault,no,8.25
41367,1199,bus,manual,69,berlingo,150000,diesel,citroen,yes,17.33
41370,1000,limousine,manual,150,5er,150000,petrol,bmw,no,27.33
41372,9500,limousine,automatic,170,a3,80000,diesel,audi,no,6.5
41373,299,limousine,manual,75,tigra,150000,petrol,opel,no,22.58
41374,8999,limousine,manual,109,others,125000,petrol,mercedes_benz,no,39.25
41377,2190,station wagon,manual,64,fabia,150000,petrol,skoda,no,13.5
41378,4200,station wagon,manual,155,mondeo,150000,diesel,ford,no,12.42
41379,5500,limousine,manual,129,3er,150000,petrol,bmw,yes,11.08
41380,2349,station wagon,automatic,163,c_klasse,150000,petrol,mercedes_benz,no,17.75
41382,600,small car,manual,58,corsa,150000,petrol,opel,yes,17.08
41383,4900,cabrio,manual,179,tt,150000,petrol,audi,no,19.0
41386,5400,small car,automatic,45,fortwo,60000,diesel,smart,no,9.75
41389,4600,small car,manual,90,one,150000,petrol,mini,no,12.92
41390,4000,suv,automatic,218,m_klasse,150000,lpg,mercedes_benz,no,18.67
41392,1900,small car,manual,54,polo,150000,petrol,volkswagen,no,16.08
41393,2900,limousine,automatic,133,others,150000,diesel,peugeot,no,13.0
41395,6900,cabrio,manual,170,z_reihe,150000,petrol,bmw,no,13.33
41397,400,limousine,manual,133,others,150000,lpg,daewoo,no,20.0
41400,5000,coupe,manual,192,others,150000,petrol,toyota,no,17.08
41401,2900,limousine,manual,118,others,125000,petrol,mercedes_benz,no,30.17
41402,3899,small car,manual,87,sirion,80000,petrol,daihatsu,no,12.25
41403,6600,limousine,manual,122,golf,150000,petrol,volkswagen,no,10.0
41404,4850,cabrio,manual,95,ka,90000,petrol,ford,no,13.67
41406,18250,station wagon,automatic,197,5er,150000,diesel,bmw,no,9.42
41408,750,station wagon,automatic,146,mondeo,150000,petrol,ford,yes,17.33
41409,3800,bus,manual,204,sharan,150000,lpg,volkswagen,no,17.25
41410,5500,small car,manual,120,polo,150000,petrol,volkswagen,no,19.67
41411,275,station wagon,manual,120,omega,150000,diesel,opel,yes,17.58
41416,16999,limousine,automatic,197,5er,150000,diesel,bmw,no,10.33
41417,13000,limousine,automatic,290,others,50000,petrol,hyundai,no,8.75
41418,700,small car,manual,65,twingo,150000,petrol,renault,no,20.25
41420,19900,limousine,manual,150,golf,50000,diesel,volkswagen,no,5.42
41422,1900,limousine,automatic,193,3er,150000,petrol,bmw,yes,20.0
41424,8300,cabrio,manual,150,3er,150000,petrol,bmw,no,12.33
41425,12999,bus,manual,102,transporter,150000,diesel,volkswagen,no,19.42
41427,17990,limousine,manual,170,a3,60000,diesel,audi,no,9.0
41428,1199,small car,manual,60,punto,150000,petrol,fiat,no,16.83
41429,450,limousine,manual,150,a4,150000,petrol,audi,yes,22.83
41432,22000,limousine,automatic,211,golf,60000,petrol,volkswagen,no,8.0
41433,1350,station wagon,manual,160,156,150000,petrol,alfa_romeo,no,15.42
41434,14200,station wagon,automatic,170,superb,150000,diesel,skoda,no,8.42
41435,3999,station wagon,automatic,131,passat,150000,diesel,volkswagen,no,14.42
41436,1850,bus,automatic,145,galaxy,150000,petrol,ford,no,16.33
41437,15850,station wagon,automatic,185,xc_reihe,150000,diesel,volvo,no,10.25
41438,899,small car,manual,60,ka,125000,petrol,ford,no,16.5
41439,1200,station wagon,manual,90,focus,150000,petrol,ford,no,15.0
41440,3150,station wagon,manual,110,octavia,150000,diesel,skoda,no,17.58
41441,6199,station wagon,automatic,224,a6,150000,diesel,audi,no,13.58
41442,2300,small car,manual,65,micra,100000,petrol,nissan,no,13.25
41443,4699,small car,manual,95,2_reihe,90000,petrol,peugeot,no,10.25
41444,22900,station wagon,automatic,239,a6,125000,diesel,audi,no,9.5
41446,13500,limousine,manual,400,m_reihe,150000,petrol,bmw,no,19.67
41448,1550,small car,manual,60,corsa,150000,petrol,opel,no,15.83
41450,16500,station wagon,automatic,184,c_klasse,100000,petrol,mercedes_benz,no,9.25
41451,888,station wagon,manual,136,omega,150000,petrol,opel,no,20.75
41453,6999,suv,manual,136,captiva,125000,petrol,chevrolet,no,10.0
41454,6199,limousine,manual,170,a6,150000,petrol,audi,yes,12.75
41457,209,limousine,manual,144,156,150000,petrol,alfa_romeo,yes,19.08
41458,8599,limousine,automatic,218,x_reihe,150000,diesel,bmw,no,14.92
41460,10200,suv,manual,140,kuga,150000,diesel,ford,no,7.92
41461,5900,station wagon,manual,140,passat,150000,diesel,volkswagen,no,10.67
41463,9500,station wagon,automatic,232,a6,150000,diesel,audi,no,12.67
41466,4800,cabrio,manual,140,3_reihe,150000,petrol,peugeot,no,12.25
41467,23490,station wagon,manual,125,golf,10000,petrol,volkswagen,no,3.42
41468,1275,small car,manual,60,twingo,150000,petrol,renault,no,15.42
41470,4800,limousine,manual,150,golf,150000,petrol,volkswagen,no,14.08
41471,6950,station wagon,automatic,150,3er,150000,diesel,bmw,no,16.58
41472,4500,small car,manual,69,ka,70000,petrol,ford,no,8.33
41473,1690,limousine,manual,90,80,150000,petrol,audi,no,26.08
41476,1450,limousine,automatic,90,golf,125000,petrol,volkswagen,no,28.83
41478,12500,station wagon,automatic,150,ibiza,60000,petrol,seat,no,5.17
41482,6500,small car,manual,60,citigo,10000,petrol,skoda,no,5.42
41484,12500,limousine,manual,105,golf,30000,petrol,volkswagen,no,6.17
41485,3200,station wagon,automatic,179,a6,150000,diesel,audi,no,16.58
41486,2000,limousine,manual,125,vectra,150000,diesel,opel,no,15.83
41487,2400,station wagon,manual,105,golf,150000,petrol,volkswagen,no,18.67
41488,3450,limousine,manual,102,3er,50000,petrol,bmw,no,23.33
41489,3990,station wagon,manual,109,3_reihe,150000,diesel,peugeot,no,9.33
41490,7150,station wagon,manual,143,3er,150000,petrol,bmw,no,12.0
41493,2950,station wagon,manual,101,astra,150000,diesel,opel,no,11.92
41494,1499,cabrio,manual,90,golf,150000,petrol,volkswagen,no,21.17
41495,2300,coupe,manual,133,others,150000,petrol,audi,no,25.17
41497,11500,station wagon,automatic,224,e_klasse,150000,diesel,mercedes_benz,no,10.33
41499,1350,coupe,manual,170,3er,150000,petrol,bmw,no,21.92
41501,19999,bus,automatic,150,others,20000,petrol,ford,no,3.33
41504,8490,limousine,manual,143,1er,150000,diesel,bmw,no,11.83
41508,6800,bus,manual,105,touran,150000,diesel,volkswagen,no,15.0
41512,4750,bus,manual,105,touran,150000,diesel,volkswagen,no,14.58
41513,13500,limousine,automatic,140,passat,100000,diesel,volkswagen,no,9.0
41514,1150,small car,manual,60,fiesta,150000,petrol,ford,no,17.67
41516,15900,station wagon,automatic,170,passat,100000,diesel,volkswagen,no,7.75
41517,20150,coupe,manual,179,a5,40000,petrol,audi,no,7.5
41520,7900,cabrio,manual,116,eos,80000,petrol,volkswagen,no,13.0
41521,200,coupe,manual,75,astra,150000,petrol,opel,yes,19.5
41522,9900,suv,automatic,239,xc_reihe,150000,petrol,volvo,yes,11.0
41523,2500,bus,manual,75,transporter,150000,diesel,volkswagen,yes,20.5
41526,1000,small car,manual,75,golf,150000,petrol,volkswagen,yes,19.33
41527,2990,small car,manual,54,fox,100000,petrol,volkswagen,no,10.5
41528,4990,bus,automatic,170,touran,150000,diesel,volkswagen,no,12.92
41529,2399,small car,manual,58,corsa,60000,petrol,opel,no,17.25
41532,1300,limousine,manual,101,focus,150000,petrol,ford,no,16.33
41534,500,limousine,manual,50,corsa,150000,petrol,opel,no,18.83
41536,2999,station wagon,manual,116,c_klasse,150000,diesel,mercedes_benz,no,18.0
41540,6950,cabrio,manual,170,3er,150000,petrol,bmw,no,15.5
41546,4090,limousine,manual,150,golf,150000,petrol,volkswagen,no,17.42
41548,3480,station wagon,automatic,133,c5,150000,diesel,citroen,no,13.5
41549,2149,limousine,manual,75,logan,90000,petrol,dacia,no,13.0
41551,3500,limousine,manual,109,i_reihe,90000,petrol,hyundai,no,9.25
41552,16900,cabrio,automatic,306,3er,100000,petrol,bmw,no,11.67
41553,15550,suv,manual,140,tiguan,60000,diesel,volkswagen,no,10.83
41554,1000,limousine,manual,140,3er,150000,petrol,bmw,no,22.25
41555,12200,limousine,manual,143,1er,90000,petrol,bmw,no,9.92
41556,1300,station wagon,automatic,125,c_klasse,150000,diesel,mercedes_benz,no,20.92
41557,3900,coupe,manual,166,others,125000,petrol,alfa_romeo,no,14.75
41558,3799,small car,manual,54,polo,150000,petrol,volkswagen,yes,11.25
41559,4999,small car,manual,92,swift,90000,petrol,suzuki,no,10.25
41560,3390,limousine,manual,90,golf,150000,petrol,volkswagen,no,27.58
41562,19900,cabrio,automatic,224,clk,80000,diesel,mercedes_benz,no,12.0
41563,35500,cabrio,automatic,231,e_klasse,40000,diesel,mercedes_benz,no,7.25
41564,9990,suv,manual,136,kuga,150000,diesel,ford,no,8.25
41566,7299,station wagon,automatic,150,e_klasse,150000,diesel,mercedes_benz,no,12.33
41569,3000,small car,manual,72,polo,125000,petrol,volkswagen,no,14.33
41570,300,small car,manual,50,corsa,150000,petrol,opel,yes,21.0
41571,1250,small car,manual,60,ka,125000,petrol,ford,no,11.33
41572,1295,small car,manual,58,clio,150000,petrol,renault,no,19.42
41573,100,small car,manual,87,others,150000,petrol,daihatsu,no,16.5
41575,5399,small car,manual,115,1er,125000,petrol,bmw,no,12.25
41576,1450,station wagon,manual,116,passat,150000,diesel,volkswagen,no,18.33
41578,5800,limousine,automatic,250,passat,150000,petrol,volkswagen,no,12.0
41579,2099,small car,manual,54,panda,125000,petrol,fiat,no,10.17
41580,2499,limousine,manual,122,vectra,150000,petrol,opel,no,16.08
41581,1499,bus,manual,54,others,150000,petrol,subaru,yes,23.67
41582,5950,station wagon,manual,125,v50,125000,lpg,volvo,no,9.75
41583,15900,coupe,automatic,211,scirocco,90000,petrol,volkswagen,no,8.42
41584,1950,limousine,manual,116,80,150000,petrol,audi,no,26.42
41585,1200,small car,manual,50,lupo,150000,petrol,volkswagen,yes,17.83
41588,3200,small car,manual,69,fiesta,125000,petrol,ford,no,10.58
41589,14500,bus,manual,174,transporter,150000,diesel,volkswagen,no,13.75
41590,3750,small car,manual,65,punto,80000,petrol,fiat,no,9.42
41591,1900,bus,manual,90,berlingo,150000,diesel,citroen,no,11.5
41592,6990,station wagon,automatic,140,passat,150000,diesel,volkswagen,no,9.33
41594,4800,limousine,manual,170,5er,150000,petrol,bmw,no,19.92
41596,6799,bus,manual,120,others,150000,diesel,citroen,no,7.08
41597,5100,coupe,automatic,218,clk,150000,petrol,mercedes_benz,yes,15.58
41598,175,small car,manual,60,1_reihe,150000,petrol,peugeot,yes,21.75
41600,1980,station wagon,manual,143,3er,150000,petrol,bmw,no,18.0
41601,1500,station wagon,manual,63,others,125000,petrol,mazda,no,17.67
41602,13500,station wagon,automatic,170,octavia,125000,diesel,skoda,no,7.25
41603,6400,station wagon,manual,105,octavia,125000,petrol,skoda,yes,8.92
41606,24450,suv,automatic,170,q3,50000,petrol,audi,no,6.0
41607,200,bus,manual,90,scenic,150000,petrol,renault,yes,21.5
41609,17500,bus,manual,163,viano,90000,diesel,mercedes_benz,no,7.5
41611,8990,limousine,manual,129,1er,60000,petrol,bmw,no,13.33
41612,4755,station wagon,manual,140,octavia,150000,diesel,skoda,no,12.58
41614,10500,suv,manual,200,tiguan,150000,petrol,volkswagen,no,10.92
41615,2350,limousine,manual,105,golf,150000,petrol,volkswagen,no,18.17
41616,980,coupe,manual,90,others,150000,petrol,toyota,no,21.83
41617,4950,station wagon,manual,105,passat,150000,diesel,volkswagen,no,14.0
41619,2700,small car,manual,50,arosa,80000,petrol,seat,no,17.17
41620,950,station wagon,automatic,90,passat,150000,petrol,volkswagen,yes,27.5
41621,600,station wagon,manual,136,vectra,150000,petrol,opel,yes,18.33
41623,13490,limousine,automatic,333,5er,150000,petrol,bmw,no,14.92
41624,3300,limousine,automatic,143,others,80000,petrol,kia,no,13.75
41626,12000,station wagon,automatic,179,a6,150000,diesel,audi,no,11.75
41627,3250,limousine,manual,147,vectra,150000,petrol,opel,no,16.0
41629,4500,limousine,automatic,224,others,150000,petrol,mercedes_benz,no,28.33
41630,5000,limousine,manual,116,3er,125000,petrol,bmw,no,13.25
41631,45500,suv,automatic,211,gl,100000,diesel,mercedes_benz,no,7.83
41632,300,bus,manual,143,others,150000,petrol,opel,no,21.67
41635,12900,suv,automatic,185,xc_reihe,150000,diesel,volvo,no,11.08
41639,16900,limousine,manual,122,golf,20000,petrol,volkswagen,no,4.33
41641,1150,limousine,manual,75,2_reihe,150000,petrol,peugeot,no,19.42
41643,17200,station wagon,manual,105,golf,20000,petrol,volkswagen,no,4.42
41644,19990,small car,manual,102,one,5000,petrol,mini,no,3.92
41645,1999,station wagon,automatic,141,ptcruiser,125000,petrol,chrysler,no,18.67
41647,2000,station wagon,manual,193,5er,150000,petrol,bmw,yes,20.33
41648,7950,limousine,manual,120,a4,125000,petrol,audi,no,9.83
41649,8500,suv,manual,86,jimny,70000,petrol,suzuki,no,7.17
41651,2000,limousine,manual,105,golf,150000,petrol,volkswagen,no,16.58
41652,15120,suv,automatic,179,amarok,50000,diesel,volkswagen,no,4.17
41653,1450,small car,manual,75,corsa,150000,petrol,opel,no,17.17
41654,4850,suv,manual,108,grand,150000,diesel,suzuki,no,15.0
41656,16900,limousine,manual,160,golf,80000,petrol,volkswagen,no,8.33
41657,31000,bus,manual,179,transporter,70000,diesel,volkswagen,no,6.42
41658,8490,limousine,manual,101,focus,70000,petrol,ford,no,9.25
41659,3900,station wagon,manual,131,passat,150000,diesel,volkswagen,no,13.25
41661,9500,bus,manual,101,transporter,150000,diesel,volkswagen,no,18.5
41664,14200,coupe,manual,265,others,150000,petrol,audi,no,11.58
41669,22300,limousine,manual,220,golf,50000,petrol,volkswagen,no,5.67
41670,1400,coupe,manual,192,3er,150000,petrol,bmw,no,26.92
41671,3499,bus,automatic,77,touran,150000,diesel,volkswagen,no,15.0
41676,750,limousine,manual,60,corsa,150000,petrol,opel,no,19.0
41678,600,limousine,manual,150,5er,5000,petrol,bmw,no,27.58
41679,13950,station wagon,manual,177,i_reihe,70000,lpg,hyundai,no,6.58
41681,13400,limousine,manual,197,5er,150000,diesel,bmw,no,10.25
41682,2990,limousine,manual,105,golf,150000,petrol,volkswagen,no,15.5
41683,11600,bus,automatic,131,transporter,150000,diesel,volkswagen,no,9.67
41684,3100,limousine,manual,101,focus,100000,petrol,ford,no,14.75
41685,35500,station wagon,automatic,204,a6,50000,diesel,audi,no,6.33
41687,4950,bus,automatic,140,c4,150000,lpg,citroen,no,10.33
41688,4350,station wagon,manual,102,passat,150000,petrol,volkswagen,no,14.67
41690,8999,bus,manual,140,s_max,150000,diesel,ford,no,10.17
41692,9499,small car,manual,60,up,5000,petrol,volkswagen,no,3.33
41693,2500,station wagon,manual,150,a6,150000,diesel,audi,yes,19.58
41694,10999,bus,automatic,150,vito,150000,diesel,mercedes_benz,no,10.5
41695,21400,station wagon,manual,160,passat,40000,petrol,volkswagen,no,6.17
41696,2200,small car,manual,75,2_reihe,125000,petrol,peugeot,yes,12.42
41697,5990,cabrio,manual,135,megane,125000,petrol,renault,no,12.33
41699,5990,station wagon,manual,116,astra,125000,lpg,opel,no,8.75
41700,990,station wagon,manual,75,astra,150000,diesel,opel,no,15.08
41701,12850,station wagon,manual,170,exeo,100000,diesel,seat,no,9.0
41702,16500,coupe,automatic,224,others,150000,diesel,mercedes_benz,no,10.92
41703,4100,small car,automatic,84,fortwo,70000,petrol,smart,no,9.08
41704,1200,small car,manual,75,polo,150000,petrol,volkswagen,no,18.5
41705,7500,station wagon,manual,170,3er,150000,petrol,bmw,no,12.0
41706,20800,coupe,manual,179,a5,80000,petrol,audi,no,9.83
41709,15500,bus,manual,145,others,125000,diesel,renault,yes,8.33
41711,18000,station wagon,automatic,136,e_klasse,150000,diesel,mercedes_benz,no,7.5
41712,9500,suv,manual,116,qashqai,100000,petrol,nissan,no,9.58
41713,1000,small car,manual,98,clio,125000,petrol,renault,no,18.0
41714,12000,suv,automatic,232,q7,150000,diesel,audi,no,11.42
41715,5100,coupe,manual,224,tt,125000,petrol,audi,no,18.25
41717,1499,station wagon,manual,125,vectra,150000,diesel,opel,no,18.83
41719,3999,cabrio,manual,113,megane,125000,petrol,renault,no,14.92
41720,13600,limousine,automatic,109,a_klasse,30000,diesel,mercedes_benz,no,7.58
41721,1380,limousine,manual,125,c_klasse,150000,diesel,mercedes_benz,no,19.17
41723,10900,suv,manual,150,tiguan,100000,petrol,volkswagen,no,10.58
41724,1599,bus,manual,80,kangoo,150000,diesel,renault,no,17.33
41725,6500,coupe,manual,170,3er,150000,petrol,bmw,no,20.08
41726,13000,suv,automatic,239,q5,60000,diesel,audi,no,7.5
41728,6999,coupe,manual,136,others,150000,petrol,volkswagen,no,25.58
41729,650,small car,manual,54,polo,150000,petrol,volkswagen,no,23.25
41730,3200,limousine,automatic,105,golf,150000,diesel,volkswagen,no,10.58
41731,2999,station wagon,manual,163,a4,150000,diesel,audi,no,14.33
41732,2700,limousine,manual,80,a_klasse,150000,petrol,mercedes_benz,no,15.58
41733,38500,coupe,automatic,170,others,30000,petrol,bmw,no,49.92
41735,16150,suv,manual,150,tiguan,30000,petrol,volkswagen,no,7.33
41738,1650,limousine,automatic,116,primera,125000,petrol,nissan,no,16.83
41740,1300,small car,manual,75,golf,150000,lpg,volkswagen,yes,18.0
41747,3950,limousine,automatic,148,vectra,150000,petrol,opel,no,16.75
41749,20800,suv,automatic,224,m_klasse,150000,diesel,mercedes_benz,no,9.75
41750,2250,small car,manual,50,lupo,80000,petrol,volkswagen,no,15.92
41751,1200,limousine,manual,125,astra,150000,petrol,opel,no,17.25
41752,4900,limousine,manual,106,a3,150000,petrol,audi,no,14.08
41754,16950,coupe,manual,200,others,50000,petrol,peugeot,no,7.08
41755,2000,small car,manual,54,polo,125000,petrol,volkswagen,no,15.92
41756,1200,coupe,manual,116,calibra,125000,petrol,opel,no,24.58
41757,1750,limousine,manual,204,others,150000,petrol,opel,no,28.92
41759,700,small car,manual,58,twingo,150000,petrol,renault,no,18.33
41760,6750,station wagon,manual,140,passat,150000,diesel,volkswagen,no,12.75
41761,2300,bus,manual,65,kangoo,150000,diesel,renault,no,14.67
41762,2100,small car,manual,60,polo,150000,petrol,volkswagen,no,18.33
41764,8000,coupe,manual,116,astra,60000,petrol,opel,no,9.75
41765,4299,small car,manual,80,fusion,80000,petrol,ford,no,15.67
41767,4600,bus,manual,125,zafira,125000,petrol,opel,no,13.17
41768,1150,limousine,manual,101,focus,150000,petrol,ford,no,19.25
41771,5500,bus,manual,102,transporter,150000,diesel,volkswagen,no,21.67
41772,15900,coupe,automatic,305,mustang,80000,petrol,ford,no,13.58
41773,4990,station wagon,manual,179,a4,150000,diesel,audi,no,14.58
41774,2900,limousine,automatic,150,a6,150000,diesel,audi,no,19.75
41776,5400,others,manual,90,meriva,125000,petrol,opel,no,11.92
41778,950,station wagon,manual,114,scenic,150000,petrol,renault,no,21.92
41780,3000,small car,manual,75,corsa,60000,petrol,opel,no,15.92
41781,7999,cabrio,automatic,145,focus,125000,petrol,ford,no,11.67
41782,10500,station wagon,manual,150,passat,70000,petrol,volkswagen,no,14.58
41783,4000,limousine,manual,105,mx_reihe,125000,petrol,mazda,yes,14.25
41784,3000,bus,manual,109,c_max,150000,diesel,ford,no,13.92
41787,1000,limousine,automatic,101,a3,150000,petrol,audi,no,21.58
41788,6499,suv,manual,86,jimny,90000,petrol,suzuki,no,11.67
41789,1900,small car,manual,72,others,90000,petrol,chevrolet,no,10.17
41791,6700,limousine,manual,163,others,150000,diesel,volvo,no,11.33
41793,6449,limousine,manual,118,others,125000,petrol,mercedes_benz,no,33.0
41794,950,limousine,automatic,116,vectra,125000,petrol,opel,no,27.5
41795,12400,small car,manual,110,fabia,5000,petrol,skoda,no,2.17
41796,990,limousine,manual,75,golf,150000,petrol,volkswagen,no,22.67
41797,3990,small car,manual,80,corsa,125000,petrol,opel,no,9.58
41798,3550,bus,automatic,144,carnival,150000,diesel,kia,no,13.25
41799,5200,bus,automatic,109,c4,150000,diesel,citroen,no,10.42
41800,6200,coupe,automatic,170,clk,150000,diesel,mercedes_benz,yes,16.0
41801,23100,station wagon,automatic,204,a4,150000,diesel,audi,no,6.5
41802,5500,station wagon,manual,101,focus,150000,petrol,ford,no,10.17
41803,390,small car,manual,54,twingo,150000,petrol,renault,no,22.08
41805,2900,limousine,manual,163,c_klasse,150000,petrol,mercedes_benz,no,18.83
41806,20299,coupe,automatic,156,c_klasse,80000,petrol,mercedes_benz,no,7.75
41808,7499,coupe,manual,143,c_klasse,125000,petrol,mercedes_benz,no,11.67
41809,6300,limousine,automatic,110,others,70000,petrol,mercedes_benz,no,44.75
41811,13800,limousine,manual,143,a4,150000,diesel,audi,no,10.75
41812,3999,coupe,manual,192,rx_reihe,125000,petrol,mazda,no,14.5
41813,1000,small car,manual,54,corsa,100000,petrol,opel,no,18.33
41814,3900,limousine,manual,116,focus,150000,petrol,ford,no,13.17
41816,1000,limousine,manual,110,a3,150000,diesel,audi,no,21.33
41818,20500,bus,manual,163,sprinter,125000,diesel,mercedes_benz,no,6.0
41819,2500,limousine,manual,105,golf,150000,petrol,volkswagen,no,18.42
41820,18900,suv,automatic,140,tiguan,80000,diesel,volkswagen,no,7.75
41821,3100,others,manual,75,golf,150000,diesel,volkswagen,no,14.58
41822,300,small car,manual,60,astra,150000,petrol,opel,yes,25.17
41823,700,limousine,manual,90,golf,150000,diesel,volkswagen,yes,19.17
41824,11000,limousine,automatic,272,5er,150000,diesel,bmw,no,14.92
41825,68500,suv,automatic,211,g_klasse,50000,diesel,mercedes_benz,no,4.5
41826,2450,small car,manual,90,almera,90000,petrol,nissan,no,18.25
41828,1799,small car,automatic,37,fortwo,125000,petrol,smart,no,13.0
41829,8600,limousine,automatic,265,1er,150000,petrol,bmw,yes,10.42
41830,3200,station wagon,manual,143,3er,150000,petrol,bmw,no,16.25
41831,5800,small car,manual,82,fiesta,60000,petrol,ford,no,9.5
41832,3799,limousine,automatic,150,3er,150000,diesel,bmw,no,15.42
41833,4500,small car,automatic,54,fortwo,125000,diesel,smart,no,8.17
41834,1200,small car,manual,50,lupo,150000,petrol,volkswagen,no,21.0
41835,5400,limousine,manual,140,a3,150000,diesel,audi,no,14.42
41837,14900,limousine,automatic,177,3er,70000,diesel,bmw,no,10.33
41839,999,station wagon,manual,179,a6,150000,diesel,audi,yes,17.92
41840,22499,cabrio,manual,140,eos,40000,diesel,volkswagen,no,4.42
41841,1770,cabrio,manual,75,golf,100000,petrol,volkswagen,no,21.75
41842,13200,cabrio,automatic,140,eos,80000,diesel,volkswagen,no,10.25
41845,990,small car,manual,60,punto,150000,petrol,fiat,no,16.42
41846,6400,small car,automatic,71,fortwo,30000,petrol,smart,no,6.42
41848,29850,limousine,automatic,245,x_reihe,100000,diesel,bmw,no,8.58
41849,3999,limousine,manual,68,fusion,125000,diesel,ford,no,15.08
41852,1400,small car,manual,63,others,150000,diesel,fiat,no,16.92
41853,39900,suv,automatic,400,cayenne,90000,petrol,porsche,no,8.75
41854,1600,small car,manual,68,yaris,150000,petrol,toyota,no,17.92
41857,1600,coupe,automatic,140,3er,150000,petrol,bmw,no,27.5
41858,3990,station wagon,manual,143,6_reihe,150000,diesel,mazda,no,12.42
41859,599,station wagon,manual,136,omega,150000,petrol,opel,no,20.25
41861,1300,station wagon,manual,68,2_reihe,150000,diesel,peugeot,no,14.33
41863,1200,limousine,manual,75,golf,150000,petrol,volkswagen,no,19.0
41864,5700,small car,manual,92,swift,80000,petrol,suzuki,no,9.17
41865,4200,limousine,manual,105,golf,150000,diesel,volkswagen,no,13.33
41866,550,small car,manual,65,corsa,125000,petrol,opel,no,20.92
41868,21500,limousine,automatic,122,a_klasse,30000,petrol,mercedes_benz,no,5.75
41871,2500,station wagon,manual,340,others,150000,petrol,audi,yes,17.33
41873,1850,bus,manual,101,zafira,150000,petrol,opel,no,18.58
41874,8500,station wagon,manual,200,a4,150000,petrol,audi,no,13.92
41877,6800,station wagon,manual,105,octavia,150000,diesel,skoda,no,10.42
41878,22000,suv,automatic,163,sportage,40000,petrol,kia,no,5.83
41879,12999,station wagon,manual,156,c_klasse,90000,petrol,mercedes_benz,no,10.33
41880,8000,small car,manual,86,i_reihe,50000,petrol,hyundai,no,6.83
41881,9600,station wagon,manual,177,5er,150000,diesel,bmw,no,10.58
41882,700,small car,manual,74,fiesta,150000,diesel,ford,yes,11.0
41883,3050,cabrio,manual,125,astra,150000,petrol,opel,no,15.33
41884,500,small car,manual,60,corsa,150000,petrol,opel,no,23.83
41887,800,limousine,automatic,90,golf,150000,petrol,volkswagen,no,22.5
41891,4799,small car,automatic,71,fortwo,60000,petrol,smart,no,9.08
41892,555,small car,manual,82,a_klasse,150000,petrol,mercedes_benz,yes,18.25
41899,200,small car,manual,45,corsa,125000,petrol,opel,yes,23.42
41901,1150,small car,manual,53,swift,150000,petrol,suzuki,no,17.5
41902,850,suv,manual,82,others,150000,petrol,suzuki,no,22.42
41903,11495,cabrio,manual,160,mx_reihe,50000,petrol,mazda,no,12.25
41905,4300,station wagon,manual,163,a4,150000,diesel,audi,no,15.0
41906,4888,small car,manual,82,fiesta,125000,petrol,ford,no,9.25
41908,42500,suv,automatic,190,x_reihe,30000,diesel,bmw,no,4.67
41909,3200,bus,manual,90,meriva,150000,petrol,opel,no,12.25
41910,21800,suv,manual,140,tiguan,60000,diesel,volkswagen,no,5.25
41911,10500,station wagon,manual,150,accord,150000,diesel,honda,no,10.92
41912,3900,bus,manual,75,combo,125000,diesel,opel,no,9.0
41913,500,small car,manual,60,corsa,150000,petrol,opel,no,21.0
41914,3690,limousine,manual,102,golf,150000,petrol,volkswagen,no,14.58
41915,400,station wagon,manual,90,vectra,150000,petrol,opel,no,20.0
41916,2300,suv,manual,136,x_trail,150000,diesel,nissan,yes,13.25
41917,8999,limousine,manual,150,3er,100000,petrol,bmw,no,12.17
41918,36999,limousine,automatic,245,x_reihe,125000,diesel,bmw,no,8.42
41919,7099,small car,manual,90,polo,150000,diesel,volkswagen,no,8.42
41920,12990,station wagon,manual,170,a4,150000,diesel,audi,no,9.25
41921,10350,small car,manual,90,clio,50000,diesel,renault,no,5.67
41922,7900,station wagon,manual,105,a3,150000,diesel,audi,no,12.67
41926,3500,limousine,manual,120,147,125000,petrol,alfa_romeo,no,11.58
41927,600,small car,manual,60,polo,150000,petrol,volkswagen,no,19.25
41930,1500,limousine,manual,115,beetle,150000,petrol,volkswagen,yes,19.25
41931,19999,limousine,automatic,286,3er,125000,diesel,bmw,no,10.58
41933,8300,limousine,automatic,177,5er,150000,diesel,bmw,no,15.0
41934,11990,cabrio,manual,150,z_reihe,150000,petrol,bmw,no,11.33
41935,38600,station wagon,automatic,190,a6,30000,diesel,audi,no,4.92
41936,2750,limousine,manual,122,nubira,125000,petrol,daewoo,no,13.25
41937,1200,suv,manual,83,terios,150000,petrol,daihatsu,yes,19.33
41938,600,small car,manual,60,polo,150000,petrol,volkswagen,yes,20.75
41939,4200,bus,manual,145,5_reihe,150000,petrol,mazda,yes,13.33
41940,7500,cabrio,manual,140,z_reihe,125000,petrol,bmw,no,20.25
41941,750,small car,manual,60,polo,150000,petrol,volkswagen,no,21.83
41943,7890,suv,automatic,292,m_klasse,150000,petrol,mercedes_benz,no,17.92
41944,18000,bus,manual,125,c_max,20000,petrol,ford,no,3.75
41945,9950,station wagon,automatic,163,c5,150000,diesel,citroen,no,10.0
41946,990,small car,manual,72,1_reihe,125000,petrol,mazda,no,24.5
41947,2600,limousine,automatic,109,1_reihe,30000,petrol,peugeot,yes,11.67
41948,4250,limousine,manual,102,golf,150000,petrol,volkswagen,yes,9.42
41949,1500,bus,manual,110,transporter,150000,lpg,volkswagen,yes,27.67
41950,6250,small car,manual,170,cooper,150000,petrol,mini,no,13.92
41951,2000,limousine,manual,107,golf,150000,petrol,volkswagen,no,29.33
41953,6300,station wagon,automatic,140,passat,150000,diesel,volkswagen,no,13.83
41955,850,small car,manual,65,corsa,150000,petrol,opel,no,18.42
41956,1699,station wagon,automatic,170,5er,150000,petrol,bmw,no,17.25
41960,3700,suv,manual,136,outlander,150000,lpg,mitsubishi,no,14.75
41962,1450,bus,manual,68,transporter,150000,diesel,volkswagen,no,23.92
41963,3300,small car,manual,64,polo,70000,petrol,volkswagen,no,14.67
41964,1850,small car,manual,60,2_reihe,150000,petrol,peugeot,no,16.33
41965,1650,station wagon,manual,136,3_reihe,150000,petrol,peugeot,no,16.0
41966,950,coupe,manual,55,polo,150000,petrol,volkswagen,no,26.67
41967,11900,suv,automatic,150,qashqai,125000,diesel,nissan,no,9.92
41969,250,limousine,manual,55,golf,150000,petrol,volkswagen,no,27.58
41974,17900,station wagon,manual,160,a3,80000,petrol,audi,no,9.0
41975,100,small car,manual,45,corsa,90000,petrol,opel,yes,25.33
41976,3799,station wagon,manual,131,a4,150000,diesel,audi,no,15.42
41979,4300,coupe,manual,193,3er,150000,petrol,bmw,no,19.92
41981,6800,limousine,manual,130,a4,150000,petrol,audi,no,13.5
41982,1890,small car,manual,58,corsa,100000,petrol,opel,no,17.83
41983,3300,bus,manual,136,touran,150000,diesel,volkswagen,no,14.17
41984,990,limousine,manual,150,c_klasse,150000,petrol,mercedes_benz,no,23.5
41986,3500,bus,manual,84,transporter,150000,petrol,volkswagen,yes,22.92
41987,1299,small car,manual,60,1_reihe,150000,petrol,peugeot,no,16.58
41989,6800,small car,manual,200,cooper,150000,petrol,mini,no,12.75
41990,2580,limousine,manual,75,colt,150000,petrol,mitsubishi,no,12.92
41991,500,coupe,manual,102,3er,150000,petrol,bmw,yes,22.92
41992,1600,small car,manual,60,ibiza,80000,petrol,seat,yes,18.33
41993,8900,station wagon,automatic,105,golf,80000,diesel,volkswagen,no,11.83
41994,2950,limousine,manual,105,golf,150000,diesel,volkswagen,yes,14.92
41997,4600,limousine,automatic,131,a4,150000,petrol,audi,no,17.25
41998,5800,bus,manual,90,combo,90000,petrol,opel,no,7.83
41999,3500,limousine,manual,100,vectra,150000,petrol,opel,no,16.33
42001,1000,small car,manual,50,polo,150000,petrol,volkswagen,no,19.0
42005,1490,limousine,manual,105,golf,150000,petrol,volkswagen,no,17.42
42007,5399,limousine,manual,102,leon,125000,petrol,seat,no,11.25
42008,6800,suv,automatic,184,x_reihe,150000,diesel,bmw,no,16.0
42009,6390,cabrio,manual,120,2_reihe,80000,petrol,peugeot,no,10.25
42010,4490,bus,manual,69,caddy,125000,diesel,volkswagen,no,11.08
42011,1600,coupe,automatic,150,mustang,150000,petrol,ford,no,22.5
42012,2900,limousine,manual,125,astra,150000,petrol,opel,no,14.42
42013,4999,others,manual,102,transporter,125000,diesel,volkswagen,no,23.83
42014,600,station wagon,manual,90,golf,150000,diesel,volkswagen,no,23.0
42015,8790,station wagon,automatic,140,a3,150000,diesel,audi,no,10.08
42016,1990,limousine,manual,116,3er,150000,petrol,bmw,no,16.75
42018,1799,limousine,manual,125,passat,150000,petrol,volkswagen,no,23.0
42021,649,station wagon,manual,100,vectra,150000,petrol,opel,no,21.83
42023,4150,coupe,automatic,84,fortwo,125000,petrol,smart,no,12.0
42024,700,small car,manual,60,golf,150000,petrol,volkswagen,no,21.33
42025,1890,small car,manual,80,corsa,150000,petrol,opel,no,13.33
42028,8560,station wagon,manual,105,a3,150000,diesel,audi,no,11.0
42029,17300,cabrio,automatic,122,golf,50000,petrol,volkswagen,no,6.75
42030,950,limousine,manual,75,golf,150000,petrol,volkswagen,no,19.08
42031,4300,station wagon,automatic,163,a4,150000,diesel,audi,yes,14.58
42032,1000,small car,manual,50,polo,150000,petrol,volkswagen,no,19.42
42034,19700,cabrio,automatic,143,1er,50000,petrol,bmw,no,7.67
42035,19500,suv,automatic,170,pajero,60000,diesel,mitsubishi,no,11.5
42037,2999,limousine,automatic,141,6_reihe,150000,petrol,mazda,no,15.08
42038,3500,limousine,manual,116,3er,150000,petrol,bmw,no,14.75
42039,400,small car,manual,50,twingo,150000,petrol,renault,yes,18.0
42040,11990,bus,manual,131,transporter,150000,diesel,volkswagen,no,11.42
42042,6000,station wagon,manual,102,caddy,150000,lpg,volkswagen,no,10.0
42044,5500,limousine,automatic,90,astra,150000,diesel,opel,no,10.58
42045,5500,station wagon,automatic,163,c_klasse,150000,petrol,mercedes_benz,no,15.33
42047,22500,limousine,automatic,184,3er,70000,diesel,bmw,no,6.17
42050,9500,station wagon,automatic,140,a3,150000,diesel,audi,no,13.17
42051,5999,limousine,manual,140,a3,150000,diesel,audi,no,14.17
42052,14990,suv,manual,135,i_reihe,30000,petrol,hyundai,no,5.67
42053,3200,limousine,manual,105,leon,150000,petrol,seat,no,15.25
42055,7000,limousine,manual,177,auris,150000,diesel,toyota,no,9.08
42056,1500,small car,manual,60,2_reihe,90000,petrol,peugeot,no,19.83
42057,750,small car,manual,60,1_reihe,150000,petrol,peugeot,no,19.83
42058,10500,station wagon,manual,170,passat,125000,diesel,volkswagen,no,11.17
42059,500,limousine,manual,140,ptcruiser,150000,petrol,chrysler,yes,18.67
42062,2750,small car,manual,69,i_reihe,50000,petrol,hyundai,yes,7.58
42063,10500,limousine,manual,92,2_reihe,50000,diesel,peugeot,no,5.5
42064,7000,bus,manual,88,transporter,150000,diesel,volkswagen,no,15.42
42066,1150,small car,manual,60,corsa,90000,petrol,opel,no,22.25
42068,13500,station wagon,manual,170,a4,150000,diesel,audi,no,9.33
42070,5500,limousine,automatic,224,a6,150000,diesel,audi,no,13.75
42071,5999,limousine,manual,105,leon,150000,diesel,seat,no,11.92
42072,55996,cabrio,automatic,420,911,150000,petrol,porsche,no,15.75
42073,3500,limousine,manual,98,lancer,20000,diesel,mitsubishi,no,14.75
42076,6450,station wagon,manual,179,a6,150000,diesel,audi,no,13.92
42078,1111,bus,manual,141,others,150000,petrol,opel,no,20.17
42079,9000,limousine,manual,170,c_klasse,150000,diesel,mercedes_benz,yes,10.83
42081,2599,station wagon,automatic,120,astra,150000,diesel,opel,no,13.83
42084,8100,limousine,manual,99,i_reihe,30000,petrol,hyundai,no,6.25
42085,1690,limousine,manual,60,2_reihe,150000,petrol,peugeot,no,14.5
42087,1499,limousine,manual,126,others,150000,diesel,mercedes_benz,no,28.25
42089,490,station wagon,manual,101,passat,150000,petrol,volkswagen,no,20.25
42090,599,small car,manual,54,corsa,150000,petrol,opel,no,21.0
42092,3000,small car,manual,92,swift,150000,petrol,suzuki,no,12.08
42096,690,limousine,manual,103,others,150000,petrol,fiat,no,18.42
42097,21000,suv,automatic,171,others,125000,diesel,toyota,no,9.92
42098,10990,small car,manual,69,polo,20000,petrol,volkswagen,no,6.0
42099,9000,limousine,automatic,256,a6,150000,petrol,audi,yes,13.83
42100,799,station wagon,manual,90,escort,150000,petrol,ford,no,20.5
42102,790,small car,manual,102,3er,150000,petrol,bmw,no,22.42
42104,4500,bus,manual,102,others,150000,diesel,mitsubishi,no,14.08
42106,5500,small car,manual,86,ibiza,100000,petrol,seat,no,10.92
42108,500,small car,manual,75,civic,90000,petrol,honda,yes,24.0
42111,1390,limousine,manual,140,primera,125000,petrol,nissan,yes,17.17
42114,2350,bus,automatic,139,scenic,70000,petrol,renault,no,17.25
42115,3200,limousine,automatic,144,omega,150000,petrol,opel,no,16.58
42116,9600,limousine,manual,122,1er,100000,petrol,bmw,no,8.92
42117,3700,limousine,manual,136,3er,150000,diesel,bmw,no,18.92
42118,8350,small car,manual,75,up,30000,petrol,volkswagen,no,6.83
42119,7290,bus,manual,145,c_max,125000,petrol,ford,no,10.83
42120,1499,station wagon,manual,75,fabia,125000,diesel,skoda,yes,13.75
42121,1150,small car,manual,60,2_reihe,150000,petrol,peugeot,no,17.25
42123,2299,small car,manual,75,ibiza,150000,petrol,seat,no,15.92
42125,2350,small car,manual,45,polo,50000,petrol,volkswagen,no,22.33
42126,2800,station wagon,manual,150,astra,150000,petrol,opel,no,23.67
42127,13699,small car,manual,122,a1,40000,petrol,audi,no,5.75
42128,800,small car,manual,54,seicento,150000,petrol,fiat,no,15.42
42131,700,station wagon,automatic,122,nubira,150000,petrol,daewoo,yes,14.92
42135,9400,suv,automatic,150,captiva,125000,diesel,chevrolet,no,11.08
42136,8900,small car,manual,86,polo,80000,petrol,volkswagen,no,7.25
42137,2050,limousine,automatic,220,others,150000,petrol,mercedes_benz,no,24.25
42138,15900,limousine,automatic,272,e_klasse,125000,petrol,mercedes_benz,no,12.58
42139,11450,coupe,manual,160,scirocco,125000,petrol,volkswagen,no,9.08
42141,7500,cabrio,manual,110,mx_reihe,100000,petrol,mazda,no,15.0
42143,999,limousine,manual,60,golf,150000,petrol,volkswagen,no,21.17
42144,12980,station wagon,manual,140,passat,150000,diesel,volkswagen,no,7.42
42145,7460,limousine,manual,97,auris,80000,petrol,toyota,no,8.17
42147,16800,limousine,manual,125,leon,10000,petrol,seat,no,3.25
42149,9500,cabrio,manual,220,a4,150000,petrol,audi,no,15.25
42151,7250,cabrio,manual,192,z_reihe,100000,petrol,bmw,no,21.58
42152,24800,station wagon,automatic,170,superb,90000,diesel,skoda,no,4.33
42153,1299,small car,manual,75,clio,150000,petrol,renault,no,18.58
42154,18500,small car,manual,143,a1,60000,diesel,audi,no,5.42
42155,890,station wagon,manual,110,a4,150000,diesel,audi,no,19.33
42156,12699,small car,manual,135,500,30000,petrol,fiat,no,7.42
42157,200,small car,manual,60,corsa,150000,diesel,opel,yes,21.08
42160,2990,small car,manual,60,panda,100000,petrol,fiat,no,8.5
42161,10500,bus,manual,105,roomster,50000,petrol,skoda,no,5.58
42162,2990,small car,manual,80,fiesta,125000,petrol,ford,no,13.92
42165,18790,coupe,automatic,211,a5,150000,petrol,audi,no,8.5
42166,990,station wagon,manual,101,astra,150000,petrol,opel,no,17.33
42167,7250,limousine,manual,80,golf,100000,petrol,volkswagen,no,9.17
42168,5900,limousine,automatic,272,7er,150000,lpg,bmw,yes,18.0
42170,33500,limousine,automatic,320,m_reihe,30000,petrol,bmw,no,4.42
42175,1650,small car,manual,80,corsa,125000,petrol,opel,no,13.5
42176,5600,bus,manual,105,altea,125000,diesel,seat,no,12.5
42179,1250,small car,manual,50,polo,50000,petrol,volkswagen,no,21.42
42180,2200,limousine,manual,105,3er,150000,petrol,bmw,no,17.25
42181,4650,limousine,manual,136,6_reihe,150000,diesel,mazda,no,15.33
42183,4800,bus,manual,110,note,90000,petrol,nissan,no,11.83
42184,600,small car,manual,75,clio,150000,petrol,renault,no,18.25
42186,4000,bus,manual,140,touran,150000,diesel,volkswagen,no,12.17
42187,3800,station wagon,manual,131,a4,150000,diesel,audi,no,14.92
42188,6750,small car,manual,87,corsa,70000,petrol,opel,no,9.0
42189,2890,station wagon,manual,97,astra,125000,cng,opel,no,14.58
42190,26990,station wagon,manual,170,a4,20000,petrol,audi,no,6.83
42192,3550,limousine,automatic,116,octavia,125000,petrol,skoda,no,17.17
42193,8300,limousine,automatic,224,e_klasse,150000,diesel,mercedes_benz,no,12.17
42194,799,station wagon,automatic,143,5er,150000,diesel,bmw,no,24.58
42195,9500,small car,manual,143,ibiza,100000,diesel,seat,no,8.33
42196,1800,small car,automatic,60,polo,150000,petrol,volkswagen,no,17.0
42197,15500,limousine,automatic,179,others,70000,petrol,mercedes_benz,no,29.83
42199,12900,bus,manual,105,touran,90000,diesel,volkswagen,no,7.25
42201,2150,limousine,automatic,193,c_klasse,150000,petrol,mercedes_benz,no,21.5
42202,2250,station wagon,manual,211,signum,150000,petrol,opel,no,15.33
42203,550,limousine,manual,102,3er,150000,petrol,bmw,no,27.0
42204,14950,station wagon,automatic,120,a4,125000,petrol,audi,no,8.25
42205,250,small car,manual,75,astra,150000,petrol,opel,no,20.17
42206,9500,station wagon,automatic,140,a4,150000,diesel,audi,no,11.33
42207,5550,station wagon,manual,140,passat,150000,diesel,volkswagen,no,13.0
42208,3000,station wagon,manual,111,others,150000,lpg,volvo,no,24.17
42210,2800,small car,manual,69,polo,150000,diesel,volkswagen,no,14.0
42212,17500,bus,manual,140,sharan,125000,diesel,volkswagen,no,7.58
42213,1200,station wagon,manual,115,focus,150000,lpg,ford,no,17.42
42214,2150,limousine,automatic,224,others,150000,petrol,mercedes_benz,no,22.17
42215,5950,bus,manual,126,others,70000,petrol,kia,no,9.42
42216,18750,limousine,automatic,286,5er,150000,diesel,bmw,no,10.83
42221,2350,limousine,manual,120,laguna,80000,petrol,renault,no,16.25
42222,1850,limousine,automatic,136,c_klasse,150000,petrol,mercedes_benz,no,19.75
42224,10900,cabrio,automatic,150,3er,90000,petrol,bmw,no,12.33
42225,2500,station wagon,manual,131,golf,150000,diesel,volkswagen,no,16.83
42226,1500,station wagon,manual,136,3er,150000,diesel,bmw,no,17.5
42229,26900,coupe,automatic,204,c_klasse,60000,diesel,mercedes_benz,no,5.75
42230,150,station wagon,manual,122,v40,150000,petrol,volvo,yes,18.08
42231,550,limousine,manual,75,3_reihe,150000,petrol,peugeot,yes,21.5
42233,990,cabrio,manual,116,3er,150000,petrol,bmw,no,22.33
42234,12950,limousine,manual,190,a6,150000,diesel,audi,no,10.92
42235,1600,small car,manual,101,a3,150000,petrol,audi,no,21.33
42237,5999,limousine,automatic,200,golf,150000,petrol,volkswagen,no,13.58
42238,12880,station wagon,manual,140,octavia,125000,diesel,skoda,no,8.83
42239,950,limousine,manual,54,others,125000,petrol,hyundai,no,19.0
42240,3800,cabrio,manual,90,golf,90000,petrol,volkswagen,no,22.58
42241,3499,small car,manual,69,polo,150000,petrol,volkswagen,no,10.25
42243,350,small car,manual,75,2_reihe,150000,petrol,peugeot,no,17.33
42244,1499,small car,manual,58,twingo,125000,petrol,renault,no,16.5
42245,12699,station wagon,manual,105,golf,70000,petrol,volkswagen,no,7.92
42246,699,station wagon,manual,136,c_klasse,150000,petrol,mercedes_benz,no,20.33
42248,8700,limousine,manual,140,a3,150000,diesel,audi,no,10.08
42250,9900,suv,automatic,171,others,150000,diesel,nissan,no,10.67
42253,1800,station wagon,automatic,165,5er,150000,diesel,bmw,yes,15.67
42256,350,coupe,manual,90,others,150000,petrol,ford,no,20.33
42257,2290,suv,manual,120,others,125000,petrol,mitsubishi,no,18.25
42258,1250,small car,manual,75,corsa,150000,petrol,opel,no,15.17
42259,400,station wagon,automatic,116,6_reihe,150000,petrol,mazda,yes,21.83
42260,4300,coupe,manual,150,3er,150000,petrol,bmw,no,18.58
42261,2999,cabrio,manual,95,ka,150000,petrol,ford,no,14.25
42262,3000,small car,manual,150,golf,150000,petrol,volkswagen,no,20.75
42265,11950,cabrio,automatic,163,slk,80000,petrol,mercedes_benz,no,14.58
42266,999,limousine,manual,75,astra,150000,petrol,opel,no,17.75
42267,13790,small car,manual,90,fabia,20000,diesel,skoda,no,3.25
42269,4750,station wagon,manual,150,3er,150000,diesel,bmw,no,14.17
42272,1490,small car,manual,75,corsa,80000,petrol,opel,no,19.0
42274,950,station wagon,manual,133,100,150000,petrol,audi,no,26.25
42276,9000,limousine,automatic,170,others,150000,petrol,bmw,no,46.42
42279,4800,bus,automatic,110,note,90000,petrol,nissan,yes,11.33
42280,2350,small car,manual,75,clio,150000,petrol,renault,no,16.17
42281,13999,limousine,manual,143,3er,50000,diesel,bmw,no,7.83
42285,8599,small car,manual,69,500,50000,petrol,fiat,no,6.25
42287,10800,coupe,manual,211,a5,150000,petrol,audi,no,9.08
42288,6000,coupe,manual,143,3er,125000,petrol,bmw,no,16.42
42291,9000,small car,manual,120,2_reihe,40000,petrol,peugeot,no,9.92
42293,1250,limousine,manual,170,5er,150000,petrol,bmw,yes,22.92
42296,5800,bus,manual,105,touran,150000,diesel,volkswagen,no,14.08
42297,3200,station wagon,manual,150,astra,150000,diesel,opel,no,13.58
42298,12450,suv,manual,177,x_reihe,125000,diesel,bmw,no,10.58
42299,10100,limousine,manual,125,focus,40000,petrol,ford,no,6.25
42300,1700,limousine,manual,90,80,150000,petrol,audi,no,24.58
42301,3700,bus,manual,91,others,150000,diesel,mercedes_benz,yes,14.33
42302,3999,station wagon,manual,150,3er,150000,diesel,bmw,no,14.5
42303,400,limousine,automatic,75,3er,150000,petrol,bmw,yes,28.67
42304,500,bus,manual,102,scenic,150000,diesel,renault,yes,17.08
42305,6500,station wagon,automatic,150,e_klasse,150000,diesel,mercedes_benz,no,15.67
42306,3800,small car,manual,75,ibiza,150000,diesel,seat,no,13.83
42307,32900,limousine,automatic,177,q3,40000,diesel,audi,no,4.25
42308,5500,bus,manual,150,vito,150000,diesel,mercedes_benz,yes,15.75
42309,37999,limousine,automatic,170,c_klasse,40000,diesel,mercedes_benz,no,4.17
42310,3000,limousine,manual,131,a3,150000,diesel,audi,no,16.58
42312,550,limousine,manual,116,5er,150000,petrol,bmw,no,23.42
42314,3591,limousine,automatic,170,3er,150000,petrol,bmw,no,18.92
42315,6500,station wagon,automatic,140,passat,150000,diesel,volkswagen,no,12.08
42316,1000,limousine,manual,150,e_klasse,150000,petrol,mercedes_benz,no,25.83
42317,2300,small car,manual,60,fiesta,125000,petrol,ford,no,16.0
42319,32500,limousine,manual,150,q3,10000,diesel,audi,no,3.42
42321,700,limousine,manual,116,100,150000,diesel,audi,no,27.75
42323,6900,small car,manual,120,punto,90000,petrol,fiat,no,10.42
42324,2100,limousine,manual,118,3er,150000,petrol,bmw,no,18.5
42325,6300,limousine,manual,102,swift,50000,petrol,suzuki,no,9.5
42327,399,limousine,manual,75,golf,150000,petrol,volkswagen,yes,21.25
42328,6900,cabrio,manual,163,slk,150000,petrol,mercedes_benz,no,18.5
42329,14999,small car,manual,63,cooper,90000,petrol,mini,no,20.5
42330,17550,suv,manual,140,kuga,50000,diesel,ford,no,6.25
42331,3790,station wagon,automatic,150,c_klasse,150000,diesel,mercedes_benz,yes,13.83
42332,8550,limousine,manual,143,1er,100000,petrol,bmw,no,10.83
42333,700,small car,manual,45,2_reihe,150000,petrol,peugeot,no,19.5
42334,10999,small car,manual,90,i_reihe,20000,lpg,hyundai,no,4.67
42335,3550,cabrio,manual,116,3er,150000,petrol,bmw,no,21.42
42336,4600,limousine,manual,140,passat,125000,diesel,volkswagen,yes,13.0
42338,5500,limousine,manual,170,omega,40000,petrol,opel,no,20.58
42340,1650,small car,manual,60,fiesta,150000,petrol,ford,no,14.17
42341,1250,limousine,manual,144,omega,150000,petrol,opel,no,17.67
42343,3000,bus,automatic,140,touran,150000,diesel,volkswagen,yes,14.92
42348,11900,limousine,manual,115,focus,50000,diesel,ford,no,7.67
42349,7996,limousine,manual,129,3er,150000,petrol,bmw,no,12.25
42350,6100,small car,manual,80,fabia,100000,diesel,skoda,no,10.75
42351,9990,limousine,manual,200,golf,100000,petrol,volkswagen,no,10.75
42352,8200,small car,manual,86,ibiza,80000,petrol,seat,no,6.08
42353,1500,limousine,manual,84,astra,150000,petrol,opel,no,18.0
42354,7900,bus,manual,105,touran,150000,diesel,volkswagen,no,10.33
42355,17590,cabrio,automatic,184,slk,70000,petrol,mercedes_benz,no,9.5
42357,11450,bus,manual,140,s_max,100000,diesel,ford,no,11.83
42358,10990,station wagon,automatic,140,golf,80000,petrol,volkswagen,no,10.75
42359,4600,cabrio,automatic,136,slk,150000,petrol,mercedes_benz,no,21.83
42361,1000,bus,manual,68,transporter,150000,diesel,volkswagen,yes,20.25
42363,1250,limousine,manual,150,5er,150000,petrol,bmw,yes,20.83
42364,11800,suv,manual,140,yeti,150000,diesel,skoda,no,8.25
42366,500,small car,manual,65,astra,125000,petrol,opel,no,22.58
42367,10600,limousine,manual,250,golf,150000,petrol,volkswagen,no,13.83
42369,7600,cabrio,manual,102,beetle,80000,petrol,volkswagen,no,12.67
42370,6000,limousine,manual,180,golf,150000,petrol,volkswagen,no,22.75
42371,4600,station wagon,manual,179,a4,150000,diesel,audi,no,16.92
42372,790,small car,manual,58,twingo,150000,petrol,renault,no,20.0
42374,9500,limousine,manual,116,1er,150000,diesel,bmw,no,9.25
42375,4200,suv,manual,125,others,150000,diesel,toyota,no,25.0
42376,3299,cabrio,manual,136,3_reihe,150000,petrol,peugeot,no,14.33
42378,7500,station wagon,automatic,163,3er,30000,diesel,bmw,no,14.0
42379,4999,small car,automatic,71,fortwo,70000,petrol,smart,no,10.17
42380,2650,station wagon,manual,75,logan,125000,petrol,dacia,no,11.5
42382,13900,station wagon,manual,170,octavia,90000,diesel,skoda,no,8.33
42383,17200,cabrio,manual,163,3_reihe,70000,diesel,peugeot,no,6.42
42384,4200,small car,manual,60,panda,70000,petrol,fiat,no,8.92
42385,6200,bus,manual,88,vito,125000,diesel,mercedes_benz,no,12.92
42386,2500,station wagon,automatic,184,3er,150000,diesel,bmw,no,18.33
42388,5650,bus,manual,140,zafira,150000,petrol,opel,no,12.25
42390,1999,station wagon,automatic,204,e_klasse,150000,petrol,mercedes_benz,no,19.92
42393,3850,limousine,manual,136,e_klasse,40000,petrol,mercedes_benz,no,20.5
42394,2850,limousine,automatic,179,s_klasse,150000,petrol,mercedes_benz,no,27.25
42395,13240,station wagon,automatic,170,1er,90000,petrol,bmw,no,11.92
42396,11900,station wagon,manual,143,3er,70000,petrol,bmw,no,10.0
42397,550,small car,manual,54,punto,150000,petrol,fiat,no,19.67
42398,450,small car,manual,75,golf,150000,petrol,volkswagen,no,23.92
42400,2999,limousine,manual,131,passat,150000,petrol,volkswagen,no,15.58
42401,1000,station wagon,manual,90,passat,150000,diesel,volkswagen,no,20.83
42402,12000,coupe,manual,170,passat,150000,diesel,volkswagen,no,9.58
42403,33490,suv,automatic,245,q5,125000,diesel,audi,no,6.75
42404,4299,cabrio,manual,150,3er,150000,petrol,bmw,no,22.42
42405,1200,station wagon,automatic,125,passat,150000,petrol,volkswagen,no,21.75
42406,7295,small car,manual,60,up,40000,petrol,volkswagen,no,5.92
42408,1399,limousine,manual,90,golf,150000,diesel,volkswagen,no,20.0
42411,5900,station wagon,manual,101,passat,150000,diesel,volkswagen,no,11.67
42412,27900,suv,automatic,215,xc_reihe,90000,diesel,volvo,no,5.08
42413,6300,suv,manual,150,rav,150000,petrol,toyota,no,18.0
42415,5000,station wagon,automatic,163,c_klasse,125000,petrol,mercedes_benz,no,17.25
42416,5490,station wagon,automatic,179,a6,150000,diesel,audi,no,15.92
42417,2800,limousine,manual,68,golf,150000,diesel,volkswagen,no,19.17
42418,7499,coupe,automatic,218,clk,150000,petrol,mercedes_benz,no,15.75
42419,3100,small car,manual,131,golf,150000,diesel,volkswagen,no,16.17
42420,11500,limousine,manual,200,golf,60000,petrol,volkswagen,no,12.92
42421,2000,small car,manual,64,ibiza,125000,petrol,seat,no,15.25
42426,10000,suv,automatic,140,tiguan,100000,diesel,volkswagen,no,7.67
42427,12800,limousine,manual,204,c_klasse,150000,diesel,mercedes_benz,no,9.75
42428,4199,limousine,manual,105,astra,90000,petrol,opel,no,13.42
42429,1100,bus,automatic,136,others,150000,petrol,peugeot,yes,18.92
42430,8500,limousine,manual,177,1er,150000,diesel,bmw,no,12.0
42431,4600,bus,manual,88,note,40000,petrol,nissan,no,12.75
42432,14490,station wagon,manual,114,v50,90000,diesel,volvo,no,7.83
42434,4000,bus,manual,84,transporter,150000,petrol,volkswagen,no,22.92
42438,2600,small car,manual,150,fiesta,150000,petrol,ford,no,13.42
42439,8000,limousine,automatic,177,5er,150000,diesel,bmw,no,14.92
42440,200,limousine,manual,90,golf,150000,petrol,volkswagen,yes,26.0
42442,7500,bus,manual,156,sprinter,150000,diesel,mercedes_benz,no,16.42
42443,1650,small car,manual,54,micra,150000,lpg,nissan,no,19.75
42444,6500,small car,manual,131,polo,125000,diesel,volkswagen,no,14.25
42445,6000,small car,automatic,80,corsa,40000,petrol,opel,no,11.08
42446,700,limousine,manual,150,3er,150000,petrol,bmw,no,21.25
42447,2800,limousine,manual,68,2_reihe,150000,diesel,peugeot,no,12.83
42448,3250,station wagon,manual,101,golf,150000,diesel,volkswagen,no,14.67
42449,14200,small car,manual,111,cooper,90000,diesel,mini,no,7.75
42452,9500,limousine,manual,122,golf,90000,petrol,volkswagen,no,10.0
42453,3799,coupe,manual,150,others,5000,diesel,alfa_romeo,no,11.25
42454,800,small car,manual,45,corsa,150000,petrol,opel,no,21.75
42455,4500,station wagon,automatic,102,transporter,150000,diesel,volkswagen,no,18.08
42456,3850,limousine,manual,150,5er,90000,petrol,bmw,no,21.0
42459,5100,limousine,manual,116,touran,150000,petrol,volkswagen,no,13.75
42461,8900,limousine,manual,392,lancer,150000,petrol,mitsubishi,yes,13.83
42463,12900,bus,manual,151,transporter,150000,diesel,volkswagen,no,17.0
42464,5400,bus,manual,150,touran,150000,petrol,volkswagen,no,13.5
42466,1150,limousine,automatic,125,c_klasse,150000,diesel,mercedes_benz,yes,19.58
42467,290,small car,manual,60,fiesta,90000,petrol,ford,yes,17.17
42470,11600,limousine,automatic,175,e_klasse,90000,petrol,mercedes_benz,no,14.5
42473,1000,station wagon,manual,102,3er,150000,petrol,bmw,yes,19.25
42476,7100,station wagon,manual,163,a4,150000,petrol,audi,no,15.25
42480,200,small car,manual,60,twingo,150000,petrol,renault,yes,21.67
42481,1388,suv,manual,80,others,150000,petrol,suzuki,no,26.67
42482,4999,coupe,manual,101,a3,150000,petrol,audi,no,14.08
42483,10990,bus,manual,140,touran,150000,diesel,volkswagen,no,9.5
42484,2500,small car,manual,69,ka,70000,petrol,ford,no,11.25
42485,5600,suv,manual,125,rav,150000,petrol,toyota,no,15.0
42486,6500,small car,manual,69,fiesta,80000,diesel,ford,no,8.17
42487,1000,coupe,automatic,218,clk,150000,petrol,mercedes_benz,yes,20.42
42491,1100,small car,manual,44,micra,150000,petrol,nissan,no,18.75
42492,18900,limousine,manual,170,a3,40000,diesel,audi,no,7.83
42493,8390,limousine,manual,142,c_klasse,60000,petrol,mercedes_benz,no,14.75
42495,4800,limousine,manual,235,vectra,30000,petrol,opel,no,16.5
42496,2150,station wagon,manual,170,3er,150000,petrol,bmw,no,17.58
42497,18500,cabrio,manual,184,cooper,40000,petrol,mini,no,6.5
42498,600,station wagon,manual,90,laguna,150000,petrol,renault,no,21.75
42500,15499,bus,manual,116,transporter,150000,petrol,volkswagen,yes,8.83
42501,2000,limousine,manual,101,bora,150000,petrol,volkswagen,no,19.33
42506,1250,small car,manual,45,polo,90000,petrol,volkswagen,no,22.33
42507,1990,limousine,automatic,116,primera,150000,petrol,nissan,no,23.5
42508,2950,limousine,manual,140,laguna,150000,petrol,renault,no,15.33
42509,1999,small car,manual,101,golf,150000,petrol,volkswagen,no,20.5
42510,19000,limousine,manual,105,golf,40000,diesel,volkswagen,no,5.83
42511,21900,bus,manual,200,transporter,150000,diesel,volkswagen,no,11.25
42513,2950,station wagon,manual,158,ducato,150000,diesel,fiat,yes,11.58
42514,3850,small car,manual,69,polo,150000,diesel,volkswagen,no,10.17
42515,4000,small car,manual,86,aveo,60000,petrol,chevrolet,yes,5.42
42516,1500,limousine,manual,90,golf,150000,petrol,volkswagen,no,28.83
42517,4200,station wagon,manual,140,zafira,100000,petrol,opel,no,12.5
42518,6800,limousine,automatic,286,x_reihe,150000,petrol,bmw,no,17.42
42520,1000,station wagon,manual,133,c5,150000,diesel,citroen,no,14.08
42522,2000,cabrio,manual,75,astra,150000,petrol,opel,no,18.42
42524,23300,cabrio,automatic,204,slk,70000,petrol,mercedes_benz,no,7.67
42525,1200,limousine,manual,116,golf,150000,diesel,volkswagen,yes,18.83
42526,2300,limousine,automatic,200,a6,150000,lpg,audi,no,17.33
42528,7500,limousine,manual,116,astra,70000,petrol,opel,no,10.42
42529,2200,limousine,automatic,141,6_reihe,125000,petrol,mazda,no,15.42
42530,2300,bus,manual,110,alhambra,150000,diesel,seat,no,18.42
42531,4500,bus,manual,128,ducato,150000,diesel,fiat,no,16.58
42532,1199,small car,manual,75,polo,150000,petrol,volkswagen,no,20.83
42533,6150,bus,automatic,150,zafira,125000,petrol,opel,no,13.0
42534,1999,small car,manual,50,polo,125000,petrol,volkswagen,no,18.08
42535,1450,limousine,automatic,116,100,150000,petrol,audi,no,25.5
42537,18400,coupe,manual,170,passat,60000,diesel,volkswagen,no,7.67
42539,999,small car,manual,60,punto,90000,petrol,fiat,no,18.75
42540,1300,station wagon,automatic,165,a4,150000,petrol,audi,yes,19.33
42541,4100,bus,manual,101,touran,150000,diesel,volkswagen,no,15.75
42542,2930,limousine,manual,75,golf,150000,petrol,volkswagen,no,14.42
42544,5950,suv,manual,129,grand,150000,diesel,suzuki,no,12.83
42545,1550,bus,manual,107,scenic,150000,lpg,renault,no,17.42
42548,1490,bus,manual,65,kangoo,125000,diesel,renault,no,14.33
42549,850,limousine,automatic,135,laguna,150000,petrol,renault,no,15.5
42550,2790,limousine,manual,147,vectra,150000,petrol,opel,no,14.83
42552,1100,bus,manual,114,espace,100000,petrol,renault,no,21.08
42554,4700,small car,manual,68,others,30000,petrol,nissan,no,10.0
42555,9500,limousine,manual,192,5er,80000,petrol,bmw,no,15.75
42556,650,station wagon,manual,90,3er,150000,diesel,bmw,no,21.17
42558,1250,station wagon,manual,115,v40,150000,petrol,volvo,no,20.75
42559,6450,bus,manual,140,alhambra,150000,diesel,seat,no,11.33
42560,23750,limousine,manual,184,golf,50000,diesel,volkswagen,no,5.58
42562,750,small car,manual,75,polo,150000,petrol,volkswagen,yes,17.33
42564,9999,bus,manual,136,b_klasse,60000,petrol,mercedes_benz,no,12.5
42565,599,small car,manual,60,ibiza,150000,lpg,seat,no,19.75
42566,8000,coupe,manual,156,c_klasse,150000,lpg,mercedes_benz,no,12.83
42567,3785,small car,manual,80,polo,125000,petrol,volkswagen,yes,13.0
42568,23500,bus,manual,140,transporter,70000,diesel,volkswagen,no,6.17
42569,5900,station wagon,manual,140,3_reihe,70000,petrol,peugeot,no,11.25
42570,1500,station wagon,manual,136,3_reihe,150000,diesel,peugeot,yes,14.08
42572,500,limousine,manual,75,golf,150000,petrol,volkswagen,yes,21.08
42573,555,limousine,manual,113,lancer,150000,petrol,mitsubishi,no,23.58
42574,1200,small car,manual,75,polo,150000,diesel,volkswagen,no,17.0
42575,55900,suv,automatic,420,cayenne,150000,petrol,porsche,no,6.75
42576,24990,cabrio,automatic,306,3er,80000,petrol,bmw,no,11.33
42579,1150,cabrio,manual,95,ka,150000,petrol,ford,no,15.83
42582,370,small car,manual,43,twingo,150000,petrol,renault,yes,20.75
42583,4400,station wagon,manual,105,octavia,150000,diesel,skoda,no,12.58
42584,1490,limousine,manual,101,golf,150000,petrol,volkswagen,no,20.08
42585,9900,limousine,manual,190,accord,90000,petrol,honda,no,12.83
42586,1650,station wagon,automatic,125,c_klasse,150000,diesel,mercedes_benz,no,19.92
42587,1700,station wagon,manual,88,3_reihe,150000,petrol,mazda,no,21.0
42588,7300,limousine,manual,177,5er,150000,diesel,bmw,no,13.58
42590,7100,station wagon,manual,131,a4,150000,diesel,audi,no,14.92
42593,3495,station wagon,automatic,185,others,150000,lpg,saab,no,16.33
42594,7000,limousine,manual,116,astra,125000,petrol,opel,yes,8.83
42597,8500,limousine,manual,101,astra,60000,petrol,opel,no,8.0
42598,1350,station wagon,manual,116,focus,150000,petrol,ford,no,19.83
42600,7499,station wagon,automatic,122,c_klasse,150000,diesel,mercedes_benz,no,12.58
42601,4750,bus,manual,105,golf,150000,diesel,volkswagen,no,12.67
42604,9500,suv,manual,150,tiguan,150000,petrol,volkswagen,no,10.33
42607,14500,suv,automatic,224,touareg,150000,diesel,volkswagen,no,13.0
42608,990,limousine,manual,155,astra,150000,petrol,opel,no,21.33
42613,7997,suv,manual,174,touareg,150000,diesel,volkswagen,no,14.25
42615,7200,limousine,automatic,163,e_klasse,150000,petrol,mercedes_benz,no,14.75
42617,3190,small car,manual,69,corsa,150000,diesel,opel,no,15.75
42618,3000,small car,manual,88,2_reihe,125000,petrol,peugeot,no,12.75
42619,2500,small car,manual,82,micra,150000,diesel,nissan,no,14.33
42622,8700,station wagon,manual,177,5er,5000,diesel,bmw,no,12.42
42623,9900,small car,manual,95,clubman,40000,petrol,mini,no,9.58
42624,2990,small car,manual,77,others,150000,petrol,fiat,yes,11.08
42625,999,small car,manual,60,ka,150000,petrol,ford,no,18.25
42628,5400,station wagon,manual,105,passat,150000,diesel,volkswagen,yes,10.92
42629,7799,limousine,manual,102,golf,80000,petrol,volkswagen,no,10.33
42630,7950,bus,automatic,170,touran,150000,diesel,volkswagen,no,12.58
42631,34800,limousine,automatic,259,s_klasse,150000,diesel,mercedes_benz,no,7.67
42633,350,small car,manual,60,corsa,150000,petrol,opel,yes,21.92
42634,61950,coupe,manual,250,911,100000,petrol,porsche,no,29.5
42638,850,small car,manual,90,corsa,150000,petrol,opel,no,18.42
42641,3900,suv,manual,170,pajero,125000,petrol,mitsubishi,no,14.25
42642,1100,station wagon,manual,165,a4,150000,petrol,audi,no,19.17
42643,2500,bus,manual,77,transporter,150000,diesel,volkswagen,no,24.67
42644,16700,suv,automatic,300,others,150000,petrol,chevrolet,no,19.83
42645,12000,station wagon,manual,184,3er,150000,diesel,bmw,no,7.67
42647,555,station wagon,manual,136,e_klasse,150000,lpg,mercedes_benz,yes,18.5
42649,2999,station wagon,automatic,340,others,150000,petrol,audi,yes,18.17
42650,12800,station wagon,automatic,177,a6,125000,petrol,audi,no,12.67
42651,4400,small car,manual,54,fox,100000,petrol,volkswagen,no,8.25
42654,11900,station wagon,automatic,140,golf,100000,diesel,volkswagen,no,8.0
42655,4250,bus,manual,102,toledo,125000,petrol,seat,no,13.5
42656,4250,station wagon,manual,131,a4,150000,diesel,audi,no,14.25
42660,1999,station wagon,manual,136,4_reihe,90000,diesel,peugeot,yes,15.0
42662,23000,limousine,automatic,271,golf,60000,petrol,volkswagen,no,7.42
42663,2150,station wagon,manual,150,ptcruiser,150000,diesel,chrysler,no,12.5
42667,2000,limousine,manual,118,3er,150000,petrol,bmw,no,20.17
42669,500,limousine,manual,75,golf,150000,petrol,volkswagen,no,24.17
42673,11199,station wagon,automatic,143,a4,150000,diesel,audi,no,7.67
42674,22890,station wagon,automatic,160,passat,60000,petrol,volkswagen,no,6.33
42676,7000,station wagon,automatic,250,a6,150000,lpg,audi,no,18.0
42677,2690,limousine,manual,75,golf,150000,petrol,volkswagen,no,15.33
42678,1000,small car,manual,54,corsa,125000,petrol,opel,no,18.0
42681,160,small car,manual,69,corsa,40000,petrol,opel,no,6.0
42683,63700,suv,automatic,272,q7,10000,diesel,audi,no,3.83
42684,23000,station wagon,automatic,431,300c,70000,petrol,chrysler,no,10.75
42687,3799,station wagon,automatic,178,c_klasse,150000,petrol,mercedes_benz,no,16.0
42688,3580,cabrio,manual,98,golf,150000,petrol,volkswagen,no,27.42
42690,1850,small car,manual,69,ka,90000,petrol,ford,no,12.58
42693,13500,cabrio,automatic,200,a3,125000,petrol,audi,no,10.33
42694,350,small car,manual,80,bravo,150000,petrol,fiat,yes,18.42
42696,3800,station wagon,manual,185,carnival,150000,diesel,kia,yes,11.5
42697,2700,station wagon,automatic,101,astra,100000,petrol,opel,no,17.0
42698,37300,coupe,automatic,333,others,80000,petrol,audi,no,6.42
42699,1300,limousine,manual,75,golf,150000,petrol,volkswagen,no,17.33
42700,6850,limousine,manual,80,golf,100000,petrol,volkswagen,no,9.42
42708,999,small car,manual,54,micra,125000,petrol,nissan,no,20.17
42709,250,limousine,manual,75,golf,150000,petrol,volkswagen,no,22.58
42710,9350,limousine,automatic,122,1er,40000,petrol,bmw,no,10.25
42712,5000,limousine,manual,150,3er,125000,petrol,bmw,no,11.5
42713,2890,limousine,automatic,125,e_klasse,150000,diesel,mercedes_benz,no,20.75
42714,1699,station wagon,manual,64,others,150000,diesel,seat,no,20.5
42715,43800,coupe,automatic,400,mustang,5000,petrol,ford,no,50.08
42717,1950,small car,manual,75,clio,150000,petrol,renault,no,15.33
42720,850,bus,manual,147,others,150000,petrol,opel,yes,19.33
42721,10999,limousine,manual,143,1er,125000,diesel,bmw,no,8.75
42722,11800,bus,manual,109,b_klasse,70000,diesel,mercedes_benz,no,7.5
42723,13900,coupe,automatic,224,clk,150000,diesel,mercedes_benz,no,10.17
42724,500,small car,manual,65,corsa,150000,petrol,opel,no,19.58
42725,11900,small car,automatic,143,1er,100000,petrol,bmw,no,10.67
42726,600,small car,manual,60,arosa,150000,petrol,seat,no,17.5
42727,15900,cabrio,manual,200,3_reihe,60000,petrol,peugeot,no,7.08
42729,4950,bus,manual,150,zafira,150000,diesel,opel,no,11.33
42730,380,station wagon,manual,150,a4,150000,petrol,audi,yes,22.0
42731,3590,small car,manual,68,getz,125000,petrol,hyundai,no,10.5
42732,2300,station wagon,manual,75,fabia,125000,petrol,skoda,no,17.0
42734,3350,limousine,manual,140,accord,150000,diesel,honda,no,14.58
42735,2650,station wagon,manual,166,156,125000,petrol,alfa_romeo,no,16.42
42737,500,small car,manual,90,tigra,150000,petrol,opel,no,22.83
42738,2300,small car,manual,83,jazz,150000,petrol,honda,no,16.92
42741,22500,coupe,automatic,245,others,150000,diesel,audi,yes,8.92
42742,5600,small car,manual,90,corsa,50000,petrol,opel,no,11.58
42745,350,bus,manual,134,espace,150000,petrol,renault,yes,20.0
42746,1250,small car,manual,60,fiesta,150000,petrol,ford,no,15.08
42749,6999,station wagon,manual,105,octavia,150000,diesel,skoda,no,11.25
42750,1999,limousine,manual,116,3er,150000,petrol,bmw,yes,17.67
42753,4699,station wagon,manual,175,vectra,150000,petrol,opel,no,14.33
42755,33900,limousine,automatic,184,5er,20000,diesel,bmw,no,4.5
42757,29000,coupe,automatic,306,c_klasse,60000,petrol,mercedes_benz,no,6.25
42758,2500,small car,manual,75,2_reihe,125000,petrol,peugeot,yes,9.33
42761,21900,station wagon,automatic,239,a6,125000,diesel,audi,no,7.42
42762,13000,cabrio,automatic,177,1er,100000,diesel,bmw,no,9.25
42763,999,limousine,manual,75,golf,150000,petrol,volkswagen,no,22.75
42764,11990,suv,manual,150,x_reihe,125000,petrol,bmw,no,13.83
42766,3950,cabrio,manual,116,mx_reihe,150000,petrol,mazda,no,26.25
42767,150,cabrio,manual,75,astra,150000,petrol,opel,yes,18.25
42768,2990,limousine,manual,118,3er,150000,petrol,bmw,no,18.42
42769,1995,small car,manual,60,c2,125000,petrol,citroen,no,14.42
42770,3500,limousine,manual,125,5er,150000,petrol,bmw,no,34.08
42771,2500,limousine,manual,140,a4,150000,diesel,audi,no,14.83
42772,3299,small car,manual,68,c1,100000,petrol,citroen,no,11.08
42774,10000,limousine,automatic,231,5er,150000,petrol,bmw,no,15.67
42775,3500,station wagon,manual,136,4_reihe,150000,diesel,peugeot,no,12.25
42776,4750,limousine,manual,105,golf,150000,diesel,volkswagen,no,13.83
42777,13300,small car,manual,136,swift,40000,petrol,suzuki,no,4.33
42779,6880,small car,manual,75,twingo,20000,petrol,renault,no,5.67
42780,12250,cabrio,manual,160,mx_reihe,60000,petrol,mazda,no,10.17
42781,8750,bus,manual,150,zafira,150000,diesel,opel,no,12.83
42782,1300,coupe,manual,136,others,150000,petrol,audi,no,29.42
42783,4200,station wagon,manual,116,passat,150000,petrol,volkswagen,no,15.42
42784,9900,limousine,manual,105,golf,30000,petrol,volkswagen,no,6.08
42785,1599,bus,manual,101,zafira,150000,petrol,opel,no,19.42
42786,7400,suv,automatic,250,m_klasse,150000,diesel,mercedes_benz,no,16.92
42787,5300,limousine,manual,129,c_klasse,125000,petrol,mercedes_benz,no,17.83
42788,25300,coupe,manual,306,1er,40000,petrol,bmw,no,10.58
42790,2000,station wagon,manual,136,6_reihe,150000,petrol,mazda,no,18.17
42793,16990,coupe,manual,265,a5,125000,petrol,audi,no,10.25
42794,15250,bus,manual,105,golf,40000,diesel,volkswagen,no,6.5
42797,3550,limousine,manual,95,colt,125000,petrol,mitsubishi,no,10.17
42800,38950,coupe,automatic,355,911,125000,petrol,porsche,no,13.17
42801,1299,small car,manual,69,others,150000,diesel,suzuki,no,16.0
42802,3199,limousine,automatic,193,passat,90000,petrol,volkswagen,no,21.67
42804,2500,station wagon,automatic,109,3_reihe,150000,petrol,peugeot,no,15.75
42805,5650,limousine,manual,231,3er,150000,petrol,bmw,no,19.0
42806,15999,suv,automatic,256,touareg,150000,diesel,volkswagen,no,9.42
42807,7550,limousine,automatic,163,1er,70000,diesel,bmw,no,11.25
42808,1590,small car,manual,58,twingo,100000,petrol,renault,no,14.92
42811,7700,small car,manual,60,polo,80000,petrol,volkswagen,no,8.0
42812,8400,suv,manual,86,jimny,60000,petrol,suzuki,no,9.33
42813,1380,small car,manual,69,ka,80000,petrol,ford,no,12.33
42814,9890,bus,automatic,102,transporter,150000,diesel,volkswagen,no,20.75
42816,3000,station wagon,manual,75,meriva,150000,diesel,opel,no,14.5
42817,1200,small car,manual,60,fiesta,125000,petrol,ford,no,17.08
42819,2999,coupe,manual,163,c_klasse,150000,lpg,mercedes_benz,no,17.67
42820,1400,station wagon,automatic,165,a4,150000,petrol,audi,no,19.67
42821,2500,small car,manual,135,3_reihe,125000,petrol,peugeot,no,16.08
42822,28500,station wagon,manual,177,a4,40000,diesel,audi,no,5.67
42823,3690,small car,manual,60,c3,80000,petrol,citroen,no,14.92
42824,2899,coupe,manual,107,others,150000,diesel,peugeot,no,14.67
42825,2000,limousine,manual,116,3er,150000,petrol,bmw,no,17.5
42827,3650,limousine,manual,129,c_klasse,125000,petrol,mercedes_benz,no,18.42
42829,6666,cabrio,manual,109,2_reihe,80000,petrol,peugeot,no,12.58
42830,3600,station wagon,manual,152,6_reihe,150000,diesel,mazda,no,12.58
42832,600,small car,manual,58,agila,150000,petrol,opel,no,17.5
42835,23900,limousine,manual,140,a3,40000,petrol,audi,no,4.33
42836,1999,small car,manual,80,corsa,150000,petrol,opel,no,13.25
42837,1000,limousine,manual,140,3er,150000,petrol,bmw,no,22.33
42838,7400,small car,manual,80,micra,70000,petrol,nissan,no,7.0
42842,6150,limousine,manual,80,golf,125000,petrol,volkswagen,no,13.0
42843,19500,station wagon,manual,170,a4,100000,diesel,audi,no,7.83
42844,7950,station wagon,automatic,140,golf,150000,diesel,volkswagen,no,8.25
42845,5600,small car,manual,87,yaris,70000,petrol,toyota,no,12.0
42846,750,station wagon,manual,116,v40,150000,petrol,volvo,no,19.08
42848,4999,small car,automatic,90,yaris,125000,diesel,toyota,no,11.42
42849,1750,small car,automatic,102,a_klasse,150000,petrol,mercedes_benz,no,20.83
42852,2000,limousine,automatic,144,omega,150000,petrol,opel,no,19.0
42855,6222,small car,manual,116,cooper,125000,petrol,mini,no,12.25
42856,149,limousine,manual,75,golf,150000,petrol,volkswagen,yes,22.42
42857,12500,limousine,manual,145,5er,150000,petrol,bmw,no,44.5
42858,14200,coupe,automatic,272,others,150000,petrol,mercedes_benz,no,13.33
42859,450,small car,manual,54,seicento,150000,petrol,fiat,yes,17.25
42860,9750,station wagon,manual,105,golf,100000,diesel,volkswagen,no,6.17
42861,8599,limousine,manual,200,jetta,70000,petrol,volkswagen,no,13.0
42862,2000,small car,manual,80,corsa,125000,petrol,opel,yes,13.75
42863,2800,small car,manual,75,corsa,125000,petrol,opel,no,14.33
42866,2900,station wagon,manual,184,3er,150000,diesel,bmw,no,16.33
42870,3999,cabrio,manual,98,golf,150000,petrol,volkswagen,no,27.25
42871,20500,suv,automatic,240,touareg,70000,diesel,volkswagen,no,9.5
42872,9700,limousine,automatic,140,s_klasse,150000,petrol,mercedes_benz,no,47.92
42875,2850,station wagon,manual,103,megane,150000,diesel,renault,no,11.5
42876,5500,limousine,manual,170,5er,150000,petrol,bmw,no,15.67
42878,3000,coupe,manual,116,c_klasse,150000,diesel,mercedes_benz,no,16.83
42879,5300,limousine,automatic,340,a6,150000,petrol,audi,no,18.5
42880,3600,limousine,manual,116,3er,150000,diesel,bmw,no,16.0
42881,2990,limousine,automatic,75,golf,40000,petrol,volkswagen,no,34.75
42882,10499,station wagon,manual,140,mondeo,125000,diesel,ford,no,11.83
42883,13950,station wagon,automatic,184,e_klasse,90000,petrol,mercedes_benz,no,12.58
42884,3499,limousine,manual,131,toledo,150000,diesel,seat,no,15.67
42888,9500,suv,manual,129,grand,125000,diesel,suzuki,no,10.75
42889,4400,small car,manual,60,fabia,125000,petrol,skoda,no,9.83
42890,9999,station wagon,manual,200,octavia,150000,petrol,skoda,no,13.0
42891,5599,station wagon,automatic,143,3er,80000,petrol,bmw,no,15.42
42892,2850,limousine,manual,140,passat,150000,diesel,volkswagen,yes,13.5
42893,7700,bus,manual,130,sharan,150000,diesel,volkswagen,no,13.42
42894,990,limousine,manual,99,3er,125000,petrol,bmw,no,25.42
42896,5000,bus,automatic,120,espace,150000,diesel,renault,no,13.25
42897,3150,coupe,manual,163,clk,150000,petrol,mercedes_benz,no,18.75
42899,1500,limousine,manual,113,3er,150000,petrol,bmw,no,25.17
42900,9700,suv,manual,141,qashqai,150000,petrol,nissan,no,10.5
42902,1400,limousine,manual,90,passat,150000,diesel,volkswagen,no,21.42
42904,3000,station wagon,automatic,163,a6,150000,diesel,audi,no,16.75
42907,890,limousine,manual,90,80,150000,petrol,audi,no,27.5
42908,600,small car,manual,60,punto,125000,petrol,fiat,no,16.08
42909,16900,bus,manual,136,others,50000,diesel,volkswagen,no,8.0
42914,12499,limousine,automatic,170,superb,125000,diesel,skoda,no,7.83
42915,4950,limousine,manual,226,mondeo,125000,petrol,ford,no,15.25
42916,999,coupe,manual,116,calibra,150000,petrol,opel,no,27.83
42917,2190,station wagon,manual,150,octavia,150000,petrol,skoda,no,18.33
42918,300,bus,manual,122,others,150000,petrol,mitsubishi,yes,28.0
42919,500,small car,manual,60,polo,150000,petrol,volkswagen,no,22.83
42921,27500,station wagon,automatic,211,a4,60000,petrol,audi,no,7.58
42923,5500,limousine,manual,170,golf,150000,petrol,volkswagen,no,12.75
42924,1450,limousine,manual,125,a_klasse,150000,petrol,mercedes_benz,no,15.25
42925,1390,small car,manual,54,corsa,150000,petrol,opel,no,20.75
42926,6950,limousine,manual,163,1er,150000,diesel,bmw,no,12.83
42929,1500,limousine,manual,136,omega,150000,petrol,opel,no,21.42
42930,2850,limousine,manual,141,6_reihe,150000,petrol,mazda,no,15.67
42931,1450,station wagon,manual,116,passat,150000,diesel,volkswagen,yes,18.5
42934,1040,small car,manual,60,ka,125000,petrol,ford,no,14.0
42937,3000,limousine,automatic,193,c_klasse,150000,petrol,mercedes_benz,no,22.5
42938,5300,bus,manual,105,zafira,150000,petrol,opel,no,12.92
42939,21500,station wagon,manual,306,e_klasse,150000,petrol,mercedes_benz,no,14.5
42940,4099,cabrio,manual,136,2_reihe,150000,petrol,peugeot,no,12.25
42941,7290,small car,manual,69,polo,90000,petrol,volkswagen,no,7.25
42942,6299,small car,manual,80,corsa,100000,petrol,opel,no,10.92
42943,16000,bus,manual,174,transporter,150000,diesel,volkswagen,no,11.25
42944,4790,small car,automatic,45,fortwo,100000,diesel,smart,no,10.33
42948,14790,small car,automatic,122,cooper,50000,petrol,mini,no,9.0
42950,590,station wagon,manual,75,astra,150000,petrol,opel,no,21.75
42951,9850,limousine,manual,150,x_reihe,150000,diesel,bmw,no,13.42
42952,11000,suv,manual,140,tiguan,150000,diesel,volkswagen,no,10.5
42953,2100,station wagon,automatic,163,v40,150000,petrol,volvo,no,16.17
42954,6800,bus,manual,90,vivaro,150000,diesel,opel,no,11.0
42955,31000,cabrio,automatic,184,slk,40000,petrol,mercedes_benz,no,4.08
42956,3200,bus,manual,101,touran,150000,diesel,volkswagen,no,14.17
42957,1300,coupe,manual,75,astra,150000,petrol,opel,no,19.08
42958,500,small car,manual,45,corsa,150000,petrol,opel,no,24.08
42959,1750,limousine,manual,118,3er,150000,petrol,bmw,no,21.0
42963,3999,limousine,automatic,179,a6,150000,diesel,audi,no,18.42
42964,2600,small car,manual,60,fiesta,60000,petrol,ford,yes,7.33
42965,7050,station wagon,manual,190,octavia,150000,diesel,skoda,no,11.58
42966,7099,small car,manual,87,corsa,60000,petrol,opel,yes,6.33
42968,1599,limousine,manual,101,zafira,150000,diesel,opel,no,18.92
42970,400,limousine,manual,101,vectra,150000,petrol,opel,no,22.92
42973,7199,limousine,manual,80,golf,100000,petrol,volkswagen,no,10.5
42975,2499,small car,manual,75,corsa,90000,petrol,opel,no,16.33
42976,8000,limousine,manual,116,1er,150000,diesel,bmw,no,9.58
42977,1200,station wagon,manual,90,a4,150000,diesel,audi,no,20.5
42978,380,small car,manual,58,twingo,125000,petrol,renault,yes,14.75
42979,14500,suv,manual,143,x_reihe,125000,diesel,bmw,no,9.33
42983,8900,station wagon,manual,150,a3,60000,petrol,audi,no,12.33
42984,1990,station wagon,manual,101,focus,150000,petrol,ford,no,13.17
42986,2950,station wagon,manual,122,v40,150000,petrol,volvo,no,16.92
42987,2400,station wagon,manual,75,2_reihe,150000,petrol,peugeot,no,12.75
42989,7950,limousine,manual,95,a_klasse,80000,petrol,mercedes_benz,no,9.5
42990,850,coupe,manual,54,polo,150000,petrol,volkswagen,no,25.67
42991,3600,small car,manual,75,others,30000,petrol,mazda,yes,15.58
42992,2300,small car,manual,60,corsa,150000,petrol,opel,no,11.33
42993,1300,station wagon,manual,101,focus,150000,petrol,ford,no,15.17
42994,13999,cabrio,manual,126,mx_reihe,70000,petrol,mazda,no,8.33
42995,2000,limousine,manual,125,a3,150000,petrol,audi,yes,19.08
42996,34700,limousine,automatic,184,q3,30000,diesel,audi,no,3.25
42997,1999,limousine,automatic,170,5er,150000,petrol,bmw,no,22.67
42998,1700,station wagon,automatic,150,5er,150000,petrol,bmw,no,20.25
43000,3850,bus,manual,77,doblo,150000,petrol,fiat,no,10.25
43001,16990,limousine,automatic,136,1er,50000,petrol,bmw,no,6.0
43003,9500,station wagon,automatic,105,caddy,100000,diesel,volkswagen,no,11.5
43004,10500,bus,automatic,163,grand,150000,diesel,chrysler,no,7.08
43006,4790,small car,manual,68,c1,20000,petrol,citroen,no,9.83
43008,3500,coupe,automatic,163,c_klasse,150000,petrol,mercedes_benz,no,17.92
43011,550,small car,manual,75,corsa,150000,petrol,opel,yes,15.42
43013,1400,bus,manual,140,others,150000,petrol,renault,no,19.67
43015,4400,suv,manual,140,sorento,150000,diesel,kia,no,14.42
43016,2500,station wagon,manual,163,a6,150000,diesel,audi,no,15.33
43017,13990,bus,automatic,140,sharan,150000,diesel,volkswagen,no,6.08
43018,700,limousine,manual,75,astra,150000,petrol,opel,no,20.0
43019,13800,cabrio,manual,160,a3,60000,petrol,audi,no,11.0
43021,11800,limousine,manual,170,passat,150000,diesel,volkswagen,no,8.33
43022,8250,small car,manual,82,fiesta,50000,petrol,ford,no,6.42
43023,2999,limousine,manual,136,focus,150000,diesel,ford,no,12.17
43024,750,limousine,automatic,170,vectra,150000,petrol,opel,yes,19.92
43025,14500,limousine,manual,136,c_klasse,125000,diesel,mercedes_benz,no,8.08
43026,5200,limousine,manual,120,c4,125000,petrol,citroen,no,9.67
43027,12900,limousine,automatic,218,x_reihe,150000,diesel,bmw,no,12.67
43028,7500,bus,manual,125,altea,90000,petrol,seat,no,10.33
43029,2400,suv,manual,103,scenic,150000,petrol,renault,no,18.5
43030,1590,small car,manual,60,micra,150000,petrol,nissan,no,17.17
43031,5500,limousine,manual,193,3er,150000,petrol,bmw,no,20.42
43033,6499,limousine,automatic,258,a6,150000,petrol,audi,no,10.08
43034,6950,coupe,manual,98,one,80000,petrol,mini,no,10.92
43037,1450,station wagon,manual,116,focus,150000,diesel,ford,no,16.25
43039,650,limousine,manual,150,5er,150000,petrol,bmw,no,27.33
43040,22900,cabrio,automatic,190,sl,70000,petrol,mercedes_benz,no,26.33
43046,9900,station wagon,manual,170,3er,125000,petrol,bmw,no,10.33
43047,3250,coupe,manual,116,3er,150000,petrol,bmw,no,15.25
43049,1200,limousine,manual,82,almera,150000,diesel,nissan,yes,15.58
43050,7900,coupe,automatic,136,others,150000,petrol,mercedes_benz,no,37.25
43053,5800,bus,manual,105,touran,125000,petrol,volkswagen,no,13.92
43054,10000,limousine,manual,152,a3,100000,petrol,audi,no,10.0
43055,2950,limousine,manual,125,golf,150000,petrol,volkswagen,no,18.25
43056,17400,limousine,manual,143,x_reihe,40000,diesel,bmw,no,7.58
43057,2300,bus,automatic,126,others,125000,petrol,kia,no,15.42
43058,4890,small car,manual,116,cooper,150000,petrol,mini,no,14.67
43059,4700,limousine,manual,125,5er,150000,petrol,bmw,no,35.17
43062,1399,small car,manual,58,twingo,100000,petrol,renault,no,14.42
43063,1250,limousine,manual,109,others,150000,petrol,mercedes_benz,no,27.5
43064,3600,small car,manual,60,2_reihe,50000,petrol,peugeot,no,12.17
43065,550,limousine,manual,150,others,150000,petrol,saab,yes,20.17
43066,1450,station wagon,manual,70,fabia,150000,petrol,skoda,no,16.67
43067,8950,coupe,manual,75,others,100000,petrol,opel,no,40.83
43068,11900,limousine,manual,120,others,30000,petrol,suzuki,no,6.25
43070,1600,station wagon,manual,141,6_reihe,150000,petrol,mazda,no,15.67
43072,1900,limousine,automatic,122,others,150000,petrol,mercedes_benz,no,26.17
43073,2800,suv,manual,125,others,150000,diesel,nissan,no,19.42
43074,9999,limousine,automatic,306,e_klasse,150000,petrol,mercedes_benz,no,15.67
43076,9999,cabrio,automatic,192,3er,100000,petrol,bmw,no,15.5
43078,6900,station wagon,manual,109,others,90000,petrol,peugeot,no,9.5
43080,2500,small car,manual,75,polo,125000,petrol,volkswagen,no,18.75
43081,9399,bus,manual,143,s_max,150000,diesel,ford,no,10.33
43082,2625,bus,manual,135,vivaro,150000,diesel,opel,no,13.25
43083,6499,station wagon,automatic,150,e_klasse,150000,diesel,mercedes_benz,no,13.42
43085,19990,coupe,automatic,231,others,150000,petrol,mercedes_benz,no,35.08
43086,13999,coupe,automatic,170,a5,150000,petrol,audi,no,10.75
43087,7490,limousine,automatic,163,e_klasse,150000,petrol,mercedes_benz,no,15.17
43088,5800,small car,manual,88,note,80000,petrol,nissan,no,10.67
43090,4800,small car,manual,116,cooper,100000,petrol,mini,no,17.0
43091,2900,station wagon,manual,116,3er,150000,petrol,bmw,no,16.42
43096,9990,bus,automatic,140,golf,70000,diesel,volkswagen,no,10.67
43097,6900,station wagon,manual,105,fabia,150000,diesel,skoda,no,9.17
43098,400,limousine,manual,125,a4,150000,petrol,audi,yes,22.83
43099,1300,small car,manual,60,polo,150000,petrol,volkswagen,no,21.25
43100,999,coupe,manual,136,calibra,150000,petrol,opel,yes,21.92
43101,4000,limousine,automatic,204,others,150000,petrol,opel,no,27.58
43103,1400,limousine,manual,105,others,150000,petrol,hyundai,no,12.5
43104,190,small car,manual,90,3_reihe,150000,petrol,mazda,no,23.0
43110,400,small car,manual,60,micra,150000,petrol,nissan,no,17.0
43111,4500,limousine,automatic,170,5er,150000,petrol,bmw,no,16.5
43112,20500,coupe,automatic,197,3er,125000,diesel,bmw,no,9.75
43113,10990,limousine,manual,140,astra,40000,petrol,opel,no,8.25
43115,6750,limousine,manual,116,astra,100000,petrol,opel,no,10.58
43116,5700,cabrio,manual,140,others,125000,petrol,toyota,no,18.33
43117,4900,small car,manual,86,micra,70000,diesel,nissan,no,11.67
43118,3800,station wagon,manual,231,3er,150000,petrol,bmw,no,18.58
43119,12500,cabrio,manual,272,slk,90000,petrol,mercedes_benz,no,14.92
43121,14899,limousine,manual,105,golf,125000,diesel,volkswagen,no,6.58
43123,9500,station wagon,automatic,140,passat,150000,diesel,volkswagen,no,10.33
43126,12499,small car,manual,87,others,10000,petrol,opel,no,4.75
43127,999,limousine,manual,75,golf,150000,petrol,volkswagen,no,20.0
43128,25800,cabrio,automatic,211,a5,125000,petrol,audi,no,8.67
43129,19900,bus,automatic,150,viano,150000,diesel,mercedes_benz,no,8.83
43131,500,small car,manual,50,arosa,125000,petrol,seat,yes,20.58
43132,1750,small car,manual,69,ka,60000,petrol,ford,no,11.5
43133,22000,cabrio,automatic,140,golf,20000,diesel,volkswagen,no,5.42
43134,300,station wagon,manual,133,galant,150000,petrol,mitsubishi,yes,17.17
43136,4700,station wagon,manual,105,passat,150000,diesel,volkswagen,no,12.83
43137,3900,suv,automatic,197,others,100000,petrol,mazda,no,16.25
43138,4950,station wagon,automatic,150,a4,150000,diesel,audi,no,18.58
43139,1200,station wagon,manual,170,5er,150000,petrol,bmw,no,21.67
43140,9990,station wagon,manual,122,passat,90000,petrol,volkswagen,no,10.0
43141,17890,limousine,automatic,211,golf,90000,petrol,volkswagen,no,8.42
43143,16500,coupe,manual,120,others,5000,petrol,mercedes_benz,no,54.17
43145,5900,coupe,automatic,166,others,100000,petrol,alfa_romeo,no,13.17
43146,1350,limousine,manual,109,berlingo,150000,petrol,citroen,no,16.17
43147,850,limousine,manual,101,golf,150000,petrol,volkswagen,no,19.42
43148,12500,cabrio,automatic,224,clk,150000,diesel,mercedes_benz,no,12.08
43149,1599,coupe,manual,116,beetle,150000,petrol,volkswagen,no,19.92
43151,4700,limousine,automatic,163,c_klasse,90000,petrol,mercedes_benz,no,16.33
43154,4900,limousine,manual,97,corolla,80000,petrol,toyota,no,11.17
43155,2000,limousine,manual,143,3er,150000,petrol,bmw,yes,15.92
43156,10790,limousine,automatic,150,e_klasse,150000,diesel,mercedes_benz,no,12.25
43157,1350,small car,manual,43,agila,150000,petrol,opel,no,18.83
43158,5800,small car,manual,75,swift,90000,diesel,suzuki,no,10.33
43159,750,limousine,manual,75,golf,150000,petrol,volkswagen,no,19.17
43160,3999,bus,manual,135,others,150000,petrol,renault,no,14.25
43161,5700,small car,manual,75,corsa,125000,diesel,opel,no,7.0
43163,7200,station wagon,manual,140,golf,150000,diesel,volkswagen,no,11.83
43166,12950,limousine,automatic,136,others,150000,diesel,mercedes_benz,no,8.92
43168,19750,cabrio,manual,105,beetle,20000,petrol,volkswagen,no,5.58
43169,2900,limousine,manual,105,bora,150000,petrol,volkswagen,no,16.42
43170,2190,small car,manual,65,micra,150000,petrol,nissan,no,12.08
43171,3600,cabrio,automatic,150,3er,150000,lpg,bmw,no,22.17
43172,4005,limousine,automatic,140,passat,150000,diesel,volkswagen,no,10.17
43174,10900,station wagon,automatic,354,c_klasse,150000,petrol,mercedes_benz,no,16.58
43176,1500,small car,manual,90,corsa,150000,petrol,opel,no,15.5
43177,600,small car,manual,45,corsa,50000,petrol,opel,no,26.92
43178,26500,suv,automatic,163,kuga,40000,diesel,ford,no,4.25
43180,13900,cabrio,automatic,224,clk,125000,diesel,mercedes_benz,no,11.67
43181,8900,cabrio,manual,145,focus,70000,petrol,ford,no,11.92
43182,2800,cabrio,automatic,179,others,150000,petrol,chrysler,no,18.83
43183,799,cabrio,manual,95,megane,150000,petrol,renault,no,19.5
43185,6700,limousine,manual,102,a3,150000,petrol,audi,no,12.17
43186,31500,limousine,automatic,235,s_klasse,150000,diesel,mercedes_benz,no,8.67
43187,1649,limousine,manual,75,golf,150000,petrol,volkswagen,no,16.58
43188,590,limousine,manual,122,nubira,125000,petrol,daewoo,yes,14.83
43189,4890,small car,manual,75,golf,125000,petrol,volkswagen,no,13.08
43190,1000,limousine,manual,101,vectra,150000,petrol,opel,yes,21.42
43191,1699,station wagon,manual,122,c_klasse,150000,petrol,mercedes_benz,no,20.25
43193,4000,cabrio,manual,125,tigra,150000,petrol,opel,no,14.92
43194,2000,limousine,manual,105,3er,150000,petrol,bmw,no,20.0
43195,1000,small car,manual,75,colt,150000,petrol,mitsubishi,no,19.75
43200,11400,station wagon,manual,180,a6,150000,diesel,audi,no,10.75
43202,5000,bus,manual,116,sharan,150000,diesel,volkswagen,no,12.42
43203,10750,cabrio,manual,150,3er,70000,petrol,bmw,no,13.42
43204,27900,cabrio,manual,258,z_reihe,80000,petrol,bmw,no,8.25
43206,1500,limousine,manual,75,golf,150000,petrol,volkswagen,no,20.25
43208,2450,station wagon,manual,150,astra,150000,diesel,opel,no,13.25
43209,2999,limousine,manual,118,3er,150000,petrol,bmw,no,20.0
43210,5200,limousine,automatic,102,golf,80000,petrol,volkswagen,no,14.67
43211,7699,limousine,automatic,218,7er,150000,diesel,bmw,no,14.92
43212,799,limousine,manual,101,golf,150000,petrol,volkswagen,no,20.08
43213,1650,bus,manual,60,berlingo,150000,petrol,citroen,no,14.67
43215,21000,station wagon,automatic,258,5er,150000,diesel,bmw,no,7.0
43216,8700,bus,automatic,140,touran,150000,diesel,volkswagen,no,10.42
43217,4500,small car,manual,69,corsa,70000,petrol,opel,no,7.25
43218,8999,suv,manual,110,others,150000,diesel,nissan,no,35.42
43219,2300,bus,manual,144,carnival,150000,diesel,kia,no,12.5
43220,870,limousine,manual,101,passat,150000,petrol,volkswagen,no,18.83
43222,500,station wagon,manual,75,2_reihe,150000,petrol,peugeot,yes,15.5
43223,1150,station wagon,manual,120,omega,150000,diesel,opel,yes,16.5
43224,7700,limousine,automatic,179,others,150000,diesel,audi,no,13.0
43225,8799,limousine,manual,200,jetta,70000,petrol,volkswagen,no,14.0
43226,2150,limousine,manual,90,civic,125000,petrol,honda,no,17.67
43227,2500,cabrio,manual,136,3_reihe,125000,petrol,peugeot,no,13.42
43228,4000,station wagon,automatic,197,e_klasse,150000,diesel,mercedes_benz,no,17.75
43230,20500,coupe,manual,295,others,150000,petrol,porsche,no,12.25
43231,1900,small car,manual,82,clio,150000,diesel,renault,no,13.67
43232,4200,station wagon,manual,226,mondeo,125000,petrol,ford,no,15.17
43233,6900,bus,automatic,79,modus,50000,petrol,renault,no,8.42
43234,8500,station wagon,manual,177,5er,150000,diesel,bmw,no,12.17
43235,2490,limousine,manual,101,a4,150000,petrol,audi,no,18.83
43239,14100,station wagon,automatic,170,c_klasse,125000,diesel,mercedes_benz,no,10.42
43242,13300,station wagon,automatic,218,3er,125000,petrol,bmw,no,11.58
43243,1450,station wagon,manual,90,others,150000,petrol,honda,no,18.92
43244,1200,small car,manual,75,corsa,150000,petrol,opel,no,18.0
43246,8500,station wagon,automatic,140,a4,150000,diesel,audi,no,10.08
43247,3380,limousine,manual,102,a3,150000,petrol,audi,no,15.5
43248,1950,limousine,manual,75,astra,125000,petrol,opel,no,19.58
43251,1700,limousine,manual,131,primera,150000,petrol,nissan,no,19.83
43256,4321,station wagon,automatic,224,e_klasse,150000,lpg,mercedes_benz,yes,14.17
43258,24400,station wagon,manual,150,golf,20000,diesel,volkswagen,no,3.25
43259,1600,cabrio,manual,75,golf,150000,petrol,volkswagen,yes,20.17
43260,3999,limousine,automatic,150,147,150000,petrol,alfa_romeo,no,13.5
43261,2500,station wagon,manual,73,1_reihe,125000,petrol,peugeot,no,12.17
43262,1200,small car,automatic,41,fortwo,150000,diesel,smart,no,18.83
43264,26000,coupe,automatic,239,a5,90000,diesel,audi,no,9.67
43265,5490,limousine,manual,75,colt,80000,petrol,mitsubishi,no,8.25
43266,13900,coupe,automatic,288,others,70000,petrol,chevrolet,no,18.5
43268,1200,station wagon,manual,116,vectra,150000,petrol,opel,no,19.5
43269,8500,small car,manual,120,cooper,80000,petrol,mini,no,10.0
43272,3800,limousine,manual,75,golf,150000,petrol,volkswagen,no,14.83
43273,1333,limousine,manual,101,golf,150000,petrol,volkswagen,no,21.0
43276,15500,station wagon,manual,170,a4,20000,diesel,audi,no,7.25
43278,2399,station wagon,manual,109,focus,150000,diesel,ford,no,12.67
43279,2099,limousine,manual,105,others,150000,petrol,bmw,no,19.08
43281,3490,small car,manual,75,punto,150000,diesel,fiat,no,12.75
43282,850,small car,manual,45,corsa,150000,petrol,opel,no,24.0
43284,1800,station wagon,manual,116,mondeo,150000,diesel,ford,yes,13.33
43287,4500,small car,manual,75,fox,50000,petrol,volkswagen,no,10.92
43288,15000,suv,manual,122,defender,10000,diesel,land_rover,no,8.83
43289,11999,bus,manual,117,others,150000,diesel,toyota,no,8.58
43294,2250,small car,manual,80,fiesta,150000,petrol,ford,no,14.17
43296,1750,limousine,manual,101,bora,150000,petrol,volkswagen,no,19.0
43297,8330,bus,manual,109,sprinter,150000,diesel,mercedes_benz,no,10.58
43299,1000,station wagon,manual,101,focus,150000,petrol,ford,no,18.42
43301,13300,limousine,manual,157,c_klasse,150000,petrol,mercedes_benz,no,10.75
43302,3499,small car,manual,111,clio,125000,petrol,renault,no,11.58
43303,11500,limousine,manual,150,3er,125000,petrol,bmw,no,13.42
43305,16200,small car,manual,86,a1,20000,petrol,audi,no,4.75
43306,8999,limousine,automatic,230,x_type,125000,petrol,jaguar,no,16.25
43307,11490,cabrio,manual,156,3_reihe,80000,petrol,peugeot,no,7.33
43308,3500,limousine,manual,122,c_klasse,80000,petrol,mercedes_benz,no,20.17
43310,7990,limousine,manual,143,1er,125000,diesel,bmw,no,11.42
43311,7500,station wagon,automatic,179,v50,150000,diesel,volvo,no,11.5
43312,4400,limousine,manual,101,a3,150000,lpg,audi,no,15.83
43313,1600,limousine,manual,170,5er,150000,lpg,bmw,no,22.25
43314,22999,cabrio,automatic,245,3er,150000,diesel,bmw,no,7.25
43315,9500,coupe,automatic,204,4_reihe,150000,diesel,peugeot,no,12.0
43316,16500,bus,automatic,140,meriva,10000,petrol,opel,no,3.42
43318,19900,limousine,manual,184,3er,150000,diesel,bmw,no,7.0
43319,7000,station wagon,automatic,170,c_klasse,150000,petrol,mercedes_benz,no,13.17
43320,7000,limousine,manual,109,focus,150000,diesel,ford,no,8.25
43321,800,limousine,manual,102,c_klasse,150000,diesel,mercedes_benz,no,18.17
43323,3150,bus,manual,64,others,150000,diesel,seat,no,18.92
43325,11500,small car,manual,117,juke,40000,petrol,nissan,no,5.25
43328,8200,limousine,manual,177,a6,125000,petrol,audi,no,14.42
43329,4799,bus,manual,150,altea,150000,petrol,seat,no,13.75
43330,420,small car,manual,49,micra,150000,petrol,nissan,no,20.67
43331,5600,small car,manual,105,polo,125000,petrol,volkswagen,no,12.75
43333,850,small car,manual,60,golf,150000,petrol,volkswagen,no,22.83
43334,250,small car,manual,55,punto,150000,petrol,fiat,no,24.58
43335,2999,limousine,manual,166,6_reihe,150000,petrol,mazda,no,16.58
43336,7200,cabrio,manual,87,others,60000,petrol,daihatsu,no,12.67
43338,3400,limousine,manual,110,golf,150000,petrol,volkswagen,no,15.25
43339,600,small car,manual,60,corsa,125000,petrol,opel,no,22.25
43340,3700,small car,automatic,75,polo,100000,petrol,volkswagen,no,15.67
43342,13990,station wagon,manual,197,3er,150000,diesel,bmw,no,10.33
43343,800,limousine,manual,101,vectra,150000,petrol,opel,no,21.83
43345,680,limousine,manual,90,a_klasse,150000,diesel,mercedes_benz,no,19.42
43347,4500,small car,manual,69,polo,100000,petrol,volkswagen,no,9.17
43350,2650,limousine,automatic,150,a6,150000,petrol,audi,no,19.08
43351,3500,station wagon,manual,130,passat,150000,diesel,volkswagen,yes,14.5
43353,6200,cabrio,manual,170,a4,150000,petrol,audi,no,16.75
43354,2290,small car,manual,60,c2,150000,petrol,citroen,no,14.58
43355,4900,suv,manual,138,sorento,150000,lpg,kia,no,14.75
43357,3700,limousine,manual,143,c_klasse,150000,petrol,mercedes_benz,no,16.58
43358,6500,coupe,automatic,150,c_klasse,150000,diesel,mercedes_benz,no,12.25
43359,13790,coupe,manual,218,3er,125000,petrol,bmw,no,13.0
43360,3800,station wagon,automatic,150,passat,5000,petrol,volkswagen,no,15.75
43361,4200,station wagon,manual,101,astra,150000,diesel,opel,no,11.67
43366,2999,limousine,manual,116,beetle,80000,petrol,volkswagen,no,19.17
43369,4700,coupe,manual,125,others,70000,petrol,porsche,no,40.25
43372,2005,station wagon,manual,105,touran,150000,diesel,volkswagen,no,13.58
43374,16400,station wagon,manual,170,c_klasse,125000,diesel,mercedes_benz,no,8.58
43377,24500,limousine,automatic,140,superb,10000,diesel,skoda,no,3.25
43379,1999,bus,manual,68,modus,150000,diesel,renault,no,13.5
43380,24400,bus,manual,140,alhambra,30000,diesel,seat,no,6.0
43383,200,small car,manual,60,ka,150000,petrol,ford,no,17.42
43385,2000,small car,manual,101,a3,90000,petrol,audi,no,20.5
43387,400,limousine,manual,90,80,150000,petrol,audi,yes,29.0
43388,11449,station wagon,manual,86,roomster,20000,petrol,skoda,no,4.25
43389,14250,limousine,manual,143,1er,150000,diesel,bmw,no,7.0
43390,15000,station wagon,manual,140,ibiza,20000,petrol,seat,no,4.92
43391,5250,small car,manual,86,agila,80000,petrol,opel,no,10.58
43394,3950,bus,manual,60,transporter,150000,petrol,volkswagen,no,30.33
43396,6900,coupe,manual,116,astra,100000,petrol,opel,no,9.42
43397,1200,small car,manual,54,seicento,150000,petrol,fiat,no,14.33
43398,2500,small car,manual,75,sandero,125000,petrol,dacia,no,9.42
43402,1599,limousine,manual,118,3er,150000,petrol,bmw,no,20.5
43403,100,small car,manual,45,fiesta,150000,petrol,ford,yes,23.0
43405,2000,station wagon,manual,120,laguna,150000,diesel,renault,no,14.42
43410,2450,cabrio,manual,109,2_reihe,150000,petrol,peugeot,no,16.17
43411,6900,station wagon,manual,190,accord,150000,petrol,honda,no,12.58
43412,7950,cabrio,manual,160,mx_reihe,5000,petrol,mazda,no,12.67
43413,8650,limousine,manual,140,lancer,125000,diesel,mitsubishi,no,8.42
43415,1950,small car,manual,58,clio,100000,petrol,renault,no,13.17
43418,6200,limousine,manual,126,auris,125000,diesel,toyota,no,11.42
43419,650,coupe,manual,101,3er,150000,petrol,bmw,yes,21.33
43421,3999,cabrio,automatic,193,3er,150000,petrol,bmw,no,21.17
43423,7499,station wagon,manual,143,c_klasse,150000,petrol,mercedes_benz,no,12.25
43424,650,station wagon,manual,75,astra,150000,petrol,opel,yes,26.83
43425,3600,bus,automatic,105,touran,150000,diesel,volkswagen,no,16.0
43426,7300,limousine,automatic,166,6_reihe,125000,petrol,mazda,no,11.33
43427,10300,cabrio,manual,218,spider,50000,petrol,alfa_romeo,no,16.5
43428,4555,station wagon,manual,136,3_reihe,150000,diesel,peugeot,no,11.75
43430,3900,small car,manual,69,ka,50000,petrol,ford,no,10.0
43431,14500,cabrio,manual,122,cooper,50000,petrol,mini,no,8.33
43432,2650,limousine,automatic,298,s_type,150000,petrol,jaguar,no,16.42
43433,1000,small car,manual,75,2_reihe,150000,petrol,peugeot,yes,16.17
43435,3300,small car,manual,75,polo,150000,petrol,volkswagen,no,15.5
43437,27400,bus,automatic,170,sharan,60000,diesel,volkswagen,no,6.67
43438,5800,station wagon,automatic,179,a6,150000,diesel,audi,no,12.5
43439,8350,limousine,manual,80,golf,80000,petrol,volkswagen,no,9.42
43442,1450,bus,manual,90,berlingo,150000,diesel,citroen,no,17.83
43443,1700,bus,manual,65,doblo,150000,petrol,fiat,no,17.67
43444,1950,small car,manual,98,clio,150000,petrol,renault,no,15.0
43447,2499,limousine,manual,101,a3,125000,petrol,audi,no,19.83
43448,7900,station wagon,manual,131,a4,150000,petrol,audi,no,12.58
43449,11400,station wagon,manual,170,a3,150000,diesel,audi,no,11.92
43450,22990,limousine,automatic,340,s_klasse,125000,petrol,mercedes_benz,no,10.33
43451,2800,limousine,manual,165,a6,150000,petrol,audi,no,21.83
43452,9900,suv,automatic,179,santa,150000,diesel,hyundai,no,12.58
43454,2300,station wagon,automatic,170,c_klasse,150000,diesel,mercedes_benz,yes,15.17
43455,7600,limousine,manual,122,golf,125000,petrol,volkswagen,no,10.0
43456,21900,station wagon,automatic,170,a6,100000,diesel,audi,no,7.25
43457,1500,limousine,manual,131,omega,150000,diesel,opel,no,21.08
43458,7500,station wagon,automatic,204,e_klasse,150000,diesel,mercedes_benz,no,13.33
43459,1100,limousine,manual,150,5er,150000,petrol,bmw,no,26.08
43460,150,small car,manual,60,polo,150000,petrol,volkswagen,yes,20.42
43461,2600,small car,manual,131,ibiza,150000,diesel,seat,no,15.17
43462,1999,station wagon,manual,163,5er,150000,diesel,bmw,no,17.58
43464,10500,limousine,automatic,150,qashqai,150000,diesel,nissan,no,11.75
43466,18000,suv,manual,140,kuga,60000,diesel,ford,no,6.83
43467,2000,coupe,automatic,218,others,150000,petrol,mercedes_benz,no,20.58
43468,1300,limousine,manual,105,golf,150000,petrol,volkswagen,no,17.83
43470,12700,limousine,manual,156,c_klasse,30000,petrol,mercedes_benz,no,10.83
43473,23500,coupe,manual,295,others,40000,petrol,porsche,no,11.33
43474,400,small car,manual,60,fiesta,150000,petrol,ford,no,21.42
43475,1900,small car,manual,136,2_reihe,150000,petrol,peugeot,no,17.08
43476,8499,coupe,automatic,204,4_reihe,150000,diesel,peugeot,no,11.33
43477,6399,limousine,manual,109,3_reihe,125000,diesel,mazda,no,9.0
43478,11980,bus,manual,116,5_reihe,100000,diesel,mazda,no,7.75
43480,400,limousine,manual,75,astra,150000,petrol,opel,no,19.42
43481,9000,station wagon,automatic,197,5er,150000,diesel,bmw,no,11.42
43484,550,limousine,manual,122,c_klasse,150000,petrol,mercedes_benz,no,22.67
43485,7000,limousine,manual,126,ceed,60000,petrol,kia,no,9.17
43486,450,station wagon,manual,115,passat,150000,diesel,volkswagen,yes,21.58
43487,1999,coupe,manual,150,3er,150000,diesel,bmw,no,17.5
43488,6400,station wagon,manual,170,octavia,150000,diesel,skoda,no,10.25
43489,899,station wagon,manual,75,others,150000,petrol,peugeot,no,17.33
43491,14200,station wagon,automatic,170,a3,125000,diesel,audi,no,10.83
43492,1299,bus,manual,75,combo,150000,diesel,opel,no,16.42
43493,7499,small car,manual,82,fiesta,50000,petrol,ford,no,8.83
43494,5600,bus,manual,140,zafira,100000,petrol,opel,no,12.25
43495,1150,small car,manual,101,a3,150000,petrol,audi,no,18.42
43496,8750,station wagon,manual,180,a6,150000,diesel,audi,no,13.0
43497,2750,station wagon,manual,136,passat,150000,diesel,volkswagen,no,14.42
43498,34950,limousine,automatic,230,golf,20000,petrol,volkswagen,no,3.92
43499,6700,station wagon,manual,95,2_reihe,40000,petrol,peugeot,no,11.0
43501,2400,cabrio,manual,116,others,150000,petrol,audi,no,24.58
43503,9999,station wagon,automatic,272,5er,150000,diesel,bmw,no,13.58
43504,3250,small car,manual,77,others,125000,petrol,fiat,no,12.92
43505,8650,coupe,automatic,362,others,30000,petrol,mitsubishi,no,10.75
43506,3300,small car,manual,90,a3,150000,diesel,audi,no,18.08
43508,3999,limousine,manual,75,others,150000,diesel,mercedes_benz,no,26.33
43509,3200,bus,manual,116,verso,150000,diesel,toyota,no,14.67
43510,1500,small car,manual,80,fiesta,150000,petrol,ford,no,14.42
43511,1149,station wagon,manual,75,astra,150000,petrol,opel,no,19.0
43515,8700,limousine,manual,150,x_reihe,150000,diesel,bmw,no,13.33
43516,24999,coupe,automatic,286,3er,150000,diesel,bmw,no,9.5
43517,11600,cabrio,automatic,231,3er,125000,petrol,bmw,no,13.83
43519,500,limousine,manual,60,golf,150000,petrol,volkswagen,no,22.92
43522,8999,station wagon,automatic,197,5er,150000,diesel,bmw,no,10.75
43523,5500,station wagon,manual,143,3er,150000,diesel,bmw,yes,10.25
43524,1100,limousine,manual,75,astra,150000,petrol,opel,no,20.92
43525,11800,station wagon,automatic,170,passat,150000,diesel,volkswagen,no,10.92
43526,4444,cabrio,manual,98,golf,150000,petrol,volkswagen,no,28.0
43527,995,bus,manual,107,scenic,150000,petrol,renault,no,19.83
43530,1999,small car,manual,75,corsa,150000,petrol,opel,no,15.17
43531,900,small car,manual,60,1_reihe,150000,petrol,peugeot,no,17.67
43532,1500,bus,manual,101,zafira,150000,diesel,opel,no,18.92
43534,990,small car,manual,58,others,125000,petrol,hyundai,no,17.58
43535,2399,station wagon,automatic,170,c_klasse,150000,petrol,mercedes_benz,no,16.0
43536,2200,limousine,automatic,230,a8,150000,petrol,audi,no,23.83
43538,1899,small car,manual,75,ibiza,150000,petrol,seat,no,15.92
43539,6550,limousine,manual,110,golf,150000,diesel,volkswagen,no,9.25
43540,700,bus,manual,101,zafira,150000,petrol,opel,yes,19.92
43542,10500,bus,manual,151,transporter,150000,diesel,volkswagen,no,18.5
43543,10900,bus,automatic,140,transporter,150000,lpg,volkswagen,no,23.0
43545,800,small car,manual,58,corsa,150000,petrol,opel,yes,16.33
43546,250,limousine,manual,75,cordoba,150000,petrol,seat,no,23.67
43547,3500,limousine,manual,101,golf,150000,diesel,volkswagen,no,15.83
43549,26850,limousine,manual,136,3er,5000,petrol,bmw,no,3.42
43550,4590,others,manual,109,vito,150000,diesel,mercedes_benz,no,12.17
43551,12950,coupe,automatic,200,scirocco,125000,petrol,volkswagen,no,11.0
43552,18000,bus,manual,140,touran,70000,diesel,volkswagen,no,6.17
43553,7999,limousine,manual,143,1er,150000,diesel,bmw,no,10.58
43557,990,bus,manual,54,kangoo,150000,diesel,renault,no,16.67
43558,1300,limousine,manual,60,golf,150000,petrol,volkswagen,no,21.25
43559,9870,small car,manual,90,sandero,30000,petrol,dacia,no,4.25
43560,150,small car,manual,39,seicento,150000,petrol,fiat,yes,20.0
43561,5555,cabrio,automatic,197,slk,150000,petrol,mercedes_benz,no,14.25
43564,6000,limousine,manual,95,colt,40000,petrol,mitsubishi,no,8.42
43565,5999,limousine,manual,122,3er,150000,diesel,bmw,no,12.67
43566,250,small car,manual,75,corsa,150000,petrol,opel,no,21.67
43567,1350,bus,manual,107,scenic,150000,petrol,renault,no,15.25
43568,22390,suv,manual,120,cr_reihe,20000,diesel,honda,no,4.42
43569,250,small car,manual,58,twingo,125000,petrol,renault,yes,17.0
43570,2999,limousine,manual,103,others,125000,petrol,fiat,no,19.25
43571,2499,small car,manual,60,c2,80000,petrol,citroen,no,12.25
43572,17400,limousine,automatic,99,auris,40000,hybrid,toyota,no,4.83
43573,12000,station wagon,manual,143,a4,150000,diesel,audi,no,9.33
43575,900,limousine,manual,118,3er,150000,petrol,bmw,yes,19.17
43576,15999,coupe,automatic,239,a5,150000,diesel,audi,no,10.75
43577,2450,small car,manual,68,2_reihe,150000,diesel,peugeot,no,12.58
43580,2500,coupe,manual,170,3er,150000,petrol,bmw,yes,17.83
43583,2100,station wagon,manual,102,passat,150000,petrol,volkswagen,no,17.25
43584,21000,coupe,automatic,299,passat,50000,petrol,volkswagen,no,10.83
43585,600,limousine,manual,101,golf,150000,petrol,volkswagen,yes,20.0
43587,9500,limousine,manual,226,focus,125000,petrol,ford,no,13.0
43588,5900,station wagon,manual,150,3er,150000,diesel,bmw,no,11.17
43589,5800,limousine,automatic,235,5er,150000,petrol,bmw,no,21.25
43590,1150,small car,manual,64,matiz,150000,petrol,daewoo,no,13.42
43591,1550,small car,manual,75,corsa,150000,diesel,opel,no,15.67
43592,199,small car,manual,55,micra,150000,petrol,nissan,no,22.67
43593,4490,limousine,manual,109,a_klasse,150000,diesel,mercedes_benz,no,11.58
43595,1499,limousine,manual,75,astra,150000,petrol,opel,no,20.0
43598,599,limousine,manual,90,80,150000,petrol,audi,no,25.25
43600,3400,small car,manual,65,polo,90000,petrol,volkswagen,yes,12.0
43601,1250,limousine,manual,75,corolla,150000,petrol,toyota,no,28.67
43602,9990,station wagon,automatic,184,3er,150000,diesel,bmw,no,8.33
43603,15900,cabrio,manual,105,golf,80000,diesel,volkswagen,no,6.33
43605,3290,station wagon,manual,163,5er,150000,diesel,bmw,no,17.92
43606,400,station wagon,manual,71,astra,125000,petrol,opel,no,23.67
43607,2700,limousine,automatic,122,e_klasse,150000,diesel,mercedes_benz,no,14.75
43608,6000,limousine,manual,116,1er,125000,petrol,bmw,no,14.0
43612,9000,limousine,manual,105,leon,70000,petrol,seat,no,6.58
43613,2995,limousine,manual,131,mondeo,150000,diesel,ford,no,11.25
43614,9500,cabrio,automatic,190,sl,125000,petrol,mercedes_benz,no,27.58
43615,1100,limousine,manual,116,stilo,150000,diesel,fiat,no,15.92
43616,2300,limousine,manual,150,a4,150000,petrol,audi,no,18.67
43617,19500,suv,manual,150,cx_reihe,80000,diesel,mazda,no,6.75
43618,7500,small car,manual,125,clubman,80000,petrol,mini,no,9.5
43619,5950,station wagon,manual,109,focus,150000,diesel,ford,no,10.5
43620,3950,station wagon,manual,109,focus,70000,diesel,ford,no,11.58
43622,3100,limousine,manual,75,corsa,90000,petrol,opel,no,13.25
43626,5600,limousine,automatic,105,c_klasse,90000,petrol,mercedes_benz,no,16.83
43628,1300,limousine,manual,75,others,80000,petrol,hyundai,no,17.67
43629,9950,bus,automatic,150,viano,150000,diesel,mercedes_benz,no,12.58
43630,3000,station wagon,automatic,164,a4,150000,diesel,audi,no,15.0
43631,1499,bus,manual,75,transit,150000,diesel,ford,no,16.08
43632,2500,small car,manual,60,corsa,90000,petrol,opel,no,13.08
43633,3450,limousine,manual,120,159,150000,diesel,alfa_romeo,no,13.92
43636,1590,bus,manual,109,berlingo,150000,petrol,citroen,no,17.08
43643,500,coupe,manual,150,others,150000,petrol,mitsubishi,no,24.33
43647,5500,small car,manual,109,cooper,150000,diesel,mini,yes,8.17
43649,7500,limousine,manual,140,astra,125000,petrol,opel,no,11.67
43650,7250,limousine,manual,101,focus,100000,lpg,ford,no,12.67
43651,1650,station wagon,automatic,150,3er,150000,petrol,bmw,no,18.58
43652,5350,limousine,manual,177,e_klasse,150000,diesel,mercedes_benz,no,17.0
43653,6300,bus,automatic,140,touran,150000,diesel,volkswagen,no,13.67
43654,3799,small car,manual,77,punto,125000,petrol,fiat,no,9.42
43655,16000,coupe,manual,184,others,125000,petrol,mercedes_benz,no,11.0
43657,4250,small car,manual,67,i_reihe,70000,petrol,hyundai,no,8.75
43658,8000,limousine,automatic,250,s_klasse,150000,diesel,mercedes_benz,no,15.75
43659,11200,station wagon,manual,102,passat,90000,petrol,volkswagen,no,8.33
43660,7200,limousine,automatic,163,e_klasse,150000,petrol,mercedes_benz,no,15.67
43665,17300,cabrio,automatic,156,3_reihe,40000,petrol,peugeot,no,5.67
43666,1650,limousine,manual,105,golf,150000,petrol,volkswagen,no,17.42
43667,11999,suv,automatic,224,touareg,150000,diesel,volkswagen,no,12.5
43668,1400,small car,manual,60,ibiza,125000,petrol,seat,no,21.42
43670,8555,small car,manual,450,others,125000,petrol,volkswagen,yes,26.08
43673,600,small car,manual,75,2_reihe,150000,petrol,peugeot,no,18.92
43674,8265,limousine,manual,102,golf,5000,petrol,volkswagen,no,9.5
43675,6700,bus,manual,77,transporter,150000,diesel,volkswagen,no,22.33
43676,2444,suv,manual,150,others,150000,petrol,ford,no,12.25
43677,9900,station wagon,automatic,231,3er,150000,diesel,bmw,no,12.33
43680,8300,small car,manual,170,golf,150000,diesel,volkswagen,no,11.75
43681,1100,bus,manual,114,espace,150000,petrol,renault,no,20.67
43682,5350,cabrio,manual,109,2_reihe,90000,petrol,peugeot,no,12.25
43683,14900,cabrio,manual,111,cooper,90000,diesel,mini,no,9.0
43686,1999,bus,manual,101,zafira,150000,petrol,opel,no,16.58
43687,3250,bus,manual,110,note,150000,petrol,nissan,no,12.92
43688,1450,station wagon,manual,88,3_reihe,100000,petrol,peugeot,no,19.75
43689,3790,cabrio,manual,147,astra,150000,petrol,opel,no,17.67
43690,3100,station wagon,manual,150,a6,150000,petrol,audi,no,16.83
43691,26600,cabrio,manual,272,tt,60000,petrol,audi,no,10.5
43692,1299,station wagon,manual,116,passat,150000,diesel,volkswagen,no,18.83
43693,6200,station wagon,manual,163,a4,150000,diesel,audi,no,15.67
43694,1200,station wagon,manual,101,astra,150000,petrol,opel,no,18.25
43695,1200,limousine,manual,120,others,150000,petrol,ford,no,26.17
43697,12600,small car,manual,98,one,20000,petrol,mini,no,5.42
43698,999,station wagon,manual,71,astra,150000,petrol,opel,no,22.25
43699,600,coupe,manual,125,others,150000,petrol,ford,yes,19.83
43700,10900,limousine,manual,170,a4,150000,diesel,audi,no,10.0
43703,11500,limousine,automatic,200,passat,150000,petrol,volkswagen,no,10.42
43705,13850,station wagon,manual,125,a3,80000,petrol,audi,no,6.5
43706,795,small car,manual,73,3_reihe,150000,petrol,mazda,yes,22.83
43707,4900,bus,manual,116,transporter,150000,petrol,volkswagen,no,18.83
43708,8300,limousine,manual,122,3er,150000,diesel,bmw,no,11.58
43713,580,small car,manual,75,lupo,150000,petrol,volkswagen,no,18.25
43714,300,small car,manual,60,golf,150000,petrol,volkswagen,no,22.75
43715,777,small car,manual,60,punto,150000,petrol,fiat,no,17.42
43716,10800,cabrio,manual,170,z_reihe,150000,petrol,bmw,no,13.42
43717,55800,suv,automatic,258,x_reihe,10000,diesel,bmw,no,3.67
43719,5999,limousine,manual,218,5er,150000,diesel,bmw,no,15.58
43722,675,small car,manual,75,others,125000,petrol,skoda,no,18.25
43723,3999,small car,manual,82,fiesta,125000,petrol,ford,yes,9.33
43724,800,limousine,manual,88,3_reihe,90000,petrol,peugeot,no,20.25
43727,11500,suv,manual,136,captiva,80000,petrol,chevrolet,no,7.33
43729,2199,coupe,manual,120,others,150000,petrol,volvo,no,30.0
43731,4599,cabrio,manual,163,slk,150000,petrol,mercedes_benz,no,17.92
43732,12590,cabrio,manual,120,cooper,125000,petrol,mini,no,9.75
43733,1300,station wagon,manual,116,mondeo,150000,petrol,ford,no,18.5
43735,7990,coupe,manual,179,tt,125000,petrol,audi,no,15.83
43736,2990,small car,manual,64,polo,150000,petrol,volkswagen,no,17.0
43737,2190,small car,manual,75,corsa,125000,petrol,opel,no,16.92
43739,500,small car,manual,80,clio,150000,diesel,renault,no,17.17
43740,899,station wagon,manual,107,laguna,150000,petrol,renault,no,18.33
43741,27777,limousine,manual,150,passat,30000,diesel,volkswagen,no,3.08
43744,9000,station wagon,automatic,163,3er,150000,diesel,bmw,no,11.75
43746,6450,small car,manual,60,mii,30000,petrol,seat,no,5.33
43747,19499,cabrio,manual,105,golf,30000,diesel,volkswagen,no,4.42
43748,17980,coupe,automatic,286,3er,150000,diesel,bmw,no,11.25
43749,5990,coupe,manual,120,astra,90000,diesel,opel,no,10.33
43750,1700,small car,manual,75,a_klasse,150000,petrol,mercedes_benz,yes,20.83
43751,5850,cabrio,automatic,193,others,90000,lpg,chevrolet,no,17.17
43753,10500,limousine,automatic,239,a6,150000,diesel,audi,no,10.92
43755,3800,cabrio,manual,75,others,50000,petrol,mitsubishi,no,34.5
43756,5550,station wagon,manual,140,passat,150000,diesel,volkswagen,no,12.33
43759,790,limousine,automatic,90,80,150000,petrol,audi,no,25.33
43760,10000,station wagon,automatic,184,e_klasse,150000,petrol,mercedes_benz,no,12.92
43761,8200,suv,manual,192,x_reihe,150000,petrol,bmw,no,13.17
43762,4900,small car,automatic,71,fortwo,80000,petrol,smart,no,9.67
43764,3100,small car,manual,65,micra,70000,petrol,nissan,no,13.25
43765,3350,small car,manual,60,2_reihe,125000,petrol,peugeot,no,8.83
43766,500,limousine,manual,90,carisma,125000,petrol,mitsubishi,no,20.5
43767,3200,small car,manual,54,fiesta,90000,petrol,ford,no,13.0
43773,4700,small car,manual,60,polo,100000,petrol,volkswagen,no,11.0
43774,3690,limousine,manual,122,carisma,90000,petrol,mitsubishi,no,15.0
43778,1850,small car,manual,58,twingo,70000,petrol,renault,no,16.0
43779,6100,cabrio,manual,231,3er,150000,petrol,bmw,no,16.58
43780,8499,limousine,manual,110,golf,150000,diesel,volkswagen,no,8.25
43781,1000,coupe,manual,103,stilo,150000,petrol,fiat,yes,16.25
43782,10500,station wagon,manual,170,others,150000,diesel,mercedes_benz,no,10.33
43783,1500,small car,manual,75,lupo,150000,diesel,volkswagen,no,18.83
43784,1499,coupe,automatic,110,golf,150000,diesel,volkswagen,no,20.58
43785,14699,bus,manual,173,espace,150000,diesel,renault,no,7.92
43787,5999,cabrio,manual,105,beetle,150000,diesel,volkswagen,no,12.33
43789,5900,station wagon,automatic,150,vectra,150000,diesel,opel,no,13.83
43790,7800,coupe,manual,143,c_klasse,125000,petrol,mercedes_benz,no,13.0
43791,3199,limousine,manual,109,colt,150000,petrol,mitsubishi,no,14.58
43792,2950,small car,manual,75,a2,150000,petrol,audi,no,18.0
43795,11800,cabrio,manual,211,cooper,100000,petrol,mini,no,14.0
43796,20990,station wagon,manual,184,5er,100000,diesel,bmw,no,9.0
43798,1390,limousine,manual,90,golf,150000,petrol,volkswagen,no,25.83
43799,600,small car,manual,60,1_reihe,150000,petrol,peugeot,no,22.58
43801,799,small car,manual,50,ka,125000,petrol,ford,no,17.83
43803,6350,small car,manual,69,polo,125000,petrol,volkswagen,no,9.0
43804,4000,small car,manual,80,corsa,150000,petrol,opel,no,9.25
43805,19911,limousine,manual,179,a5,40000,petrol,audi,no,8.0
43806,1450,small car,manual,101,golf,150000,petrol,volkswagen,no,23.58
43808,13750,station wagon,manual,122,golf,50000,petrol,volkswagen,no,7.17
43810,2700,limousine,manual,101,golf,150000,diesel,volkswagen,no,15.08
43811,4899,limousine,manual,101,focus,60000,petrol,ford,no,12.92
43812,19900,limousine,manual,211,golf,20000,petrol,volkswagen,no,7.58
43813,12500,suv,automatic,185,xc_reihe,150000,diesel,volvo,no,10.08
43814,4300,coupe,manual,170,clk,150000,lpg,mercedes_benz,yes,15.08
43815,2500,limousine,manual,140,a3,150000,diesel,audi,yes,10.0
43816,1899,small car,manual,75,polo,150000,petrol,volkswagen,no,16.42
43818,7200,limousine,manual,116,1er,150000,petrol,bmw,no,11.17
43819,400,limousine,manual,101,vectra,150000,petrol,opel,no,19.75
43820,3100,station wagon,manual,170,5er,150000,petrol,bmw,no,19.33
43821,950,small car,manual,65,corsa,150000,petrol,opel,no,19.5
43823,17900,limousine,automatic,170,q5,150000,diesel,audi,no,8.58
43824,14900,limousine,automatic,190,e_klasse,125000,diesel,mercedes_benz,no,10.75
43827,4500,cabrio,automatic,198,slk,150000,petrol,mercedes_benz,yes,19.0
43828,2499,small car,manual,101,golf,150000,petrol,volkswagen,no,17.58
43829,1900,limousine,manual,90,civic,125000,petrol,honda,no,28.5
43830,8500,station wagon,automatic,163,3er,150000,diesel,bmw,no,11.83
43831,10700,bus,manual,140,touran,90000,petrol,volkswagen,no,10.83
43832,3300,small car,manual,80,corsa,150000,petrol,opel,yes,11.08
43835,9250,bus,manual,98,others,20000,petrol,peugeot,no,6.17
43836,550,station wagon,manual,75,astra,150000,petrol,opel,no,19.33
43839,10500,station wagon,manual,143,a4,150000,diesel,audi,yes,10.67
43842,900,small car,manual,65,corsa,125000,petrol,opel,no,20.92
43844,2950,bus,automatic,131,others,150000,petrol,mazda,no,13.92
43847,850,limousine,manual,75,vectra,150000,petrol,opel,no,20.25
43849,8900,bus,automatic,140,b_klasse,150000,diesel,mercedes_benz,no,13.67
43850,793,small car,manual,68,justy,150000,petrol,subaru,no,21.42
43851,1000,coupe,manual,140,3er,150000,petrol,bmw,no,22.5
43853,9800,limousine,manual,129,6_reihe,100000,diesel,mazda,no,7.25
43857,20000,bus,automatic,116,others,40000,diesel,renault,no,8.25
43863,7000,limousine,manual,110,golf,150000,diesel,volkswagen,yes,9.83
43866,13900,suv,manual,136,kuga,80000,diesel,ford,no,8.33
43867,1350,small car,automatic,54,fortwo,90000,petrol,smart,no,20.0
43868,4950,station wagon,manual,105,golf,150000,diesel,volkswagen,no,11.92
43869,1550,bus,manual,101,zafira,150000,diesel,opel,no,16.5
43870,899,coupe,manual,102,3er,100000,petrol,bmw,no,24.67
43871,1100,limousine,manual,75,polo,150000,petrol,volkswagen,no,17.08
43872,7000,station wagon,automatic,231,a4,150000,diesel,audi,yes,12.92
43873,1250,station wagon,manual,101,fabia,150000,diesel,skoda,yes,17.58
43878,29500,bus,automatic,179,transporter,100000,diesel,volkswagen,no,7.33
43879,500,limousine,manual,60,golf,150000,petrol,volkswagen,no,21.25
43880,3250,cabrio,manual,136,3_reihe,150000,petrol,peugeot,yes,14.0
43881,12600,limousine,manual,170,c_klasse,125000,diesel,mercedes_benz,no,9.42
43884,12899,bus,manual,136,i_reihe,125000,diesel,hyundai,no,8.17
43886,3888,station wagon,manual,121,ptcruiser,150000,diesel,chrysler,no,13.83
43887,3900,station wagon,manual,150,159,150000,diesel,alfa_romeo,no,12.5
43888,2890,coupe,manual,136,clk,150000,petrol,mercedes_benz,no,20.92
43889,23900,bus,automatic,174,transporter,150000,diesel,volkswagen,no,10.33
43890,2000,station wagon,manual,115,v40,150000,diesel,volvo,no,14.17
43893,999,small car,manual,58,twingo,150000,petrol,renault,no,17.33
43896,1600,small car,manual,75,polo,150000,diesel,volkswagen,no,18.92
43898,2850,small car,manual,88,1_reihe,90000,petrol,peugeot,no,14.0
43900,4999,small car,manual,80,polo,100000,diesel,volkswagen,no,12.92
43901,11444,limousine,automatic,160,insignia,150000,diesel,opel,no,8.5
43903,1770,small car,manual,50,lupo,150000,petrol,volkswagen,no,16.33
43904,2700,limousine,manual,116,e_klasse,150000,diesel,mercedes_benz,no,18.0
43905,18000,coupe,automatic,307,mustang,80000,petrol,ford,no,7.08
43906,9250,cabrio,manual,170,3er,150000,petrol,bmw,no,14.33
43907,19900,limousine,manual,122,a_klasse,10000,petrol,mercedes_benz,no,3.83
43909,48911,cabrio,manual,355,911,60000,petrol,porsche,no,11.17
43911,8450,station wagon,manual,143,3er,150000,petrol,bmw,no,10.08
43912,4799,station wagon,manual,90,astra,150000,petrol,opel,no,9.42
43913,1200,station wagon,manual,69,3_reihe,150000,diesel,peugeot,no,17.08
43915,25900,coupe,automatic,245,others,150000,diesel,audi,no,8.92
43916,2990,bus,manual,116,sharan,150000,diesel,volkswagen,no,17.25
43917,2800,suv,manual,60,others,60000,petrol,suzuki,no,30.0
43918,4500,limousine,manual,102,golf,150000,petrol,volkswagen,no,13.25
43919,21200,station wagon,automatic,177,a4,125000,diesel,audi,no,6.25
43921,3999,bus,manual,68,transporter,150000,diesel,volkswagen,no,22.67
43922,15990,bus,manual,150,5_reihe,50000,petrol,mazda,no,4.25
43924,11800,bus,automatic,116,sharan,150000,diesel,volkswagen,no,9.25
43925,2999,coupe,manual,192,mx_reihe,150000,petrol,mazda,no,14.17
43927,3850,cabrio,automatic,116,3er,150000,petrol,bmw,no,19.25
43928,2499,limousine,manual,75,golf,150000,petrol,volkswagen,no,20.42
43929,2350,station wagon,manual,131,passat,150000,diesel,volkswagen,no,16.17
43930,22500,station wagon,manual,239,a4,150000,diesel,audi,no,10.67
43931,11500,limousine,manual,82,others,90000,diesel,mercedes_benz,no,38.33
43932,24400,cabrio,manual,177,1er,90000,diesel,bmw,no,8.0
43934,20500,station wagon,manual,140,transporter,80000,diesel,volkswagen,no,5.25
43935,2150,small car,manual,75,ibiza,150000,petrol,seat,no,15.0
43936,8999,cabrio,automatic,200,a4,150000,petrol,audi,yes,12.5
43937,17800,station wagon,manual,184,3er,125000,diesel,bmw,no,8.58
43940,1999,limousine,manual,68,1_reihe,150000,petrol,peugeot,yes,12.75
43943,15200,limousine,automatic,320,s_klasse,150000,diesel,mercedes_benz,no,11.58
43946,3999,limousine,manual,140,golf,150000,diesel,volkswagen,yes,11.42
43947,9400,station wagon,manual,233,a6,150000,diesel,audi,yes,11.92
43948,500,small car,manual,50,polo,125000,petrol,volkswagen,no,21.58
43949,2400,station wagon,manual,131,a4,150000,diesel,audi,no,14.42
43950,22320,bus,automatic,174,transporter,150000,diesel,volkswagen,no,12.17
43951,2999,limousine,manual,116,passat,150000,petrol,volkswagen,no,17.08
43952,4500,cabrio,manual,170,3er,150000,petrol,bmw,no,18.33
43953,8800,cabrio,automatic,231,3er,150000,petrol,bmw,no,16.5
43954,380,small car,manual,54,corsa,150000,petrol,opel,no,20.58
43956,9500,limousine,manual,163,3er,150000,diesel,bmw,no,8.42
43957,1799,limousine,manual,163,galant,30000,petrol,mitsubishi,no,20.42
43958,8900,cabrio,manual,192,3er,150000,petrol,bmw,no,13.33
43959,2199,small car,manual,101,fusion,125000,petrol,ford,no,14.25
43960,950,bus,manual,116,zafira,150000,petrol,opel,no,19.92
43962,4900,small car,manual,116,cooper,150000,petrol,mini,no,15.42
43965,18300,cabrio,manual,170,1er,90000,petrol,bmw,no,9.75
43966,650,small car,manual,60,corsa,150000,petrol,opel,no,20.0
43969,2900,limousine,manual,101,a4,150000,petrol,audi,no,20.42
43971,7600,cabrio,automatic,231,3er,150000,petrol,bmw,no,13.92
43973,8300,limousine,manual,109,i_reihe,40000,petrol,hyundai,no,7.33
43975,2800,station wagon,manual,131,passat,150000,diesel,volkswagen,no,15.67
43977,3499,suv,manual,80,others,150000,petrol,suzuki,no,24.67
43980,7999,cabrio,manual,179,tt,125000,petrol,audi,no,18.33
43981,8699,coupe,manual,150,astra,100000,diesel,opel,no,9.83
43983,1850,station wagon,manual,101,passat,150000,petrol,volkswagen,no,21.0
43984,9750,small car,manual,105,ibiza,60000,petrol,seat,no,5.17
43985,1500,station wagon,manual,143,vito,150000,diesel,mercedes_benz,no,17.58
43986,19990,limousine,manual,143,a4,60000,diesel,audi,no,6.58
43987,3850,station wagon,manual,204,a6,150000,diesel,audi,no,18.75
43990,2900,station wagon,manual,131,a4,150000,diesel,audi,no,16.33
43991,9690,limousine,manual,184,e_klasse,150000,petrol,mercedes_benz,no,10.08
43994,29990,small car,automatic,192,cooper,10000,petrol,mini,no,3.33
43996,9000,suv,manual,106,grand,90000,petrol,suzuki,no,11.58
43997,4200,station wagon,manual,100,fusion,80000,petrol,ford,no,13.25
43998,14100,bus,automatic,140,b_klasse,70000,diesel,mercedes_benz,no,8.5
44000,7500,station wagon,manual,85,astra,125000,petrol,opel,no,8.08
44001,800,limousine,manual,115,3er,150000,petrol,bmw,yes,20.0
44002,10000,coupe,manual,110,others,50000,petrol,opel,no,31.42
44003,12800,station wagon,automatic,170,passat,150000,diesel,volkswagen,no,7.33
44005,18900,suv,manual,150,kuga,20000,petrol,ford,no,3.5
44006,8300,limousine,manual,177,5er,150000,petrol,bmw,no,11.42
44008,19800,suv,automatic,163,kuga,80000,diesel,ford,no,7.75
44009,800,small car,manual,75,polo,150000,petrol,volkswagen,yes,19.83
44010,1350,limousine,manual,109,4_reihe,150000,diesel,peugeot,yes,18.75
44011,9900,cabrio,manual,204,boxster,150000,petrol,porsche,no,19.5
44014,3950,small car,manual,68,aygo,80000,petrol,toyota,no,9.33
44015,12500,station wagon,manual,140,passat,125000,diesel,volkswagen,no,7.17
44017,18999,limousine,automatic,260,superb,50000,petrol,skoda,no,5.58
44018,6500,station wagon,automatic,256,a6,150000,petrol,audi,yes,12.25
44020,4650,station wagon,manual,131,passat,150000,diesel,volkswagen,no,12.25
44022,4500,limousine,manual,86,100,150000,petrol,audi,no,43.67
44023,17500,station wagon,manual,140,caddy,70000,diesel,volkswagen,no,6.42
44024,9950,bus,manual,111,berlingo,70000,diesel,citroen,no,7.58
44026,3495,small car,manual,60,c2,50000,petrol,citroen,yes,10.92
44028,3895,station wagon,automatic,84,verso,150000,petrol,toyota,no,14.0
44029,22500,limousine,automatic,211,golf,60000,petrol,volkswagen,yes,7.0
44030,1999,bus,manual,101,others,150000,petrol,mazda,no,17.0
44031,1000,station wagon,manual,170,5er,150000,petrol,bmw,no,18.67
44033,2150,small car,manual,61,polo,150000,petrol,volkswagen,no,14.33
44034,10500,suv,automatic,150,antara,125000,diesel,opel,no,11.67
44036,3800,cabrio,manual,135,megane,150000,petrol,renault,no,13.33
44037,16000,limousine,manual,184,5er,150000,diesel,bmw,no,9.0
44040,3400,station wagon,manual,143,3er,150000,petrol,bmw,no,16.58
44041,1500,station wagon,manual,122,vectra,150000,petrol,opel,no,14.33
44043,1950,station wagon,automatic,101,golf,150000,diesel,volkswagen,no,16.42
44044,7300,small car,manual,68,aygo,30000,petrol,toyota,no,8.0
44045,999,limousine,manual,150,3er,150000,diesel,bmw,yes,15.17
44047,950,small car,manual,54,polo,150000,petrol,volkswagen,no,20.58
44051,2950,suv,manual,113,santa,150000,diesel,hyundai,no,15.33
44053,7950,station wagon,automatic,140,v50,125000,petrol,volvo,no,12.75
44054,3499,small car,manual,240,a3,150000,petrol,audi,no,19.0
44055,599,station wagon,manual,116,focus,150000,petrol,ford,no,19.17
44057,5900,small car,manual,80,polo,125000,petrol,volkswagen,no,11.58
44059,22500,suv,automatic,387,gl,150000,petrol,mercedes_benz,no,10.67
44061,2200,small car,manual,65,polo,150000,petrol,volkswagen,yes,14.75
44062,1300,station wagon,manual,125,passat,150000,petrol,volkswagen,no,19.75
44064,1700,small car,manual,75,clio,150000,petrol,renault,no,15.08
44066,15000,limousine,manual,160,insignia,80000,diesel,opel,no,9.83
44067,4499,station wagon,automatic,150,e_klasse,150000,diesel,mercedes_benz,no,15.33
44069,999,limousine,manual,125,a4,150000,petrol,audi,no,20.92
44070,1350,small car,manual,75,clio,150000,petrol,renault,no,18.42
44071,2100,limousine,manual,90,golf,150000,diesel,volkswagen,no,18.92
44074,9900,limousine,automatic,231,3er,150000,petrol,bmw,no,14.08
44075,19500,station wagon,manual,122,a3,50000,petrol,audi,no,5.42
44077,185,small car,manual,55,others,150000,petrol,citroen,no,20.25
44078,5800,station wagon,manual,185,159,150000,petrol,alfa_romeo,no,11.5
44082,2150,coupe,manual,147,astra,150000,petrol,opel,no,17.5
44083,22750,station wagon,manual,102,transporter,50000,diesel,volkswagen,no,6.83
44084,7900,suv,manual,86,duster,150000,diesel,dacia,no,7.58
44085,4250,small car,manual,68,1_reihe,60000,petrol,peugeot,no,9.17
44089,1290,limousine,manual,105,golf,150000,petrol,volkswagen,no,18.42
44090,1795,station wagon,automatic,150,e_klasse,150000,petrol,mercedes_benz,no,23.5
44093,6800,station wagon,automatic,224,a6,150000,diesel,audi,yes,12.08
44095,350,limousine,manual,147,vectra,150000,petrol,opel,yes,17.42
44096,850,limousine,manual,136,vectra,150000,petrol,opel,no,21.0
44097,7900,coupe,manual,143,3er,90000,petrol,bmw,no,18.0
44098,16500,cabrio,manual,200,tt,60000,petrol,audi,no,11.5
44099,8900,bus,manual,125,golf,70000,petrol,volkswagen,yes,8.17
44109,1295,small car,manual,58,corsa,150000,petrol,opel,no,16.42
44111,1990,small car,automatic,41,others,150000,diesel,smart,no,15.33
44112,4300,suv,automatic,211,grand,150000,petrol,jeep,no,23.25
44114,1790,small car,manual,76,others,150000,petrol,suzuki,no,17.0
44116,1550,small car,manual,50,lupo,125000,petrol,volkswagen,no,18.83
44117,1750,station wagon,manual,131,mondeo,150000,diesel,ford,no,15.25
44118,250,limousine,manual,114,others,150000,petrol,mazda,yes,24.92
44119,1600,station wagon,manual,141,ptcruiser,150000,petrol,chrysler,no,18.67
44120,2990,bus,manual,170,espace,150000,petrol,renault,no,13.83
44122,6500,limousine,manual,170,golf,90000,petrol,volkswagen,no,12.83
44123,990,limousine,manual,101,astra,150000,petrol,opel,no,19.67
44124,610,limousine,manual,60,golf,150000,petrol,volkswagen,no,23.5
44125,6500,station wagon,manual,179,a4,150000,diesel,audi,no,14.83
44126,5600,limousine,manual,82,fiesta,150000,petrol,ford,no,9.42
44127,6050,bus,manual,75,golf,60000,petrol,volkswagen,no,13.75
44128,21000,limousine,automatic,306,5er,125000,petrol,bmw,no,10.0
44129,549,small car,manual,60,polo,150000,petrol,volkswagen,no,20.58
44130,3999,limousine,automatic,136,e_klasse,150000,petrol,mercedes_benz,no,19.75
44131,3000,limousine,manual,105,astra,150000,petrol,opel,no,12.33
44133,6199,limousine,automatic,224,s_klasse,150000,petrol,mercedes_benz,no,15.5
44135,2350,limousine,manual,166,6_reihe,150000,petrol,mazda,no,15.25
44136,8850,limousine,automatic,177,x_reihe,150000,diesel,bmw,no,10.08
44137,4499,small car,manual,87,yaris,70000,petrol,toyota,no,13.17
44138,5999,limousine,manual,90,golf,150000,diesel,volkswagen,no,11.83
44139,5500,bus,manual,109,transporter,150000,diesel,volkswagen,no,14.92
44140,2599,cabrio,manual,95,others,80000,petrol,ford,no,13.42
44141,900,limousine,manual,90,megane,150000,petrol,renault,no,20.25
44142,606,station wagon,manual,103,stilo,150000,petrol,fiat,no,16.58
44143,699,small car,manual,114,3_reihe,150000,petrol,mazda,no,18.42
44144,1300,limousine,manual,136,astra,150000,petrol,opel,no,17.17
44145,999,small car,manual,101,fiesta,10000,petrol,ford,yes,3.67
44149,500,station wagon,manual,90,focus,150000,diesel,ford,yes,18.25
44150,8700,bus,manual,140,sharan,150000,diesel,volkswagen,no,12.0
44151,950,limousine,manual,115,3er,150000,petrol,bmw,no,26.0
44152,7800,limousine,manual,226,focus,150000,petrol,ford,no,13.75
44154,3333,small car,manual,75,a2,125000,petrol,audi,no,17.58
44155,1599,limousine,manual,131,mondeo,150000,diesel,ford,no,15.92
44157,8400,station wagon,automatic,170,passat,150000,diesel,volkswagen,no,10.33
44160,6699,suv,manual,177,rav,150000,diesel,toyota,no,11.5
44161,1000,station wagon,manual,60,combo,150000,petrol,opel,yes,18.67
44162,6900,small car,manual,77,i_reihe,50000,petrol,hyundai,no,6.17
44163,4450,station wagon,manual,131,passat,150000,diesel,volkswagen,no,15.58
44164,19300,cabrio,manual,184,cooper,40000,petrol,mini,no,6.75
44165,18900,suv,manual,140,tiguan,60000,diesel,volkswagen,no,5.25
44166,1550,small car,manual,101,golf,150000,petrol,volkswagen,no,21.0
44167,5000,limousine,automatic,102,golf,125000,petrol,volkswagen,no,16.58
44168,9900,small car,manual,122,cooper,100000,petrol,mini,no,7.67
44169,850,limousine,manual,75,golf,125000,petrol,volkswagen,yes,20.83
44170,600,station wagon,manual,90,laguna,150000,petrol,renault,no,20.92
44171,5700,station wagon,manual,239,passat,150000,petrol,volkswagen,no,13.25
44173,3990,limousine,manual,150,3_reihe,150000,petrol,mazda,no,13.75
44174,1300,bus,manual,75,modus,150000,petrol,renault,no,13.25
44175,18990,limousine,automatic,204,e_klasse,150000,diesel,mercedes_benz,no,9.17
44177,2100,bus,manual,125,zafira,150000,petrol,opel,no,18.0
44178,2850,limousine,automatic,147,others,150000,petrol,ford,yes,34.67
44180,7450,station wagon,manual,110,2_reihe,125000,diesel,peugeot,no,6.33
44181,3650,cabrio,manual,116,mx_reihe,150000,petrol,mazda,no,26.17
44182,600,station wagon,manual,128,mondeo,150000,petrol,ford,no,15.83
44184,13500,limousine,manual,220,insignia,60000,petrol,opel,no,9.42
44185,6450,station wagon,manual,120,signum,150000,diesel,opel,no,10.08
44187,1500,small car,manual,75,polo,150000,petrol,volkswagen,no,16.5
44189,5300,small car,manual,60,corsa,40000,petrol,opel,no,10.25
44190,7700,limousine,manual,220,a6,60000,petrol,audi,no,15.17
44191,1300,small car,manual,75,lupo,150000,petrol,volkswagen,no,19.33
44192,750,cabrio,manual,105,escort,70000,petrol,ford,no,24.42
44194,600,limousine,manual,86,3_reihe,150000,petrol,mazda,no,28.17
44195,18500,cabrio,manual,126,mx_reihe,10000,petrol,mazda,no,4.33
44196,15555,bus,manual,131,transporter,150000,diesel,volkswagen,no,12.25
44197,600,small car,manual,90,a_klasse,150000,diesel,mercedes_benz,yes,19.58
44198,16400,small car,manual,105,polo,20000,diesel,volkswagen,no,5.0
44199,2999,station wagon,manual,170,3er,150000,petrol,bmw,no,21.17
44200,1900,cabrio,manual,109,2_reihe,150000,petrol,peugeot,no,16.67
44201,2950,station wagon,manual,125,signum,150000,diesel,opel,no,15.42
44202,5900,limousine,automatic,150,passat,150000,petrol,volkswagen,yes,13.58
44203,14999,station wagon,manual,163,5er,125000,diesel,bmw,no,9.58
44204,5990,station wagon,manual,95,2_reihe,70000,petrol,peugeot,no,9.42
44208,1000,limousine,automatic,101,3_reihe,100000,petrol,peugeot,no,20.25
44212,2700,cabrio,manual,116,others,150000,petrol,bmw,yes,23.33
44214,9300,limousine,manual,120,c4,70000,petrol,citroen,no,5.08
44215,5000,limousine,manual,170,5er,150000,petrol,bmw,no,17.08
44216,800,station wagon,manual,125,mondeo,125000,petrol,ford,yes,18.0
44218,2390,limousine,manual,60,fiesta,125000,petrol,ford,no,13.75
44219,1999,small car,automatic,90,clio,150000,petrol,renault,no,19.5
44221,600,limousine,automatic,211,omega,20000,petrol,opel,yes,20.0
44222,1500,station wagon,manual,150,passat,150000,lpg,volkswagen,no,18.08
44224,800,limousine,automatic,102,others,150000,petrol,volvo,no,24.42
44225,29450,station wagon,automatic,184,a3,20000,diesel,audi,no,4.92
44226,2499,small car,manual,75,ibiza,150000,petrol,seat,no,13.17
44227,2500,coupe,manual,197,clk,150000,petrol,mercedes_benz,no,21.0
44228,6500,small car,manual,65,punto,30000,petrol,fiat,no,8.25
44230,2250,limousine,manual,68,fabia,150000,cng,skoda,no,15.08
44231,12500,station wagon,manual,105,passat,150000,diesel,volkswagen,no,7.75
44233,16800,cabrio,automatic,354,slk,150000,petrol,mercedes_benz,no,17.58
44234,1899,small car,manual,58,corsa,150000,petrol,opel,no,16.5
44235,1600,small car,automatic,61,lupo,150000,diesel,volkswagen,no,18.08
44237,990,limousine,manual,131,primera,150000,petrol,nissan,yes,20.25
44238,1700,limousine,manual,90,80,150000,petrol,audi,no,24.83
44240,14350,station wagon,manual,122,golf,70000,petrol,volkswagen,no,6.33
44241,350,small car,manual,52,polo,150000,petrol,volkswagen,no,22.58
44242,2900,small car,manual,75,corsa,125000,petrol,opel,no,14.17
44244,10900,suv,automatic,250,m_klasse,150000,diesel,mercedes_benz,no,15.08
44246,2990,limousine,manual,95,a_klasse,150000,diesel,mercedes_benz,no,14.17
44247,4450,limousine,automatic,136,e_klasse,150000,diesel,mercedes_benz,yes,10.0
44250,100,cabrio,manual,130,escort,150000,lpg,ford,yes,26.42
44251,1500,small car,manual,54,twingo,150000,petrol,renault,no,15.25
44252,550,limousine,manual,90,golf,150000,petrol,volkswagen,no,30.67
44255,2500,station wagon,automatic,220,a6,150000,petrol,audi,yes,16.83
44256,1700,limousine,manual,133,80,150000,petrol,audi,no,26.25
44259,4390,small car,manual,88,one,150000,diesel,mini,no,14.58
44260,7500,station wagon,manual,120,6_reihe,100000,petrol,mazda,no,10.25
44261,28500,coupe,automatic,476,others,125000,petrol,mercedes_benz,no,12.08
44262,4150,limousine,manual,116,c_klasse,150000,diesel,mercedes_benz,no,15.25
44263,1350,coupe,automatic,41,fortwo,150000,diesel,smart,no,17.83
44264,13200,station wagon,manual,84,caddy,60000,petrol,volkswagen,no,6.5
44265,17000,coupe,manual,143,3er,80000,petrol,bmw,no,8.0
44266,1900,small car,manual,60,lupo,150000,diesel,volkswagen,no,15.42
44269,2290,station wagon,manual,101,astra,150000,petrol,opel,no,17.25
44270,800,small car,manual,102,1er,150000,petrol,bmw,yes,20.58
44272,3800,limousine,manual,136,c_klasse,125000,petrol,mercedes_benz,no,22.5
44273,13100,station wagon,manual,105,a3,60000,petrol,audi,no,6.25
44274,3200,station wagon,automatic,150,passat,150000,petrol,volkswagen,no,12.67
44275,3500,limousine,manual,131,a4,150000,petrol,audi,no,14.75
44277,5800,station wagon,manual,232,others,150000,diesel,audi,yes,11.08
44278,1300,station wagon,manual,118,3er,150000,petrol,bmw,yes,18.33
44280,3250,limousine,manual,75,golf,150000,petrol,volkswagen,no,14.17
44282,3999,station wagon,manual,109,focus,150000,diesel,ford,no,12.67
44283,3500,small car,manual,75,clio,50000,petrol,renault,no,14.08
44284,2499,limousine,manual,75,golf,150000,petrol,volkswagen,no,16.58
44286,3300,small car,manual,65,punto,70000,petrol,fiat,no,9.42
44288,6550,limousine,automatic,150,golf,100000,petrol,volkswagen,no,13.0
44289,400,station wagon,manual,115,v40,150000,petrol,volvo,no,22.83
44291,900,station wagon,automatic,170,omega,150000,petrol,opel,no,18.25
44293,1550,limousine,manual,150,a6,150000,petrol,audi,no,18.17
44295,5500,limousine,manual,204,golf,150000,petrol,volkswagen,no,16.75
44296,580,small car,manual,45,corsa,150000,petrol,opel,no,21.67
44299,399,limousine,manual,102,a4,150000,petrol,audi,yes,24.0
44300,1200,small car,manual,60,ka,125000,petrol,ford,no,16.58
44301,14700,suv,automatic,224,others,150000,diesel,mercedes_benz,no,12.75
44302,8990,station wagon,manual,136,c5,150000,diesel,citroen,no,9.33
44306,8499,bus,manual,116,c_max,150000,diesel,ford,no,7.08
44308,400,small car,manual,40,others,40000,petrol,fiat,no,22.5
44309,11900,cabrio,manual,150,eos,125000,petrol,volkswagen,no,11.75
44310,1200,station wagon,manual,101,passat,150000,petrol,volkswagen,no,21.92
44311,2350,small car,manual,109,c4,150000,diesel,citroen,no,13.83
44312,5990,small car,manual,75,corsa,90000,diesel,opel,no,9.08
44313,2000,station wagon,manual,193,e_klasse,150000,petrol,mercedes_benz,no,23.5
44316,5999,small car,automatic,71,fortwo,50000,petrol,smart,no,8.58
44317,2500,small car,manual,58,clio,125000,petrol,renault,no,10.33
44318,7900,bus,manual,177,verso,150000,diesel,toyota,no,11.25
44319,12500,bus,automatic,204,vito,150000,diesel,mercedes_benz,no,11.17
44320,3500,limousine,manual,170,mondeo,150000,lpg,ford,no,16.0
44321,16000,station wagon,manual,140,a3,60000,diesel,audi,no,7.67
44322,21900,coupe,manual,110,kadett,50000,petrol,opel,no,39.17
44325,3800,cabrio,manual,140,slk,150000,petrol,mercedes_benz,no,19.08
44326,2800,coupe,manual,200,astra,150000,petrol,opel,yes,13.17
44327,6999,limousine,automatic,218,c_klasse,150000,lpg,mercedes_benz,no,16.67
44329,1850,limousine,manual,150,3er,150000,petrol,bmw,no,27.25
44330,4800,station wagon,manual,131,a4,150000,diesel,audi,no,15.67
44334,1799,small car,automatic,75,polo,150000,petrol,volkswagen,no,16.25
44336,100,small car,manual,60,corsa,150000,petrol,opel,yes,25.33
44337,200,small car,manual,103,stilo,100000,petrol,fiat,yes,16.08
44338,16790,station wagon,automatic,136,c_klasse,100000,diesel,mercedes_benz,no,6.92
44339,2500,limousine,automatic,75,golf,150000,petrol,volkswagen,no,20.67
44340,19500,cabrio,manual,204,z_reihe,125000,petrol,bmw,no,7.42
44342,2800,small car,manual,73,c3,100000,petrol,citroen,no,13.42
44345,4750,station wagon,automatic,224,c_klasse,150000,diesel,mercedes_benz,no,13.25
44347,8500,bus,manual,110,berlingo,150000,diesel,citroen,no,10.0
44348,300,small car,manual,40,polo,150000,petrol,volkswagen,yes,23.67
44350,3600,bus,manual,116,galaxy,150000,diesel,ford,no,17.0
44352,5400,limousine,manual,105,golf,80000,petrol,volkswagen,no,14.17
44353,3400,bus,automatic,95,musa,100000,petrol,lancia,no,13.58
44354,4124,limousine,automatic,179,e_klasse,150000,petrol,mercedes_benz,no,29.92
44355,2300,small car,manual,75,corsa,100000,petrol,opel,no,14.25
44360,1000,small car,manual,60,golf,150000,petrol,volkswagen,no,23.92
44362,2350,station wagon,manual,91,focus,150000,diesel,ford,no,13.33
44364,3990,limousine,automatic,220,a4,150000,lpg,audi,no,17.92
44365,7290,station wagon,manual,109,focus,100000,diesel,ford,no,8.25
44366,27777,limousine,automatic,184,3er,125000,diesel,bmw,no,7.17
44367,19490,station wagon,automatic,163,v60,70000,diesel,volvo,no,6.83
44368,11000,station wagon,manual,121,ptcruiser,150000,diesel,chrysler,no,15.33
44369,26900,bus,manual,150,caddy,20000,diesel,volkswagen,no,3.67
44371,12499,small car,manual,90,polo,30000,petrol,volkswagen,no,5.33
44372,8600,limousine,manual,160,insignia,70000,diesel,opel,yes,7.17
44373,8888,bus,manual,102,transporter,150000,diesel,volkswagen,no,20.67
44374,3900,small car,manual,75,swift,150000,diesel,suzuki,no,10.08
44375,2070,small car,manual,75,clio,125000,petrol,renault,no,15.67
44379,1500,limousine,manual,133,80,150000,petrol,audi,no,26.5
44380,3500,coupe,manual,109,c4,150000,diesel,citroen,no,12.75
44381,7250,cabrio,manual,170,3er,125000,petrol,bmw,no,15.33
44384,3800,limousine,manual,163,c_klasse,125000,petrol,mercedes_benz,no,18.58
44385,2750,station wagon,manual,131,primera,150000,petrol,nissan,no,19.17
44388,5250,limousine,manual,105,golf,150000,diesel,volkswagen,no,10.67
44389,17200,cabrio,manual,143,1er,125000,diesel,bmw,no,9.25
44390,7300,limousine,manual,140,passat,125000,diesel,volkswagen,no,13.33
44391,3200,station wagon,manual,166,6_reihe,150000,petrol,mazda,no,16.75
44392,1150,small car,manual,65,corsa,150000,petrol,opel,no,18.42
44393,3900,suv,manual,80,jimny,60000,petrol,suzuki,no,14.67
44394,2800,limousine,manual,90,golf,150000,diesel,volkswagen,no,18.42
44395,3950,small car,manual,75,i_reihe,125000,diesel,hyundai,no,10.58
44396,5900,small car,manual,80,corsa,50000,petrol,opel,no,10.67
44397,1350,station wagon,manual,122,c_klasse,150000,petrol,mercedes_benz,no,21.08
44398,2999,coupe,manual,197,c_klasse,150000,petrol,mercedes_benz,no,17.25
44399,6300,cabrio,manual,140,others,150000,diesel,audi,yes,12.58
44401,1950,bus,manual,75,combo,125000,diesel,opel,no,8.25
44404,1999,bus,manual,101,meriva,150000,diesel,opel,no,14.25
44405,14800,limousine,manual,111,golf,150000,petrol,volkswagen,no,35.75
44406,11499,station wagon,automatic,105,octavia,90000,diesel,skoda,no,7.75
44408,8990,station wagon,automatic,177,5er,150000,diesel,bmw,no,9.17
44411,26999,limousine,automatic,306,x_reihe,150000,diesel,bmw,no,7.75
44412,8300,station wagon,automatic,224,e_klasse,150000,diesel,mercedes_benz,no,11.42
44413,799,limousine,manual,204,e_klasse,150000,petrol,mercedes_benz,no,19.25
44415,999,station wagon,automatic,170,e_klasse,150000,petrol,mercedes_benz,no,21.0
44417,10599,small car,manual,109,cooper,70000,diesel,mini,no,10.67
44419,2900,coupe,manual,150,3er,150000,petrol,bmw,no,18.75
44420,5100,small car,automatic,71,fortwo,40000,petrol,smart,no,11.58
44421,3500,limousine,manual,75,sandero,80000,petrol,dacia,yes,9.5
44422,14000,limousine,manual,117,others,60000,petrol,mitsubishi,no,6.58
44423,4900,cabrio,automatic,84,fortwo,60000,petrol,smart,no,10.42
44424,13900,bus,manual,150,5_reihe,60000,diesel,peugeot,no,8.0
44425,1950,station wagon,manual,101,focus,80000,petrol,ford,no,18.92
44426,5400,limousine,manual,34,others,125000,petrol,renault,no,30.0
44429,29950,cabrio,automatic,184,slk,50000,petrol,mercedes_benz,no,7.75
44430,13900,bus,automatic,109,b_klasse,50000,diesel,mercedes_benz,no,8.92
44433,5200,limousine,manual,177,auris,150000,diesel,toyota,no,11.25
44436,9400,coupe,manual,197,clk,125000,petrol,mercedes_benz,no,18.92
44437,700,limousine,manual,136,e_klasse,150000,petrol,mercedes_benz,yes,21.42
44438,499,small car,manual,75,3_reihe,150000,petrol,peugeot,no,21.75
44440,14990,bus,manual,140,sharan,125000,diesel,volkswagen,no,7.33
44441,2400,small car,manual,55,panda,80000,petrol,fiat,no,12.0
44442,500,limousine,manual,110,others,150000,petrol,citroen,no,19.83
44443,1150,small car,manual,75,lupo,150000,petrol,volkswagen,no,18.5
44444,2200,cabrio,manual,116,3er,150000,petrol,bmw,no,21.17
44445,5600,station wagon,automatic,184,signum,150000,diesel,opel,no,11.75
44447,7500,station wagon,manual,101,focus,100000,petrol,ford,no,8.83
44449,250,station wagon,automatic,125,a4,150000,petrol,audi,yes,21.92
44450,2950,small car,manual,60,c2,70000,petrol,citroen,no,11.75
44451,9000,coupe,manual,99,i_reihe,50000,petrol,hyundai,no,5.67
44452,3500,limousine,manual,116,touran,150000,petrol,volkswagen,no,15.92
44453,1400,limousine,manual,150,a4,150000,petrol,audi,no,22.75
44454,8000,coupe,manual,160,scirocco,125000,petrol,volkswagen,no,10.75
44458,2490,station wagon,manual,131,passat,150000,diesel,volkswagen,no,15.33
44459,16900,cabrio,manual,50,kaefer,150000,petrol,volkswagen,no,40.5
44460,6400,suv,automatic,218,m_klasse,150000,petrol,mercedes_benz,no,16.08
44462,7990,station wagon,manual,140,accord,125000,diesel,honda,no,11.75
44463,10600,limousine,automatic,340,300c,150000,petrol,chrysler,no,14.83
44465,13990,station wagon,automatic,224,c_klasse,150000,diesel,mercedes_benz,no,9.08
44467,13800,station wagon,manual,204,c_klasse,150000,diesel,mercedes_benz,no,9.92
44468,4200,cabrio,manual,136,clk,150000,petrol,mercedes_benz,no,19.25
44469,5600,limousine,automatic,143,e_klasse,150000,diesel,mercedes_benz,no,18.42
44471,2590,small car,manual,64,polo,150000,petrol,volkswagen,no,16.17
44472,3750,station wagon,automatic,140,a4,150000,diesel,audi,no,13.5
44474,350,others,manual,95,megane,150000,petrol,renault,yes,19.83
44475,38990,coupe,automatic,326,m_reihe,20000,petrol,bmw,no,4.33
44476,2950,bus,manual,101,meriva,150000,diesel,opel,no,14.25
44477,1290,small car,manual,75,2_reihe,150000,petrol,peugeot,no,15.42
44478,8200,limousine,manual,95,a_klasse,50000,petrol,mercedes_benz,no,10.0
44479,650,limousine,manual,101,focus,150000,petrol,ford,no,18.42
44483,6500,limousine,manual,140,a3,150000,diesel,audi,no,11.58
44484,1600,limousine,automatic,235,7er,150000,petrol,bmw,no,21.42
44486,17889,cabrio,manual,211,eos,30000,petrol,volkswagen,no,8.33
44487,1100,small car,manual,54,corsa,125000,petrol,opel,no,18.08
44488,1250,limousine,manual,101,golf,150000,petrol,volkswagen,no,19.17
44489,10800,limousine,automatic,150,3er,150000,petrol,bmw,no,12.08
44490,3000,station wagon,manual,211,impreza,150000,petrol,subaru,no,19.5
44491,2099,cabrio,manual,109,2_reihe,150000,petrol,peugeot,no,18.0
44492,10000,cabrio,manual,170,z_reihe,150000,petrol,bmw,no,13.58
44494,820,limousine,manual,75,golf,150000,petrol,volkswagen,no,24.25
44496,9700,station wagon,manual,170,passat,150000,diesel,volkswagen,no,10.5
44497,13600,coupe,automatic,200,scirocco,100000,petrol,volkswagen,no,9.58
44499,700,small car,manual,54,corsa,150000,petrol,opel,no,22.0
44501,17800,cabrio,manual,260,boxster,70000,petrol,porsche,no,14.92
44503,4999,bus,manual,68,transporter,150000,diesel,volkswagen,no,19.58
44504,3950,limousine,manual,90,astra,100000,petrol,opel,no,14.75
44506,970,small car,manual,60,polo,150000,petrol,volkswagen,no,21.83
44508,1600,station wagon,manual,101,astra,150000,petrol,opel,no,18.67
44509,11400,limousine,manual,141,others,40000,petrol,chevrolet,no,7.33
44511,2850,limousine,manual,75,golf,150000,petrol,volkswagen,no,16.75
44512,990,station wagon,manual,131,mondeo,150000,diesel,ford,no,15.33
44513,19000,cabrio,manual,143,1er,40000,petrol,bmw,no,7.25
44514,8990,small car,manual,86,ibiza,40000,petrol,seat,no,6.92
44515,18900,station wagon,automatic,204,e_klasse,150000,diesel,mercedes_benz,no,8.67
44516,5490,limousine,manual,105,octavia,150000,diesel,skoda,no,14.33
44517,1700,station wagon,manual,143,3er,150000,petrol,bmw,no,16.67
44519,3999,station wagon,manual,163,c_klasse,150000,petrol,mercedes_benz,no,17.0
44522,650,limousine,manual,75,golf,150000,petrol,volkswagen,yes,21.33
44523,1300,limousine,manual,101,a3,150000,petrol,audi,no,22.0
44524,11700,station wagon,manual,163,v60,150000,diesel,volvo,no,6.25
44525,4000,station wagon,automatic,165,a6,150000,petrol,audi,no,19.5
44526,990,small car,manual,60,arosa,150000,petrol,seat,no,19.33
44527,3950,suv,manual,99,others,150000,diesel,hyundai,no,19.58
44529,3600,limousine,automatic,286,s_klasse,150000,lpg,mercedes_benz,no,26.33
44533,4490,coupe,automatic,143,c_klasse,125000,petrol,mercedes_benz,no,15.33
44534,4900,limousine,manual,101,focus,125000,petrol,ford,no,10.92
44535,6300,small car,manual,60,up,30000,petrol,volkswagen,no,5.08
44536,7950,station wagon,manual,140,accord,125000,diesel,honda,no,11.58
44537,42499,coupe,manual,330,others,50000,petrol,porsche,no,8.0
44539,1200,station wagon,manual,101,passat,150000,petrol,volkswagen,no,20.42
44540,3600,small car,manual,54,polo,150000,petrol,volkswagen,no,15.17
44541,8190,station wagon,automatic,170,e_klasse,150000,diesel,mercedes_benz,no,11.83
44542,3200,station wagon,manual,140,sharan,150000,diesel,volkswagen,no,13.0
44543,8900,limousine,manual,218,3er,5000,petrol,bmw,no,12.92
44545,30200,limousine,automatic,184,5er,60000,diesel,bmw,no,5.25
44547,5600,station wagon,automatic,184,vectra,150000,diesel,opel,no,12.08
44548,9499,station wagon,manual,140,superb,150000,diesel,skoda,no,8.75
44549,13200,suv,manual,136,kuga,125000,diesel,ford,no,8.08
44550,1899,limousine,manual,75,polo,150000,diesel,volkswagen,no,19.0
44551,270,small car,manual,90,others,150000,petrol,citroen,no,20.5
44555,12899,coupe,automatic,197,3er,150000,diesel,bmw,no,10.25
44556,6000,bus,manual,115,transit,150000,diesel,ford,no,8.92
44561,390,small car,manual,75,corsa,150000,petrol,opel,yes,17.33
44562,5600,station wagon,manual,122,3er,150000,diesel,bmw,yes,12.83
44565,3900,limousine,manual,165,a6,125000,petrol,audi,no,21.58
44566,1499,limousine,manual,122,others,125000,petrol,volvo,no,18.42
44568,8400,limousine,manual,105,golf,150000,diesel,volkswagen,no,9.92
44569,699,small car,manual,80,punto,150000,petrol,fiat,no,20.0
44571,3000,small car,manual,64,polo,90000,petrol,volkswagen,no,16.67
44572,1379,small car,manual,82,a_klasse,150000,petrol,mercedes_benz,no,18.75
44574,800,bus,manual,146,galaxy,150000,petrol,ford,yes,19.33
44575,950,station wagon,manual,166,156,150000,petrol,alfa_romeo,no,15.0
44577,3700,coupe,manual,132,tt,150000,petrol,audi,no,17.92
44580,4500,small car,manual,60,polo,80000,petrol,volkswagen,no,9.25
44581,3700,station wagon,manual,220,3er,150000,diesel,bmw,no,16.67
44582,1790,suv,manual,107,santa,150000,petrol,hyundai,no,15.5
44584,16900,limousine,manual,184,3er,150000,diesel,bmw,no,7.25
44585,4199,station wagon,automatic,170,c_klasse,150000,petrol,mercedes_benz,no,16.33
44588,21999,cabrio,automatic,170,3er,80000,petrol,bmw,no,12.0
44589,6300,limousine,manual,129,1er,125000,petrol,bmw,no,12.42
44590,640,limousine,manual,118,3er,150000,petrol,bmw,yes,19.08
44591,2150,limousine,manual,101,passat,150000,petrol,volkswagen,no,20.17
44592,750,station wagon,manual,88,3_reihe,150000,petrol,peugeot,no,17.08
44595,7150,cabrio,manual,140,astra,125000,petrol,opel,no,10.17
44596,2500,station wagon,manual,90,passat,150000,diesel,volkswagen,no,18.08
44599,18000,station wagon,automatic,245,5er,150000,diesel,bmw,no,7.08
44602,27800,coupe,automatic,156,others,30000,petrol,mercedes_benz,no,5.75
44603,8750,limousine,manual,125,a3,125000,petrol,audi,no,10.83
44605,1950,station wagon,manual,58,kangoo,150000,petrol,renault,no,14.42
44606,1299,limousine,manual,75,3_reihe,150000,petrol,mazda,no,21.0
44607,1700,others,manual,120,galaxy,150000,petrol,ford,no,19.0
44609,2600,small car,manual,83,jazz,150000,petrol,honda,no,16.0
44610,900,station wagon,automatic,224,e_klasse,150000,petrol,mercedes_benz,yes,22.0
44611,899,small car,manual,54,corsa,150000,petrol,opel,no,20.0
44612,1500,coupe,manual,193,clk,30000,petrol,mercedes_benz,yes,20.83
44614,2850,limousine,manual,101,golf,150000,diesel,volkswagen,no,16.5
44616,1600,cabrio,manual,131,others,125000,petrol,fiat,no,23.0
44619,1700,station wagon,automatic,280,e_klasse,150000,petrol,mercedes_benz,no,20.0
44623,4300,limousine,manual,150,golf,150000,petrol,volkswagen,no,21.75
44624,550,small car,manual,75,fiesta,150000,petrol,ford,no,22.42
44625,8700,small car,manual,75,fabia,70000,diesel,skoda,no,5.42
44626,850,small car,manual,75,clio,150000,petrol,renault,no,18.25
44628,1550,station wagon,manual,150,5er,150000,diesel,bmw,no,25.83
44630,17900,suv,automatic,218,x_reihe,50000,diesel,bmw,no,11.58
44633,3699,suv,manual,101,golf,150000,petrol,volkswagen,no,14.5
44634,1750,bus,manual,68,transporter,150000,diesel,volkswagen,no,18.42
44637,2399,small car,manual,90,corsa,150000,petrol,opel,no,15.83
44638,72500,coupe,automatic,385,911,50000,petrol,porsche,no,8.5
44640,8600,limousine,manual,170,leon,125000,diesel,seat,no,11.0
44641,700,others,manual,58,kangoo,150000,petrol,renault,yes,19.08
44643,7900,limousine,manual,120,others,20000,petrol,fiat,no,7.5
44644,2400,small car,manual,68,fiesta,150000,diesel,ford,no,16.0
44645,950,limousine,automatic,141,others,150000,petrol,chevrolet,no,18.0
44646,4800,bus,manual,75,others,125000,diesel,fiat,no,9.58
44647,3500,limousine,automatic,150,3er,150000,diesel,bmw,no,15.0
44648,6900,bus,manual,105,touran,150000,diesel,volkswagen,no,11.08
44649,1500,station wagon,manual,120,vectra,150000,diesel,opel,no,12.83
44650,27000,cabrio,automatic,245,sl,70000,petrol,mercedes_benz,no,12.75
44651,4000,limousine,automatic,143,e_klasse,150000,diesel,mercedes_benz,no,17.17
44653,950,small car,manual,60,others,150000,petrol,citroen,no,17.83
44654,6000,bus,automatic,150,zafira,150000,diesel,opel,no,12.42
44655,2199,limousine,manual,90,corolla,150000,diesel,toyota,no,16.92
44656,13500,coupe,manual,160,scirocco,60000,petrol,volkswagen,no,9.67
44657,2195,limousine,manual,101,vectra,100000,petrol,opel,no,22.5
44658,12900,coupe,automatic,250,tt,150000,petrol,audi,no,12.75
44659,6100,limousine,manual,150,1er,150000,petrol,bmw,no,13.42
44661,3500,small car,manual,54,polo,150000,petrol,volkswagen,no,11.25
44662,1500,limousine,manual,116,others,150000,petrol,volvo,no,20.5
44666,4750,small car,manual,86,ibiza,90000,petrol,seat,no,12.83
44667,3800,limousine,manual,90,astra,150000,petrol,opel,no,14.33
44668,12300,station wagon,manual,105,passat,150000,diesel,volkswagen,no,6.17
44669,4500,bus,manual,120,others,150000,diesel,fiat,no,10.33
44671,6500,small car,manual,150,3_reihe,125000,petrol,peugeot,no,9.92
44672,1950,limousine,automatic,136,c_klasse,100000,petrol,mercedes_benz,no,19.25
44673,24900,limousine,manual,184,x_reihe,60000,diesel,bmw,no,6.83
44674,8900,station wagon,manual,101,octavia,125000,diesel,skoda,no,6.33
44675,999,station wagon,automatic,136,ptcruiser,150000,petrol,chrysler,no,15.5
44676,9450,station wagon,automatic,170,3er,125000,petrol,bmw,no,15.67
44678,800,limousine,manual,136,4_reihe,150000,diesel,peugeot,yes,14.92
44679,3299,small car,manual,101,aveo,100000,petrol,chevrolet,no,10.42
44680,2900,cabrio,manual,140,megane,150000,petrol,renault,no,16.42
44682,3750,limousine,automatic,109,a_klasse,150000,diesel,mercedes_benz,no,13.42
44683,8200,bus,manual,105,golf,125000,diesel,volkswagen,no,10.67
44684,600,small car,manual,54,corsa,150000,petrol,opel,no,18.33
44686,950,coupe,manual,107,megane,150000,petrol,renault,no,18.08
44687,2500,limousine,manual,90,golf,150000,diesel,volkswagen,no,20.0
44688,8900,cabrio,manual,170,3er,150000,petrol,bmw,no,17.42
44689,600,small car,manual,54,polo,150000,petrol,volkswagen,no,23.25
44690,2950,small car,manual,60,panda,100000,petrol,fiat,no,12.83
44691,3300,station wagon,automatic,131,mondeo,150000,diesel,ford,no,16.0
44695,2600,suv,manual,177,others,150000,petrol,opel,no,24.67
44696,6750,limousine,automatic,306,e_klasse,150000,lpg,mercedes_benz,no,15.25
44697,10900,bus,manual,110,others,100000,diesel,hyundai,no,7.67
44698,7600,limousine,manual,122,1er,125000,petrol,bmw,no,9.33
44700,16500,station wagon,manual,211,a4,80000,petrol,audi,no,9.67
44701,4500,small car,manual,75,golf,150000,petrol,volkswagen,no,13.08
44702,8000,bus,manual,86,roomster,80000,petrol,skoda,no,10.5
44703,23500,coupe,automatic,204,3er,100000,diesel,bmw,no,6.75
44704,10800,suv,automatic,200,others,150000,petrol,chevrolet,no,22.25
44706,3000,small car,manual,101,corsa,150000,diesel,opel,no,14.67
44708,1550,small car,manual,60,lupo,150000,petrol,volkswagen,no,17.83
44710,9000,cabrio,manual,150,others,150000,petrol,audi,no,22.58
44711,3750,small car,manual,68,others,50000,petrol,nissan,no,9.75
44712,700,station wagon,manual,115,focus,150000,petrol,ford,yes,18.17
44713,1250,limousine,manual,88,3_reihe,150000,petrol,peugeot,no,18.67
44714,750,small car,manual,60,ka,125000,petrol,ford,no,16.67
44716,22500,station wagon,automatic,204,5er,100000,diesel,bmw,no,7.08
44718,7550,cabrio,manual,140,3_reihe,70000,petrol,peugeot,no,14.0
44719,5250,small car,manual,75,golf,90000,petrol,volkswagen,no,12.17
44720,2350,small car,manual,75,corsa,150000,lpg,opel,no,15.08
44721,1150,small car,manual,58,twingo,150000,petrol,renault,no,19.25
44722,95000,coupe,manual,110,911,20000,petrol,porsche,no,49.58
44725,2700,limousine,manual,150,3er,150000,petrol,bmw,no,19.25
44726,2250,station wagon,manual,122,c_klasse,150000,diesel,mercedes_benz,no,19.5
44727,5000,station wagon,automatic,140,passat,150000,diesel,volkswagen,no,12.75
44728,800,limousine,manual,26,601,100000,petrol,trabant,no,29.58
44731,19500,limousine,automatic,204,x_reihe,125000,diesel,bmw,no,7.67
44733,599,limousine,manual,75,astra,150000,petrol,opel,no,21.33
44734,4200,station wagon,automatic,163,c_klasse,150000,petrol,mercedes_benz,no,15.42
44736,1600,limousine,manual,189,omega,70000,petrol,opel,yes,17.83
44737,5200,station wagon,manual,131,a4,150000,diesel,audi,no,16.67
44738,2000,bus,automatic,174,v_klasse,150000,petrol,mercedes_benz,yes,20.5
44740,3499,bus,automatic,116,transporter,150000,lpg,volkswagen,no,23.0
44741,3500,limousine,manual,105,147,100000,petrol,alfa_romeo,no,12.5
44742,12000,suv,manual,170,tiguan,150000,diesel,volkswagen,no,10.67
44744,1150,small car,manual,90,almera,150000,petrol,nissan,no,18.0
44746,1400,small car,manual,75,2_reihe,150000,petrol,peugeot,no,18.67
44747,3989,bus,manual,110,verso,125000,petrol,toyota,no,16.0
44748,8500,limousine,manual,105,golf,100000,diesel,volkswagen,yes,8.33
44753,15500,station wagon,manual,102,transporter,60000,diesel,volkswagen,no,10.0
44754,12990,station wagon,automatic,179,a6,90000,diesel,audi,no,14.0
44755,1100,small car,manual,58,twingo,125000,petrol,renault,yes,15.33
44756,26590,station wagon,automatic,184,3er,80000,diesel,bmw,no,5.75
44757,8950,cabrio,manual,140,eos,125000,diesel,volkswagen,no,11.33
44759,5500,limousine,manual,136,c4,150000,diesel,citroen,no,13.58
44760,4622,bus,manual,131,transporter,150000,diesel,volkswagen,yes,14.42
44762,1400,limousine,manual,75,golf,150000,petrol,volkswagen,no,20.83
44764,2499,small car,manual,60,c2,150000,petrol,citroen,no,11.5
44765,6900,small car,manual,150,polo,70000,petrol,volkswagen,no,12.42
44767,9600,station wagon,manual,136,c_klasse,150000,diesel,mercedes_benz,no,10.67
44769,1200,limousine,manual,105,3er,150000,petrol,bmw,no,20.0
44770,4830,limousine,manual,105,3_reihe,150000,petrol,mazda,no,13.83
44771,2500,station wagon,manual,131,mondeo,150000,diesel,ford,no,13.17
44774,34999,coupe,automatic,245,others,125000,diesel,audi,no,7.92
44776,3700,bus,manual,131,sharan,150000,diesel,volkswagen,no,15.42
44778,4799,small car,manual,60,corsa,70000,petrol,opel,no,9.92
44779,2390,limousine,manual,150,3er,150000,diesel,bmw,no,17.75
44780,5950,cabrio,manual,197,clk,150000,petrol,mercedes_benz,no,17.67
44781,8200,limousine,manual,90,astra,100000,diesel,opel,no,9.42
44783,2699,limousine,automatic,143,c_klasse,150000,diesel,mercedes_benz,no,18.0
44785,34990,limousine,automatic,245,q7,60000,diesel,audi,no,7.58
44786,1940,limousine,automatic,122,c_klasse,150000,petrol,mercedes_benz,no,19.92
44787,14900,station wagon,automatic,140,golf,100000,diesel,volkswagen,no,8.5
44788,999,bus,manual,64,others,150000,diesel,seat,no,18.08
44789,800,station wagon,manual,116,vectra,30000,petrol,opel,no,19.33
44791,73000,cabrio,manual,88,spider,30000,petrol,alfa_romeo,no,55.08
44793,8900,limousine,manual,140,a_klasse,100000,diesel,mercedes_benz,no,9.5
44794,7490,limousine,automatic,160,e_klasse,150000,diesel,mercedes_benz,no,14.0
44797,12000,limousine,automatic,150,e_klasse,70000,diesel,mercedes_benz,no,16.58
44798,18500,limousine,automatic,235,s_klasse,150000,diesel,mercedes_benz,no,11.83
44800,1250,station wagon,manual,170,e_klasse,150000,petrol,mercedes_benz,yes,20.58
44802,6700,limousine,manual,122,3er,150000,diesel,bmw,no,12.42
44803,12500,station wagon,automatic,184,3er,150000,diesel,bmw,no,8.33
44806,1100,limousine,manual,125,a4,150000,petrol,audi,no,19.67
44807,2500,limousine,manual,184,5er,150000,diesel,bmw,no,18.42
44808,1999,bus,manual,116,galaxy,150000,diesel,ford,no,18.83
44809,650,limousine,manual,137,galant,150000,petrol,mitsubishi,no,25.67
44810,4200,limousine,manual,150,golf,150000,petrol,volkswagen,no,15.08
44811,3500,cabrio,manual,90,tigra,100000,petrol,opel,no,13.33
44813,13500,coupe,manual,170,3er,80000,petrol,bmw,no,10.5
44814,3250,bus,manual,68,transporter,150000,diesel,volkswagen,no,19.92
44816,11800,station wagon,manual,136,c_klasse,150000,diesel,mercedes_benz,no,8.5
44817,9999,suv,manual,174,touareg,150000,diesel,volkswagen,no,14.08
44819,8500,small car,manual,102,twingo,30000,petrol,renault,no,6.83
44820,5000,suv,manual,174,touareg,150000,diesel,volkswagen,yes,12.08
44821,8000,limousine,manual,170,q5,125000,diesel,audi,no,9.67
44822,900,coupe,manual,125,civic,150000,petrol,honda,yes,17.75
44823,680,coupe,manual,45,polo,150000,petrol,volkswagen,no,26.0
44824,2600,small car,manual,68,2_reihe,150000,diesel,peugeot,no,13.42
44825,400,limousine,manual,71,astra,150000,petrol,opel,no,23.08
44827,2200,bus,manual,107,scenic,150000,petrol,renault,no,16.0
44828,600,limousine,automatic,122,c_klasse,150000,petrol,mercedes_benz,no,22.83
44833,33750,station wagon,automatic,300,a6,70000,petrol,audi,no,6.08
44834,8000,bus,manual,110,zafira,150000,diesel,opel,no,6.25
44837,7490,small car,manual,170,cooper,125000,petrol,mini,no,11.25
44838,4650,station wagon,manual,110,astra,150000,diesel,opel,no,9.17
44839,2650,limousine,manual,75,clio,150000,petrol,renault,no,12.33
44840,7400,bus,manual,84,transporter,150000,diesel,volkswagen,no,11.67
44841,3000,small car,manual,75,corsa,125000,petrol,opel,no,15.17
44842,1150,small car,manual,58,clio,150000,petrol,renault,no,20.83
44843,5900,small car,manual,105,fabia,100000,petrol,skoda,no,10.42
44844,9800,coupe,manual,163,clk,125000,petrol,mercedes_benz,no,15.25
44845,6990,suv,automatic,177,range_rover,150000,diesel,land_rover,no,15.25
44846,3990,coupe,manual,109,c4,150000,diesel,citroen,no,11.42
44847,3799,small car,manual,92,swift,150000,petrol,suzuki,no,9.67
44848,2400,cabrio,manual,95,ka,150000,petrol,ford,no,14.17
44849,3799,station wagon,automatic,193,5er,150000,diesel,bmw,no,15.58
44853,3800,small car,manual,136,corsa,150000,diesel,opel,no,9.25
44854,17999,coupe,manual,200,kadett,100000,petrol,opel,no,40.83
44855,14600,bus,manual,175,galaxy,125000,diesel,ford,no,8.83
44856,12600,station wagon,manual,99,ceed,40000,petrol,kia,no,5.25
44857,5100,limousine,manual,140,4_reihe,70000,petrol,peugeot,no,11.25
44858,4800,bus,manual,131,sharan,150000,diesel,volkswagen,no,14.58
44859,7200,bus,manual,129,sprinter,150000,diesel,mercedes_benz,no,10.5
44860,5500,station wagon,manual,105,passat,150000,diesel,volkswagen,no,13.42
44862,11350,limousine,manual,125,leon,60000,petrol,seat,no,6.58
44863,1990,station wagon,manual,101,focus,150000,petrol,ford,no,15.58
44865,3500,limousine,automatic,170,golf,150000,diesel,volkswagen,yes,13.17
44866,3400,station wagon,manual,193,5er,150000,petrol,bmw,no,21.42
44867,4900,cabrio,automatic,71,fortwo,100000,petrol,smart,no,11.58
44868,900,limousine,manual,150,golf,150000,petrol,volkswagen,yes,18.58
44872,6200,small car,manual,77,punto,60000,petrol,fiat,no,8.5
44873,1900,small car,manual,105,golf,150000,petrol,volkswagen,yes,17.25
44874,5250,bus,manual,131,galaxy,150000,diesel,ford,no,14.83
44876,5990,station wagon,manual,218,5er,150000,diesel,bmw,no,14.75
44877,1000,station wagon,manual,101,astra,150000,petrol,opel,yes,17.17
44879,3500,limousine,manual,116,a3,150000,petrol,audi,no,12.58
44880,2899,limousine,manual,122,c_klasse,90000,petrol,mercedes_benz,no,19.08
44881,2250,small car,manual,54,polo,150000,petrol,volkswagen,no,14.08
44882,2299,limousine,manual,84,astra,150000,petrol,opel,no,17.17
44883,2800,limousine,manual,118,3er,150000,petrol,bmw,no,17.5
44886,3799,station wagon,manual,231,3er,150000,petrol,bmw,no,17.92
44889,2800,coupe,manual,136,others,150000,petrol,mercedes_benz,no,29.92
44892,2500,bus,manual,82,vivaro,150000,diesel,opel,no,15.83
44893,1600,station wagon,manual,101,astra,150000,petrol,opel,no,21.58
44897,2400,limousine,manual,101,focus,150000,petrol,ford,no,16.25
44898,2900,limousine,manual,116,c_klasse,150000,diesel,mercedes_benz,no,15.75
44900,10000,limousine,automatic,95,others,50000,electro,renault,no,6.08
44901,4380,small car,manual,90,one,150000,petrol,mini,no,13.67
44902,19999,cabrio,manual,156,c_klasse,40000,petrol,mercedes_benz,no,7.42
44903,2350,station wagon,manual,120,laguna,150000,petrol,renault,no,16.25
44904,26900,limousine,automatic,184,golf,40000,diesel,volkswagen,no,4.67
44905,1650,small car,automatic,90,ibiza,70000,petrol,seat,no,24.33
44906,1649,small car,manual,75,golf,150000,petrol,volkswagen,no,19.83
44907,600,station wagon,automatic,150,passat,150000,diesel,volkswagen,yes,18.17
44908,3299,cabrio,automatic,71,fortwo,100000,petrol,smart,no,10.33
44909,8500,cabrio,manual,90,one,150000,petrol,mini,no,13.33
44910,15500,limousine,automatic,197,5er,125000,diesel,bmw,no,10.83
44911,300,station wagon,manual,75,escort,150000,petrol,ford,no,22.58
44912,8285,station wagon,automatic,190,e_klasse,150000,diesel,mercedes_benz,no,13.67
44915,1100,limousine,manual,75,golf,150000,petrol,volkswagen,no,20.67
44917,10500,suv,manual,107,duster,70000,diesel,dacia,no,7.67
44918,550,coupe,manual,90,golf,150000,petrol,volkswagen,no,24.33
44919,2450,small car,manual,64,polo,150000,petrol,volkswagen,no,17.0
44921,9500,bus,automatic,199,others,150000,petrol,chevrolet,no,23.17
44923,250,station wagon,manual,115,vectra,150000,petrol,opel,yes,19.5
44924,1300,small car,automatic,65,corsa,80000,petrol,opel,no,20.0
44925,5800,bus,manual,120,others,150000,diesel,peugeot,no,12.0
44926,2790,limousine,automatic,101,golf,150000,petrol,volkswagen,no,18.17
44928,3500,small car,automatic,61,fortwo,60000,petrol,smart,no,14.0
44929,450,station wagon,manual,75,astra,150000,diesel,opel,yes,17.92
44931,6900,limousine,manual,256,a6,150000,petrol,audi,no,13.75
44933,600,limousine,manual,150,3er,150000,petrol,bmw,yes,21.5
44934,9990,coupe,manual,174,cooper,125000,petrol,mini,no,12.92
44935,700,station wagon,manual,75,golf,150000,petrol,volkswagen,no,19.67
44936,14800,limousine,automatic,136,a_klasse,50000,petrol,mercedes_benz,no,7.08
44937,11200,bus,manual,131,transporter,150000,diesel,volkswagen,no,9.17
44939,6200,suv,automatic,165,x_trail,150000,petrol,nissan,no,12.08
44941,1500,limousine,manual,75,golf,150000,petrol,volkswagen,no,20.08
44943,2050,limousine,manual,170,omega,150000,petrol,opel,no,18.5
44944,8350,station wagon,automatic,179,a6,150000,diesel,audi,no,12.5
44945,6900,cabrio,manual,179,tt,150000,petrol,audi,no,13.08
44946,22300,limousine,manual,280,astra,50000,petrol,opel,no,5.25
44947,2700,small car,manual,109,c3,125000,diesel,citroen,no,12.25
44948,2790,limousine,manual,170,5er,150000,petrol,bmw,yes,17.17
44949,690,limousine,manual,170,5er,150000,petrol,bmw,yes,20.25
44950,14900,station wagon,manual,232,a6,150000,diesel,audi,no,10.67
44951,899,small car,manual,122,civic,150000,petrol,honda,no,22.83
44952,7299,station wagon,automatic,163,3er,150000,diesel,bmw,no,12.58
44954,6590,bus,manual,66,berlingo,125000,diesel,citroen,no,6.92
44955,13800,limousine,manual,105,golf,50000,diesel,volkswagen,no,6.83
44956,37900,limousine,automatic,300,golf,20000,petrol,volkswagen,no,3.58
44958,5750,small car,manual,90,corsa,90000,petrol,opel,no,9.33
44959,1299,limousine,automatic,121,c_klasse,150000,petrol,mercedes_benz,yes,20.83
44960,2200,limousine,manual,101,golf,150000,diesel,volkswagen,no,15.25
44961,1400,small car,manual,65,others,100000,petrol,suzuki,no,18.33
44962,9600,bus,manual,140,touran,150000,diesel,volkswagen,no,7.5
44965,850,station wagon,manual,90,80,150000,diesel,audi,no,23.42
44966,36800,cabrio,automatic,306,slk,80000,petrol,mercedes_benz,no,6.25
44969,7300,small car,manual,133,twingo,50000,petrol,renault,no,7.25
44970,4600,small car,manual,67,matiz,40000,petrol,chevrolet,no,8.08
44971,1700,station wagon,automatic,131,passat,150000,diesel,volkswagen,no,17.08
44972,1400,station wagon,manual,125,a4,150000,petrol,audi,no,22.67
44974,1499,limousine,manual,118,3er,150000,lpg,bmw,yes,20.58
44975,1500,limousine,manual,125,a4,150000,petrol,audi,no,19.33
44976,9450,small car,manual,68,2_reihe,20000,petrol,peugeot,no,4.42
44978,6990,station wagon,manual,125,ceed,80000,petrol,kia,no,8.33
44979,5950,limousine,automatic,170,jetta,20000,petrol,volkswagen,yes,3.58
44980,6950,limousine,automatic,122,e_klasse,150000,diesel,mercedes_benz,no,11.08
44981,6290,small car,automatic,71,fortwo,50000,petrol,smart,no,7.92
44982,17500,limousine,manual,116,1er,40000,diesel,bmw,no,5.42
44983,1699,small car,manual,60,lupo,150000,petrol,volkswagen,no,17.5
44984,1650,station wagon,manual,131,mondeo,150000,diesel,ford,no,15.33
44985,1300,small car,manual,60,fiesta,80000,petrol,ford,no,18.33
44987,1500,limousine,manual,150,passat,5000,lpg,volkswagen,yes,19.75
44989,1999,limousine,manual,174,golf,150000,petrol,volkswagen,no,26.08
44990,1650,station wagon,manual,150,a6,150000,diesel,audi,no,19.58
44992,3300,bus,manual,82,sprinter,125000,diesel,mercedes_benz,no,17.33
44993,4550,limousine,automatic,170,a6,90000,petrol,audi,no,16.5
44994,6900,small car,manual,80,polo,60000,petrol,volkswagen,no,10.92
44995,19750,bus,manual,122,tiguan,60000,petrol,volkswagen,no,5.92
44997,1100,station wagon,manual,170,e_klasse,150000,diesel,mercedes_benz,yes,18.0
45000,9999,limousine,manual,122,1er,50000,petrol,bmw,no,8.67
45001,1750,small car,manual,54,c1,150000,diesel,citroen,no,10.25
45004,2500,suv,automatic,184,x_reihe,30000,diesel,bmw,no,4.83
45008,2990,small car,automatic,75,clio,80000,petrol,renault,no,15.33
45009,2400,station wagon,manual,175,156,150000,diesel,alfa_romeo,no,16.0
45012,4850,small car,automatic,71,fortwo,80000,petrol,smart,no,7.25
45013,1500,small car,manual,60,punto,100000,petrol,fiat,no,14.92
45014,7390,limousine,manual,102,a3,150000,petrol,audi,no,12.42
45016,9950,cabrio,manual,170,cooper,100000,petrol,mini,no,14.75
45018,2999,small car,manual,87,yaris,150000,petrol,toyota,no,13.75
45020,2850,station wagon,manual,150,vectra,150000,diesel,opel,no,14.42
45021,14900,station wagon,automatic,140,golf,70000,diesel,volkswagen,no,6.5
45026,7000,cabrio,manual,140,astra,125000,petrol,opel,no,11.25
45027,2300,limousine,manual,105,3er,150000,petrol,bmw,no,19.08
45028,3350,station wagon,automatic,170,passat,150000,diesel,volkswagen,no,11.33
45029,750,small car,manual,75,civic,150000,petrol,honda,no,24.42
45032,3850,limousine,automatic,163,5er,150000,diesel,bmw,no,15.08
45033,15500,small car,manual,63,cooper,90000,petrol,mini,no,20.5
45034,700,limousine,manual,133,others,150000,petrol,chrysler,no,19.67
45035,10500,limousine,automatic,363,others,125000,petrol,jaguar,no,19.17
45037,1999,small car,manual,54,polo,150000,petrol,volkswagen,no,15.92
45038,9999,station wagon,automatic,170,c_klasse,150000,diesel,mercedes_benz,no,10.25
45039,1900,small car,manual,75,golf,150000,petrol,volkswagen,no,18.0
45041,1155,limousine,automatic,125,a4,150000,petrol,audi,no,20.75
45042,1590,station wagon,manual,131,mondeo,150000,diesel,ford,no,16.08
45043,34500,limousine,automatic,170,c_klasse,20000,diesel,mercedes_benz,no,4.92
45044,2600,small car,manual,60,punto,70000,petrol,fiat,no,11.17
45045,950,station wagon,automatic,125,passat,150000,petrol,volkswagen,no,19.83
45046,2999,limousine,manual,109,3_reihe,150000,petrol,peugeot,no,13.83
45048,7800,coupe,automatic,140,megane,125000,petrol,renault,no,8.75
45049,2600,small car,manual,90,2_reihe,150000,diesel,peugeot,no,15.67
45050,5250,limousine,manual,150,3er,125000,petrol,bmw,no,18.33
45051,28900,suv,automatic,385,cayenne,80000,petrol,porsche,no,9.08
45052,3850,limousine,manual,75,colt,125000,petrol,mitsubishi,no,9.33
45055,4499,limousine,manual,140,golf,150000,diesel,volkswagen,no,14.83
45056,7900,station wagon,automatic,143,c_klasse,80000,petrol,mercedes_benz,no,13.83
45057,1750,limousine,manual,129,1er,150000,petrol,bmw,yes,13.42
45058,12500,cabrio,manual,122,eos,70000,petrol,volkswagen,no,9.5
45060,3500,station wagon,automatic,101,astra,150000,petrol,opel,no,23.25
45061,6700,small car,manual,95,others,150000,diesel,alfa_romeo,no,8.33
45062,1600,limousine,manual,116,golf,150000,petrol,volkswagen,no,22.5
45063,1800,small car,manual,101,golf,150000,diesel,volkswagen,yes,16.17
45064,8900,station wagon,automatic,131,insignia,150000,diesel,opel,no,9.25
45065,7990,small car,manual,69,ibiza,40000,petrol,seat,no,6.83
45066,12800,small car,manual,174,cooper,60000,petrol,mini,no,10.0
45067,25500,limousine,automatic,184,5er,80000,diesel,bmw,no,7.25
45068,2890,limousine,manual,131,mondeo,150000,diesel,ford,no,14.83
45069,4450,station wagon,manual,111,megane,70000,petrol,renault,no,11.5
45070,2800,station wagon,manual,116,a4,150000,diesel,audi,no,17.17
45072,1450,small car,automatic,54,fortwo,125000,petrol,smart,no,16.33
45075,890,limousine,manual,88,3_reihe,150000,petrol,mazda,no,19.25
45077,12000,limousine,manual,143,a4,150000,diesel,audi,no,10.08
45082,13900,station wagon,automatic,231,3er,150000,diesel,bmw,no,10.5
45084,13799,cabrio,manual,224,tt,150000,petrol,audi,no,13.25
45085,13500,coupe,manual,241,scirocco,100000,petrol,volkswagen,no,9.58
45086,40950,suv,automatic,204,m_klasse,125000,diesel,mercedes_benz,no,6.67
45088,19800,bus,automatic,140,sharan,70000,diesel,volkswagen,no,6.25
45089,3499,small car,manual,64,polo,100000,petrol,volkswagen,no,14.17
45090,8450,small car,manual,82,fiesta,40000,petrol,ford,no,6.67
45091,650,small car,manual,60,ka,150000,petrol,ford,no,19.83
45092,3350,suv,manual,115,others,150000,petrol,ford,no,16.75
45093,600,station wagon,manual,102,3er,150000,petrol,bmw,no,20.92
45095,2100,small car,manual,60,lupo,100000,petrol,volkswagen,no,15.33
45097,899,limousine,manual,90,golf,150000,diesel,volkswagen,yes,21.08
45098,150,small car,manual,90,ibiza,150000,petrol,seat,yes,22.42
45099,8500,small car,manual,120,cooper,80000,petrol,mini,no,11.42
45101,1299,limousine,manual,71,astra,90000,petrol,opel,no,23.33
45102,8650,limousine,automatic,232,a6,150000,diesel,audi,no,11.75
45103,22900,station wagon,automatic,190,a6,125000,diesel,audi,no,8.75
45105,790,small car,manual,54,corsa,125000,petrol,opel,no,18.25
45106,13199,limousine,manual,150,3er,100000,petrol,bmw,no,11.42
45107,4599,station wagon,manual,131,a6,150000,diesel,audi,no,18.0
45108,8990,limousine,manual,103,qashqai,90000,diesel,nissan,no,9.5
45109,2950,limousine,automatic,193,3er,150000,petrol,bmw,no,23.0
45111,5000,limousine,manual,192,156,150000,petrol,alfa_romeo,no,16.58
45112,3300,limousine,automatic,306,s_klasse,150000,petrol,mercedes_benz,no,20.75
45114,5399,limousine,manual,140,octavia,150000,diesel,skoda,no,10.08
45115,1599,small car,manual,60,ka,150000,petrol,ford,no,12.92
45116,19750,station wagon,automatic,239,a6,150000,diesel,audi,no,9.5
45117,2600,station wagon,manual,101,passat,150000,diesel,volkswagen,no,13.17
45118,1750,station wagon,manual,107,3_reihe,150000,diesel,peugeot,no,14.17
45119,16998,limousine,automatic,232,a8,150000,diesel,audi,no,10.5
45121,13800,cabrio,automatic,224,clk,125000,diesel,mercedes_benz,no,13.67
45122,6900,small car,manual,69,corsa,30000,petrol,opel,no,5.83
45123,990,small car,manual,80,punto,150000,petrol,fiat,no,16.5
45124,2890,station wagon,manual,116,passat,150000,diesel,volkswagen,no,18.17
45125,1599,small car,manual,54,polo,150000,petrol,volkswagen,no,34.33
45126,5500,coupe,manual,90,astra,90000,petrol,opel,no,10.25
45128,599,small car,automatic,58,twingo,150000,petrol,renault,no,19.33
45129,2000,small car,manual,50,polo,150000,petrol,volkswagen,no,17.25
45130,1500,limousine,manual,75,golf,150000,petrol,volkswagen,no,18.58
45131,2100,limousine,manual,75,golf,150000,petrol,volkswagen,no,16.83
45135,790,limousine,manual,101,focus,150000,petrol,ford,yes,16.33
45136,7200,small car,manual,82,fiesta,70000,petrol,ford,no,8.58
45137,1400,small car,manual,54,clio,90000,petrol,renault,no,24.5
45139,3999,cabrio,manual,113,megane,150000,petrol,renault,no,13.5
45140,5600,cabrio,manual,179,astra,150000,petrol,opel,no,11.75
45141,17000,coupe,manual,239,a5,150000,diesel,audi,no,9.17
45142,5000,suv,manual,109,others,150000,diesel,ford,yes,18.08
45143,1900,small car,manual,64,polo,150000,petrol,volkswagen,no,16.83
45146,2200,limousine,automatic,310,a8,150000,petrol,audi,yes,18.42
45147,6000,cabrio,manual,102,beetle,125000,petrol,volkswagen,no,14.0
45148,28900,limousine,automatic,150,q3,30000,petrol,audi,no,3.17
45152,2300,limousine,manual,116,focus,150000,petrol,ford,no,14.42
45153,199,small car,manual,45,corsa,125000,petrol,opel,no,23.0
45154,17900,cabrio,automatic,245,others,150000,petrol,mercedes_benz,no,38.42
45161,14500,cabrio,automatic,231,slk,125000,petrol,mercedes_benz,no,13.5
45164,399,station wagon,automatic,131,omega,150000,diesel,opel,no,17.33
45166,644,limousine,manual,110,others,150000,petrol,citroen,no,20.08
45167,650,station wagon,manual,144,omega,150000,petrol,opel,yes,18.33
45170,4000,cabrio,manual,90,tigra,90000,petrol,opel,no,13.08
45172,1200,small car,manual,58,corsa,150000,petrol,opel,no,17.92
45178,1299,station wagon,manual,140,156,150000,diesel,alfa_romeo,no,17.17
45179,2200,limousine,manual,120,passat,150000,petrol,volkswagen,no,19.0
45180,5999,cabrio,automatic,84,fortwo,50000,petrol,smart,no,10.42
45181,14000,limousine,manual,197,1er,125000,diesel,bmw,no,7.33
45182,300,small car,manual,75,civic,150000,petrol,honda,yes,22.67
45184,4990,limousine,manual,150,5er,150000,petrol,bmw,no,18.67
45186,6489,station wagon,manual,125,mondeo,150000,petrol,ford,no,11.92
45187,1499,small car,automatic,54,fortwo,125000,petrol,smart,no,18.83
45189,1199,bus,manual,145,galaxy,150000,petrol,ford,no,20.75
45190,14499,limousine,manual,143,a4,150000,diesel,audi,no,12.0
45192,2750,station wagon,manual,131,passat,150000,diesel,volkswagen,no,16.92
45193,1200,small car,manual,58,clio,150000,petrol,renault,no,18.25
45194,6250,bus,manual,114,vivaro,150000,diesel,opel,no,11.08
45195,7500,bus,manual,170,others,150000,diesel,hyundai,no,10.67
45196,6190,small car,manual,69,fabia,125000,petrol,skoda,no,11.0
45197,28500,suv,automatic,163,kuga,20000,diesel,ford,no,4.83
45198,4500,station wagon,manual,140,passat,150000,diesel,volkswagen,no,11.08
45199,12500,cabrio,manual,231,slk,150000,petrol,mercedes_benz,no,13.5
45200,1200,coupe,automatic,133,others,125000,petrol,audi,no,26.33
45201,3500,suv,manual,72,others,150000,petrol,jeep,yes,65.83
45202,900,limousine,manual,90,golf,150000,petrol,volkswagen,no,23.83
45203,19269,limousine,manual,122,b_klasse,40000,petrol,mercedes_benz,no,7.92
45204,6400,small car,manual,60,fiesta,50000,petrol,ford,no,7.42
45205,2500,station wagon,manual,90,astra,150000,petrol,opel,no,13.25
45207,3950,bus,manual,143,5_reihe,150000,diesel,mazda,no,12.58
45208,500,others,manual,60,kangoo,150000,petrol,renault,yes,17.0
45209,2100,small car,manual,58,corsa,150000,petrol,opel,no,17.92
45212,200,small car,automatic,75,clio,80000,petrol,renault,yes,26.92
45215,3350,small car,manual,68,c2,150000,diesel,citroen,no,13.58
45216,3899,small car,manual,100,ibiza,125000,petrol,seat,no,16.92
45217,1800,station wagon,manual,60,fabia,150000,petrol,skoda,yes,16.92
45218,6500,small car,manual,76,500,80000,petrol,fiat,no,11.42
45219,11299,limousine,manual,129,3er,30000,petrol,bmw,no,12.67
45220,2990,small car,manual,105,golf,150000,petrol,volkswagen,no,16.42
45221,1999,suv,manual,116,others,150000,petrol,opel,no,24.25
45222,8900,limousine,automatic,184,3er,90000,diesel,bmw,yes,7.83
45225,17950,limousine,manual,150,golf,20000,diesel,volkswagen,no,5.5
45228,1800,station wagon,manual,150,passat,150000,petrol,volkswagen,no,18.92
45229,47999,limousine,automatic,204,c_klasse,10000,diesel,mercedes_benz,no,3.25
45230,3999,small car,manual,185,ibiza,150000,petrol,seat,no,18.67
45231,4800,station wagon,manual,105,astra,150000,petrol,opel,no,13.83
45232,2500,limousine,manual,174,80,150000,lpg,audi,no,26.5
45234,7750,bus,automatic,140,b_klasse,150000,diesel,mercedes_benz,no,12.75
45235,12000,suv,automatic,163,others,150000,diesel,toyota,no,14.33
45236,13500,bus,manual,102,transporter,150000,diesel,volkswagen,no,8.5
45237,2500,limousine,manual,143,3er,150000,petrol,bmw,no,14.25
45239,1200,small car,manual,50,lupo,125000,petrol,volkswagen,yes,18.25
45240,750,limousine,manual,75,astra,150000,petrol,opel,no,19.25
45241,1100,limousine,automatic,155,156,150000,petrol,alfa_romeo,no,19.58
45242,3490,limousine,manual,95,a_klasse,150000,diesel,mercedes_benz,no,16.42
45243,895,limousine,manual,101,astra,150000,petrol,opel,no,23.42
45246,17000,station wagon,manual,140,octavia,30000,petrol,skoda,no,5.58
45249,14495,limousine,manual,170,superb,150000,diesel,skoda,no,7.42
45250,7499,small car,manual,60,polo,150000,petrol,volkswagen,no,6.92
45251,9500,station wagon,automatic,140,golf,150000,diesel,volkswagen,yes,8.08
45252,8200,limousine,manual,110,golf,150000,diesel,volkswagen,no,9.67
45256,2850,others,manual,105,astra,150000,petrol,opel,no,12.0
45258,350,station wagon,manual,150,vectra,150000,petrol,opel,yes,16.33
45261,6500,bus,manual,105,golf,150000,diesel,volkswagen,no,9.83
45262,2490,small car,manual,60,corsa,125000,petrol,opel,no,14.08
45263,3700,cabrio,manual,95,tigra,150000,petrol,opel,no,13.33
45264,700,station wagon,manual,115,v40,150000,petrol,volvo,no,21.58
45265,7500,limousine,manual,179,a6,150000,diesel,audi,no,13.08
45266,850,station wagon,manual,100,focus,150000,diesel,ford,yes,14.5
45267,6600,cabrio,automatic,219,clk,5000,petrol,mercedes_benz,no,18.67
45268,11800,station wagon,automatic,197,5er,150000,diesel,bmw,no,11.58
45269,2499,station wagon,manual,120,astra,150000,diesel,opel,no,12.25
45270,3300,coupe,manual,179,tt,150000,petrol,audi,no,20.92
45271,3200,station wagon,manual,75,fabia,100000,petrol,skoda,no,13.33
45272,8999,station wagon,manual,110,astra,150000,diesel,opel,no,7.33
45275,17995,station wagon,manual,245,3er,150000,diesel,bmw,no,9.75
45276,1900,small car,manual,60,corsa,150000,diesel,opel,no,18.33
45278,13300,small car,manual,122,a1,70000,petrol,audi,no,6.25
45279,2900,coupe,manual,136,clk,150000,petrol,mercedes_benz,no,19.58
45280,14800,coupe,automatic,160,scirocco,70000,petrol,volkswagen,no,8.92
45281,500,limousine,manual,54,golf,150000,petrol,volkswagen,no,26.33
45282,1699,station wagon,manual,155,a4,150000,diesel,audi,no,17.92
45283,15990,suv,automatic,197,sorento,150000,diesel,kia,no,8.58
45291,1150,limousine,manual,75,megane,125000,petrol,renault,no,22.5
45293,1250,limousine,manual,75,ibiza,150000,petrol,seat,no,15.25
45294,1820,limousine,automatic,75,astra,125000,petrol,opel,no,20.83
45295,16299,coupe,manual,143,1er,125000,diesel,bmw,no,9.75
45297,13400,station wagon,automatic,170,a6,150000,diesel,audi,no,9.25
45298,2500,limousine,automatic,90,golf,100000,petrol,volkswagen,no,27.08
45300,4500,bus,manual,102,transporter,150000,diesel,volkswagen,no,19.0
45301,1400,small car,manual,75,golf,150000,petrol,volkswagen,no,20.58
45305,7750,limousine,automatic,326,s_klasse,150000,lpg,mercedes_benz,no,26.5
45307,16999,small car,manual,90,polo,20000,petrol,volkswagen,no,4.67
45310,9800,station wagon,automatic,150,passat,150000,cng,volkswagen,no,8.42
45313,2599,bus,automatic,116,galaxy,150000,diesel,ford,no,16.25
45315,2350,cabrio,manual,110,mx_reihe,150000,petrol,mazda,no,19.33
45316,11498,suv,manual,160,yeti,125000,petrol,skoda,no,7.5
45317,17999,limousine,manual,300,impreza,100000,petrol,subaru,no,10.75
45318,700,small car,manual,45,corsa,150000,petrol,opel,no,22.42
45320,999,small car,manual,60,punto,150000,petrol,fiat,no,16.25
45321,2480,small car,manual,60,corsa,150000,petrol,opel,no,12.25
45322,1600,small car,manual,95,forfour,150000,diesel,smart,yes,14.33
45323,250,limousine,manual,75,golf,150000,petrol,volkswagen,no,21.0
45324,650,station wagon,manual,55,astra,150000,petrol,opel,no,21.25
45325,3021,limousine,manual,140,a4,125000,diesel,audi,no,14.0
45326,13500,cabrio,manual,163,others,100000,petrol,audi,no,15.42
45328,10199,station wagon,automatic,177,3er,150000,diesel,bmw,no,9.5
45329,13999,station wagon,manual,19,500,60000,petrol,fiat,no,49.58
45330,3000,station wagon,manual,120,astra,150000,diesel,opel,no,13.92
45331,4200,small car,manual,61,fortwo,125000,petrol,smart,no,10.33
45332,9900,cabrio,manual,170,cooper,100000,petrol,mini,no,13.5
45336,1950,bus,manual,140,sharan,150000,diesel,volkswagen,no,11.67
45337,2890,suv,automatic,205,others,150000,petrol,opel,no,16.67
45339,2300,limousine,automatic,235,s_klasse,150000,diesel,mercedes_benz,yes,12.83
45340,750,station wagon,manual,115,v40,150000,petrol,volvo,no,21.42
45341,3799,limousine,manual,105,golf,150000,diesel,volkswagen,no,14.58
45342,7200,small car,manual,86,fabia,10000,petrol,skoda,no,9.25
45344,1200,small car,automatic,60,corsa,40000,petrol,opel,no,23.83
45345,3150,limousine,manual,105,golf,150000,diesel,volkswagen,yes,13.58
45346,24950,cabrio,manual,300,911,150000,petrol,porsche,no,18.58
45348,1250,small car,manual,69,ka,125000,petrol,ford,no,15.67
45350,8190,limousine,automatic,218,x_reihe,150000,diesel,bmw,no,11.25
45351,1666,limousine,manual,101,golf,150000,petrol,volkswagen,no,21.25
45352,4750,small car,manual,76,twingo,50000,petrol,renault,no,10.92
45354,15590,limousine,automatic,170,golf,150000,diesel,volkswagen,no,7.67
45356,1999,bus,manual,116,zafira,125000,petrol,opel,no,18.08
45359,2499,suv,manual,136,others,150000,petrol,opel,no,23.83
45360,4600,cabrio,manual,140,touran,150000,diesel,volkswagen,no,13.75
45364,4650,suv,automatic,272,m_klasse,150000,petrol,mercedes_benz,no,19.75
45367,6500,cabrio,manual,179,tt,150000,petrol,audi,no,18.25
45370,5899,cabrio,manual,150,astra,150000,diesel,opel,no,11.92
45373,1600,limousine,manual,90,escort,90000,petrol,ford,no,20.17
45374,4500,station wagon,manual,177,3er,150000,diesel,bmw,no,11.83
45375,9480,cabrio,manual,224,tt,150000,petrol,audi,no,19.0
45376,7200,limousine,manual,160,passat,150000,petrol,volkswagen,no,10.25
45377,1699,small car,manual,60,ypsilon,150000,petrol,lancia,no,15.25
45378,7000,limousine,automatic,177,3er,125000,diesel,bmw,no,9.5
45379,9700,cabrio,manual,126,mx_reihe,60000,petrol,mazda,no,12.42
45380,6950,station wagon,manual,209,xc_reihe,150000,lpg,volvo,no,13.08
45382,6499,bus,automatic,120,zafira,150000,diesel,opel,no,11.58
45386,1350,bus,manual,82,kangoo,150000,diesel,renault,yes,15.5
45387,2600,cabrio,manual,107,megane,150000,petrol,renault,no,18.33
45389,11999,small car,manual,114,2_reihe,50000,diesel,peugeot,no,6.33
45390,500,limousine,manual,105,147,150000,petrol,alfa_romeo,yes,16.17
45391,16150,suv,manual,130,x_trail,20000,diesel,nissan,no,3.42
45392,11500,limousine,manual,143,1er,80000,petrol,bmw,no,8.5
45393,7999,station wagon,manual,105,golf,100000,diesel,volkswagen,no,9.0
45394,16900,station wagon,automatic,218,5er,150000,diesel,bmw,no,6.58
45396,3800,small car,manual,75,sandero,40000,petrol,dacia,no,9.75
45397,9750,cabrio,manual,150,eos,80000,petrol,volkswagen,no,11.92
45399,6999,bus,manual,77,transporter,150000,diesel,volkswagen,no,25.58
45401,10000,cabrio,automatic,190,sl,150000,petrol,mercedes_benz,no,26.83
45402,550,station wagon,manual,190,passat,150000,petrol,volkswagen,yes,20.0
45408,3649,limousine,manual,105,golf,90000,diesel,volkswagen,no,10.67
45409,349,small car,manual,60,polo,150000,petrol,volkswagen,yes,21.42
45411,1750,limousine,manual,75,golf,150000,petrol,volkswagen,no,17.25
45412,8600,limousine,manual,116,1er,150000,diesel,bmw,no,9.58
45413,4250,station wagon,automatic,170,c_klasse,150000,petrol,mercedes_benz,no,15.17
45414,3449,cabrio,manual,140,mx_reihe,150000,petrol,mazda,no,20.5
45415,250,small car,manual,54,polo,150000,petrol,volkswagen,no,23.42
45416,500,small car,manual,60,corsa,150000,petrol,opel,no,19.33
45419,14990,cabrio,automatic,184,clk,100000,petrol,mercedes_benz,no,11.08
45420,10499,station wagon,manual,218,a6,150000,diesel,audi,no,11.75
45421,2960,station wagon,manual,131,passat,150000,diesel,volkswagen,no,17.0
45422,2590,small car,manual,97,getz,150000,lpg,hyundai,no,11.08
45423,4800,small car,manual,80,fiesta,70000,petrol,ford,no,10.25
45424,10300,station wagon,manual,105,golf,80000,petrol,volkswagen,no,7.25
45426,9800,limousine,automatic,334,a8,150000,petrol,audi,no,13.58
45429,7350,cabrio,manual,150,eos,150000,petrol,volkswagen,no,11.08
45431,2250,limousine,manual,101,golf,150000,diesel,volkswagen,no,15.33
45432,1750,small car,manual,69,corsa,150000,diesel,opel,no,12.25
45433,5500,bus,manual,143,5_reihe,150000,diesel,mazda,no,12.75
45434,7950,station wagon,manual,265,others,150000,petrol,audi,no,21.0
45435,1999,small car,manual,75,polo,150000,petrol,volkswagen,no,14.33
45437,22300,station wagon,manual,120,a4,20000,petrol,audi,no,4.75
45439,900,limousine,manual,107,others,150000,petrol,toyota,no,22.58
45440,23900,station wagon,automatic,258,5er,90000,petrol,bmw,no,12.5
45441,2490,small car,manual,68,yaris,150000,petrol,toyota,no,17.83
45442,3300,limousine,manual,90,astra,150000,petrol,opel,no,12.92
45443,29850,station wagon,manual,211,a4,50000,petrol,audi,no,6.25
45445,11750,suv,manual,150,x_reihe,150000,diesel,bmw,no,12.92
45447,1999,limousine,manual,160,e_klasse,150000,petrol,mercedes_benz,no,30.0
45448,7900,cabrio,automatic,163,slk,125000,petrol,mercedes_benz,no,15.25
45449,5500,small car,manual,69,ka,40000,petrol,ford,no,9.5
45450,5900,station wagon,automatic,235,5er,125000,diesel,bmw,no,10.67
45451,2600,bus,manual,101,transit,150000,diesel,ford,yes,17.42
45454,1400,small car,manual,70,twingo,90000,petrol,renault,no,15.0
45455,900,small car,manual,58,twingo,150000,petrol,renault,no,16.83
45456,2800,limousine,manual,75,focus,125000,petrol,ford,no,14.5
45458,650,small car,manual,58,corsa,150000,petrol,opel,no,15.5
45459,1500,coupe,manual,116,calibra,150000,petrol,opel,no,26.25
45460,6850,station wagon,manual,150,c_klasse,150000,diesel,mercedes_benz,no,12.67
45461,400,small car,manual,60,corsa,150000,petrol,opel,no,21.08
45462,2250,limousine,manual,115,3er,150000,petrol,bmw,no,15.33
45463,23250,station wagon,automatic,177,passat,70000,diesel,volkswagen,no,6.92
45465,8650,station wagon,manual,170,passat,150000,diesel,volkswagen,no,11.08
45466,3898,limousine,manual,125,focus,150000,petrol,ford,no,12.92
45467,5550,bus,manual,140,transporter,150000,petrol,volkswagen,no,21.08
45468,850,station wagon,automatic,150,a6,150000,diesel,audi,yes,17.25
45469,2200,cabrio,manual,110,mx_reihe,150000,petrol,mazda,no,19.0
45470,2500,limousine,automatic,150,3er,80000,petrol,bmw,no,16.0
45471,5800,small car,manual,101,polo,150000,diesel,volkswagen,no,12.08
45472,2750,station wagon,manual,150,passat,150000,diesel,volkswagen,no,17.08
45473,2800,limousine,automatic,170,5er,150000,petrol,bmw,no,18.67
45474,6999,suv,automatic,174,touareg,150000,diesel,volkswagen,no,14.83
45477,2950,cabrio,automatic,109,2_reihe,100000,petrol,peugeot,no,16.25
45480,650,limousine,manual,113,3er,150000,petrol,bmw,no,27.92
45481,8800,limousine,manual,116,astra,70000,petrol,opel,no,8.5
45482,1900,limousine,manual,75,colt,80000,petrol,mitsubishi,no,14.67
45486,17950,limousine,automatic,231,c_klasse,150000,diesel,mercedes_benz,no,8.25
45489,6850,small car,manual,95,others,100000,petrol,alfa_romeo,no,7.42
45491,19985,coupe,manual,265,megane,20000,petrol,renault,no,5.75
45492,2650,station wagon,automatic,131,passat,150000,diesel,volkswagen,no,16.33
45493,14400,small car,manual,90,polo,30000,petrol,volkswagen,no,4.33
45494,9990,small car,manual,86,polo,20000,petrol,volkswagen,no,7.25
45496,2990,limousine,manual,101,focus,125000,petrol,ford,no,12.25
45497,600,limousine,manual,75,golf,150000,petrol,volkswagen,no,21.83
45498,7700,station wagon,manual,150,3er,150000,petrol,bmw,no,12.83
45499,6900,coupe,manual,125,cr_reihe,80000,petrol,honda,no,21.17
45500,15290,suv,manual,143,x_reihe,125000,diesel,bmw,no,7.75
45502,4499,small car,manual,131,ibiza,150000,diesel,seat,no,14.92
45504,8499,limousine,manual,143,1er,150000,diesel,bmw,no,11.75
45510,849,limousine,automatic,143,3er,150000,diesel,bmw,no,24.5
45511,1990,cabrio,manual,95,ka,150000,petrol,ford,no,14.33
45512,27900,bus,automatic,163,viano,100000,diesel,mercedes_benz,no,6.58
45513,1200,station wagon,manual,140,156,150000,diesel,alfa_romeo,no,15.83
45514,23490,coupe,automatic,170,e_klasse,125000,diesel,mercedes_benz,no,7.0
45515,2250,small car,manual,60,corsa,125000,petrol,opel,no,12.58
45516,6950,cabrio,automatic,220,a4,150000,petrol,audi,no,15.25
45517,800,limousine,manual,150,c_klasse,150000,petrol,mercedes_benz,no,23.42
45518,2300,small car,manual,75,ibiza,150000,lpg,seat,no,13.75
45519,14750,limousine,manual,160,beetle,20000,petrol,volkswagen,no,5.58
45520,8900,limousine,automatic,170,passat,150000,diesel,volkswagen,no,10.92
45521,1100,station wagon,automatic,193,5er,150000,petrol,bmw,no,20.25
45524,13699,bus,manual,105,golf,40000,petrol,volkswagen,no,6.25
45525,1490,station wagon,manual,105,bora,150000,petrol,volkswagen,no,17.42
45527,1300,small car,manual,75,2_reihe,150000,petrol,peugeot,no,16.0
45529,3900,limousine,manual,116,c_klasse,150000,diesel,mercedes_benz,no,15.08
45531,2750,station wagon,manual,110,golf,125000,petrol,volkswagen,no,16.58
45533,600,limousine,manual,75,golf,125000,petrol,volkswagen,no,20.75
45534,3500,bus,manual,131,sharan,150000,diesel,volkswagen,no,15.25
45535,9800,station wagon,manual,105,golf,150000,diesel,volkswagen,no,7.42
45536,4600,small car,manual,75,clio,70000,petrol,renault,no,12.0
45538,3600,limousine,automatic,105,others,150000,petrol,mercedes_benz,no,31.83
45540,800,limousine,manual,75,astra,150000,diesel,opel,no,16.25
45542,870,station wagon,manual,116,focus,150000,petrol,ford,no,18.25
45544,17250,cabrio,manual,160,eos,50000,petrol,volkswagen,no,7.33
45545,5500,limousine,manual,129,c_klasse,125000,petrol,mercedes_benz,no,16.0
45546,11999,suv,automatic,140,tiguan,150000,diesel,volkswagen,no,9.92
45549,2000,bus,manual,156,others,150000,lpg,peugeot,no,15.75
45553,699,small car,manual,54,seicento,125000,petrol,fiat,yes,18.33
45554,4900,station wagon,manual,140,passat,150000,diesel,volkswagen,no,13.83
45555,4500,limousine,manual,94,aveo,90000,petrol,chevrolet,no,11.25
45557,3800,small car,manual,75,a2,150000,petrol,audi,no,15.42
45558,12999,station wagon,manual,140,passat,150000,diesel,volkswagen,no,9.33
45559,4499,station wagon,manual,140,octavia,150000,diesel,skoda,no,13.25
45560,11928,coupe,automatic,241,others,150000,petrol,porsche,no,38.5
45561,1200,station wagon,manual,122,c_klasse,150000,petrol,mercedes_benz,no,21.08
45562,669,limousine,manual,82,a_klasse,150000,petrol,mercedes_benz,yes,19.5
45563,1699,coupe,manual,116,3er,150000,petrol,bmw,no,17.92
45567,28600,station wagon,automatic,181,5_reihe,60000,diesel,peugeot,no,3.33
45569,1700,limousine,manual,116,octavia,150000,petrol,skoda,no,17.25
45570,8350,station wagon,automatic,140,touran,150000,diesel,volkswagen,no,12.33
45571,1111,limousine,automatic,122,c_klasse,150000,petrol,mercedes_benz,no,24.42
45572,2399,others,manual,105,doblo,150000,diesel,fiat,no,13.25
45574,9000,small car,manual,27,others,70000,petrol,citroen,no,28.58
45575,4300,limousine,manual,101,focus,150000,lpg,ford,no,10.5
45576,1298,small car,manual,75,twingo,125000,petrol,renault,no,17.17
45577,37900,cabrio,automatic,360,slk,70000,petrol,mercedes_benz,no,10.08
45579,3700,limousine,manual,105,golf,150000,diesel,volkswagen,no,14.33
45581,252,limousine,manual,95,one,30000,diesel,mini,no,3.42
45582,23800,limousine,automatic,392,golf,50000,petrol,volkswagen,no,7.25
45583,23800,coupe,automatic,177,cc,60000,diesel,volkswagen,no,5.17
45585,23900,cabrio,manual,300,911,150000,petrol,porsche,no,17.0
45586,6300,cabrio,automatic,143,ptcruiser,125000,petrol,chrysler,no,13.33
45587,5700,limousine,manual,122,c_klasse,150000,diesel,mercedes_benz,no,14.92
45588,8200,limousine,manual,224,a6,150000,diesel,audi,no,13.92
45589,12750,cabrio,manual,218,z_reihe,150000,petrol,bmw,no,11.25
45590,1100,others,manual,90,golf,150000,petrol,volkswagen,no,30.17
45591,1400,coupe,automatic,218,clk,150000,petrol,mercedes_benz,no,20.5
45592,24400,coupe,manual,122,a_klasse,5000,petrol,mercedes_benz,no,2.17
45594,1000,cabrio,manual,54,clio,90000,petrol,renault,no,25.33
45596,3200,cabrio,manual,136,2_reihe,125000,petrol,peugeot,no,17.92
45597,4450,coupe,manual,179,tt,150000,petrol,audi,no,20.92
45598,14300,limousine,automatic,156,c_klasse,125000,petrol,mercedes_benz,no,10.67
45599,1799,station wagon,manual,125,c_klasse,150000,diesel,mercedes_benz,no,18.67
45600,11500,cabrio,manual,116,spider,100000,petrol,alfa_romeo,no,31.33
45601,650,limousine,manual,102,3er,150000,petrol,bmw,no,22.75
45602,19900,bus,manual,125,transit,70000,diesel,ford,no,5.58
45604,500,small car,manual,75,clio,80000,petrol,renault,no,20.92
45606,2800,small car,manual,60,panda,80000,petrol,fiat,no,13.75
45609,1500,limousine,manual,125,a4,150000,petrol,audi,no,20.83
45610,6999,limousine,manual,69,corsa,70000,petrol,opel,no,7.67
45613,10999,coupe,manual,200,tt,150000,petrol,audi,no,11.5
45614,275,cabrio,manual,75,astra,150000,petrol,opel,yes,24.0
45619,3850,cabrio,manual,116,3er,150000,petrol,bmw,no,21.58
45621,4700,others,manual,80,caddy,125000,petrol,volkswagen,no,13.42
45625,500,limousine,automatic,116,6_reihe,150000,petrol,mazda,yes,22.25
45626,1648,limousine,manual,60,panda,150000,petrol,fiat,no,13.58
45628,5290,station wagon,manual,163,v70,150000,diesel,volvo,no,15.83
45629,3290,cabrio,manual,116,golf,150000,petrol,volkswagen,no,17.83
45631,3490,limousine,manual,105,3er,150000,petrol,bmw,no,18.58
45632,11490,small car,manual,105,ibiza,40000,petrol,seat,no,4.5
45633,3100,small car,manual,55,polo,125000,petrol,volkswagen,no,13.25
45636,13400,limousine,automatic,218,x_reihe,150000,diesel,bmw,no,14.25
45638,1790,bus,manual,86,yaris,150000,petrol,toyota,no,18.33
45639,3600,small car,manual,69,polo,150000,diesel,volkswagen,no,13.5
45642,21999,coupe,automatic,387,cl,150000,petrol,mercedes_benz,no,10.75
45644,2100,limousine,automatic,122,c_klasse,125000,petrol,mercedes_benz,no,24.33
45645,19960,limousine,automatic,177,a6,100000,diesel,audi,no,6.17
45646,4999,small car,manual,116,golf,125000,petrol,volkswagen,no,14.5
45647,1350,small car,manual,58,corsa,150000,petrol,opel,no,17.25
45650,7500,limousine,manual,110,golf,150000,diesel,volkswagen,no,9.75
45651,2850,small car,manual,54,twingo,150000,petrol,renault,no,10.08
45654,7500,cabrio,automatic,170,3er,150000,petrol,bmw,no,15.42
45655,3000,small car,manual,80,polo,150000,diesel,volkswagen,yes,10.08
45656,5700,suv,automatic,163,m_klasse,150000,diesel,mercedes_benz,no,17.67
45657,5555,small car,manual,101,fiesta,90000,petrol,ford,no,11.83
45659,720,small car,manual,71,astra,150000,petrol,opel,no,23.5
45661,1900,small car,manual,80,punto,100000,petrol,fiat,no,19.92
45662,7800,cabrio,manual,150,2_reihe,60000,petrol,peugeot,no,11.58
45664,1600,others,manual,55,kangoo,150000,petrol,renault,yes,15.5
45666,2450,limousine,manual,75,golf,150000,petrol,volkswagen,no,17.17
45667,1250,station wagon,manual,150,a4,150000,petrol,audi,no,20.42
45668,11199,limousine,manual,105,golf,60000,petrol,volkswagen,no,8.17
45669,3499,limousine,manual,101,golf,150000,diesel,volkswagen,no,16.75
45674,1350,small car,manual,75,clio,125000,petrol,renault,no,15.42
45675,7500,coupe,automatic,272,others,150000,petrol,mercedes_benz,no,13.5
45678,2800,limousine,manual,102,a_klasse,150000,petrol,mercedes_benz,no,15.17
45680,8500,limousine,manual,170,5er,150000,petrol,bmw,no,15.58
45681,8990,station wagon,manual,102,passat,125000,petrol,volkswagen,no,8.17
45682,7999,limousine,manual,209,s60,150000,petrol,volvo,no,10.75
45685,5750,cabrio,manual,113,3er,150000,petrol,bmw,no,27.08
45686,275,small car,manual,58,twingo,90000,petrol,renault,yes,17.75
45687,25900,limousine,manual,190,cooper,20000,petrol,mini,no,3.42
45688,400,small car,manual,85,lanos,150000,petrol,daewoo,no,21.83
45691,15999,bus,manual,174,transporter,150000,diesel,volkswagen,no,13.75
45692,3200,small car,manual,67,matiz,150000,petrol,chevrolet,no,11.42
45693,1200,small car,manual,60,polo,150000,petrol,volkswagen,no,18.5
45694,5500,cabrio,manual,150,2_reihe,100000,petrol,peugeot,no,10.5
45696,3350,bus,automatic,147,zafira,125000,petrol,opel,no,15.17
45698,30450,limousine,automatic,179,a3,20000,petrol,audi,no,4.92
45700,450,small car,manual,75,2_reihe,150000,petrol,peugeot,yes,19.58
45702,9500,limousine,manual,87,corsa,20000,petrol,opel,no,4.92
45704,6250,limousine,manual,136,a_klasse,150000,petrol,mercedes_benz,no,14.67
45706,1300,station wagon,manual,101,6_reihe,150000,diesel,mazda,no,19.75
45707,8500,bus,manual,102,transporter,150000,diesel,volkswagen,no,20.08
45708,800,station wagon,manual,166,156,150000,petrol,alfa_romeo,yes,14.58
45709,5950,limousine,manual,122,5er,100000,petrol,bmw,no,39.33
45710,6200,station wagon,automatic,224,a6,150000,diesel,audi,no,13.75
45711,4900,limousine,automatic,140,a3,150000,diesel,audi,no,12.25
45712,1600,limousine,manual,101,focus,150000,petrol,ford,no,17.92
45713,1950,small car,manual,80,fiesta,80000,petrol,ford,no,15.67
45714,26449,limousine,automatic,271,golf,100000,petrol,volkswagen,no,8.92
45715,600,small car,manual,72,1_reihe,125000,petrol,mazda,no,25.75
45717,850,small car,manual,60,punto,150000,petrol,fiat,no,19.58
45721,3000,limousine,automatic,131,mondeo,150000,diesel,ford,no,14.17
45723,2550,limousine,manual,101,golf,150000,petrol,volkswagen,no,19.83
45727,2000,station wagon,manual,116,vectra,150000,petrol,opel,no,18.75
45728,12850,suv,automatic,190,m_klasse,150000,diesel,mercedes_benz,no,11.25
45730,4850,limousine,manual,60,others,40000,petrol,opel,no,39.67
45731,4499,station wagon,automatic,140,octavia,150000,diesel,skoda,no,12.75
45732,3500,bus,manual,150,zafira,150000,diesel,opel,no,14.0
45733,3100,station wagon,manual,116,v40,150000,diesel,volvo,no,14.33
45734,36990,cabrio,manual,177,a5,5000,petrol,audi,no,2.25
45736,599,limousine,manual,95,e_klasse,150000,diesel,mercedes_benz,no,21.75
45737,7600,small car,manual,60,up,5000,petrol,volkswagen,no,4.83
45738,250,limousine,manual,116,mondeo,150000,petrol,ford,yes,20.08
45740,18099,limousine,automatic,211,golf,60000,petrol,volkswagen,no,7.42
45743,2900,bus,manual,101,zafira,125000,petrol,opel,no,17.92
45744,2799,station wagon,manual,109,3_reihe,150000,petrol,peugeot,no,14.58
45745,900,station wagon,manual,101,golf,150000,petrol,volkswagen,yes,23.33
45746,1090,bus,manual,69,others,150000,petrol,mitsubishi,no,28.67
45747,9700,station wagon,manual,75,others,150000,petrol,opel,no,63.5
45749,20900,suv,automatic,239,touareg,150000,diesel,volkswagen,no,9.0
45751,1490,coupe,manual,100,3er,125000,petrol,bmw,yes,24.67
45752,2300,limousine,manual,122,c_klasse,150000,petrol,mercedes_benz,no,19.25
45753,10990,coupe,manual,200,scirocco,150000,petrol,volkswagen,no,9.17
45754,2999,limousine,manual,140,leon,150000,diesel,seat,yes,12.83
45755,1999,small car,automatic,90,clio,60000,petrol,renault,no,23.08
45756,2900,station wagon,manual,101,passat,150000,petrol,volkswagen,no,18.42
45757,5333,small car,manual,120,147,100000,petrol,alfa_romeo,no,9.83
45759,3400,limousine,manual,75,golf,150000,petrol,volkswagen,no,14.75
45760,3590,station wagon,automatic,109,1_reihe,60000,petrol,peugeot,no,14.0
45762,1300,coupe,manual,125,others,125000,petrol,ford,no,19.0
45763,695,small car,manual,75,2_reihe,150000,petrol,peugeot,yes,18.25
45767,3600,bus,manual,102,touran,150000,petrol,volkswagen,no,15.83
45768,950,limousine,manual,200,others,125000,petrol,alfa_romeo,yes,17.83
45775,2100,station wagon,manual,116,octavia,150000,petrol,skoda,yes,15.92
45776,2000,station wagon,manual,110,octavia,150000,diesel,skoda,no,17.5
45779,10999,coupe,manual,250,tt,150000,petrol,audi,no,11.92
45780,8300,station wagon,automatic,179,a6,150000,diesel,audi,no,16.5
45782,7500,cabrio,automatic,170,3er,150000,petrol,bmw,no,16.0
45783,1400,small car,manual,58,clio,150000,petrol,renault,no,17.67
45784,399,small car,manual,45,matiz,150000,petrol,daewoo,yes,18.42
45785,7400,station wagon,manual,163,5er,150000,diesel,bmw,no,11.25
45786,370,small car,manual,75,golf,150000,petrol,volkswagen,no,23.25
45787,31490,bus,manual,179,transporter,50000,diesel,volkswagen,no,6.83
45788,12900,limousine,manual,105,golf,150000,diesel,volkswagen,no,4.25
45790,1100,limousine,manual,90,80,150000,petrol,audi,no,23.08
45791,5250,suv,manual,115,rav,150000,diesel,toyota,no,14.75
45796,3800,station wagon,manual,150,mondeo,125000,petrol,ford,no,16.17
45797,9500,limousine,manual,200,a4,150000,petrol,audi,no,13.83
45799,750,limousine,manual,116,6_reihe,150000,petrol,mazda,no,19.0
45801,6690,station wagon,manual,110,astra,100000,diesel,opel,no,9.0
45804,5900,limousine,automatic,279,e_klasse,150000,petrol,mercedes_benz,no,22.42
45807,8800,cabrio,manual,193,3er,125000,petrol,bmw,no,20.58
45808,30980,bus,automatic,179,transporter,125000,diesel,volkswagen,no,7.58
45809,18999,station wagon,automatic,140,mondeo,70000,diesel,ford,no,5.83
45810,3900,cabrio,manual,116,3er,150000,petrol,bmw,no,20.58
45811,8200,small car,manual,133,twingo,60000,petrol,renault,no,7.33
45812,2300,small car,manual,82,micra,150000,petrol,nissan,no,14.17
45813,4099,suv,manual,145,santa,150000,lpg,hyundai,no,13.25
45814,7900,station wagon,manual,140,a3,150000,diesel,audi,no,11.92
45815,14900,station wagon,manual,163,i_reihe,90000,diesel,hyundai,no,6.5
45816,1100,small car,manual,75,lupo,150000,diesel,volkswagen,no,17.08
45817,16500,limousine,manual,141,qashqai,70000,petrol,nissan,no,6.5
45818,6500,station wagon,manual,105,golf,150000,diesel,volkswagen,no,9.42
45819,9000,small car,manual,86,ibiza,60000,petrol,seat,no,6.5
45821,6800,station wagon,manual,140,a4,150000,diesel,audi,no,13.25
45822,600,small car,manual,60,ibiza,150000,petrol,seat,yes,17.92
45823,2200,small car,manual,75,fiesta,150000,diesel,ford,yes,9.42
45824,6899,bus,manual,90,roomster,150000,diesel,skoda,no,5.33
45825,1899,bus,automatic,114,others,150000,petrol,mazda,no,18.08
45826,4600,others,manual,125,3er,80000,petrol,bmw,no,16.67
45827,1400,limousine,manual,90,civic,150000,petrol,honda,no,20.25
45829,4200,station wagon,automatic,250,v50,150000,petrol,volvo,no,14.33
45830,5750,station wagon,automatic,185,v70,150000,diesel,volvo,no,12.67
45831,2300,coupe,manual,175,others,150000,petrol,toyota,no,22.5
45832,7052,station wagon,manual,140,passat,150000,diesel,volkswagen,no,12.67
45833,5500,limousine,manual,105,octavia,150000,diesel,skoda,no,10.5
45834,450,station wagon,manual,90,passat,150000,petrol,volkswagen,no,23.5
45835,2300,limousine,manual,125,a3,150000,petrol,audi,no,19.5
45837,6500,small car,manual,60,polo,150000,petrol,volkswagen,no,20.5
45841,500,station wagon,automatic,144,850,150000,petrol,volvo,yes,23.5
45842,4450,limousine,manual,72,others,150000,diesel,mercedes_benz,no,32.33
45843,5900,limousine,automatic,95,a_klasse,125000,petrol,mercedes_benz,no,12.33
45844,24500,cabrio,automatic,441,z_reihe,150000,petrol,bmw,no,9.42
45846,9950,cabrio,manual,140,others,150000,diesel,chrysler,no,8.25
45847,7650,station wagon,manual,140,a3,150000,diesel,audi,no,11.58
45849,9290,station wagon,manual,170,passat,150000,diesel,volkswagen,no,8.17
45850,1499,station wagon,manual,101,focus,150000,petrol,ford,no,15.25
45851,4999,small car,manual,109,2_reihe,150000,diesel,peugeot,no,12.58
45852,10500,cabrio,automatic,170,3er,150000,petrol,bmw,no,26.25
45853,2850,small car,manual,55,fox,125000,petrol,volkswagen,no,11.25
45854,3900,small car,manual,85,ibiza,125000,petrol,seat,no,12.0
45857,15800,bus,manual,102,transporter,150000,diesel,volkswagen,no,18.5
45858,850,coupe,manual,102,3er,150000,petrol,bmw,no,22.0
45859,19000,limousine,automatic,211,a4,90000,petrol,audi,no,8.42
45860,22500,cabrio,automatic,160,golf,40000,petrol,volkswagen,no,4.25
45861,990,small car,manual,54,seicento,150000,petrol,fiat,no,15.25
45863,11000,bus,manual,50,transporter,90000,diesel,volkswagen,no,36.25
45864,2600,small car,manual,68,aygo,150000,petrol,toyota,no,14.0
45865,799,small car,manual,60,ka,125000,petrol,ford,no,16.0
45867,4900,limousine,manual,131,bora,150000,diesel,volkswagen,no,15.58
45868,4450,cabrio,manual,110,mx_reihe,150000,petrol,mazda,no,17.67
45869,3500,station wagon,manual,131,megane,150000,diesel,renault,no,13.83
45870,3700,bus,automatic,111,modus,100000,petrol,renault,no,13.17
45871,17900,cabrio,manual,126,mx_reihe,30000,petrol,mazda,no,4.92
45876,7650,station wagon,manual,197,3er,150000,diesel,bmw,no,11.58
45877,11250,limousine,manual,122,1er,70000,petrol,bmw,no,7.25
45878,3400,bus,manual,125,meriva,150000,petrol,opel,no,14.58
45879,12450,station wagon,automatic,122,passat,90000,petrol,volkswagen,no,7.08
45882,1990,small car,manual,58,twingo,150000,petrol,renault,no,18.58
45884,1790,limousine,manual,101,astra,150000,petrol,opel,no,19.33
45889,34699,limousine,automatic,408,7er,80000,petrol,bmw,no,9.42
45891,2499,station wagon,manual,131,mondeo,150000,diesel,ford,no,15.0
45892,9000,small car,manual,90,500,80000,petrol,fiat,no,6.83
45893,10000,bus,automatic,170,touran,150000,diesel,volkswagen,no,12.83
45895,16499,others,manual,136,others,90000,diesel,volkswagen,no,8.42
45896,12950,coupe,manual,170,3er,150000,petrol,bmw,no,10.58
45897,2499,coupe,manual,124,cr_reihe,150000,petrol,honda,no,27.08
45901,3999,small car,manual,60,fabia,150000,petrol,skoda,no,8.83
45902,7400,small car,manual,82,fiesta,20000,petrol,ford,no,8.5
45903,750,bus,manual,125,zafira,150000,petrol,opel,yes,17.42
45904,5800,small car,automatic,116,a_klasse,150000,diesel,mercedes_benz,no,13.0
45905,1200,limousine,manual,90,delta,125000,petrol,lancia,no,23.25
45906,3699,bus,manual,110,others,125000,diesel,hyundai,no,12.25
45907,3690,limousine,automatic,279,s_klasse,150000,petrol,mercedes_benz,yes,18.67
45908,3900,coupe,automatic,170,clk,150000,petrol,mercedes_benz,yes,16.42
45909,1050,station wagon,manual,155,signum,150000,petrol,opel,yes,15.5
45910,650,limousine,manual,60,punto,150000,petrol,fiat,no,18.0
45912,1950,limousine,manual,122,c_klasse,150000,petrol,mercedes_benz,no,22.67
45914,6199,bus,automatic,140,c4,125000,petrol,citroen,no,11.5
45915,1300,bus,manual,90,ducato,150000,diesel,fiat,no,18.17
45917,36000,cabrio,automatic,258,others,30000,petrol,jaguar,no,9.58
45920,3390,station wagon,automatic,116,c_klasse,150000,diesel,mercedes_benz,no,15.42
45921,35370,limousine,automatic,184,a3,30000,diesel,audi,no,3.42
45922,15500,suv,automatic,290,cayenne,150000,petrol,porsche,no,10.92
45923,16000,limousine,automatic,170,c_klasse,150000,diesel,mercedes_benz,no,9.0
45926,20550,limousine,automatic,271,golf,90000,petrol,volkswagen,yes,7.5
45927,15400,station wagon,manual,170,a3,70000,diesel,audi,no,8.58
45929,9650,small car,manual,90,sandero,20000,petrol,dacia,no,5.0
45932,1000,small car,manual,80,corsa,100000,petrol,opel,yes,12.08
45933,23300,cabrio,automatic,184,cooper,40000,petrol,mini,no,6.33
45934,18900,cabrio,manual,150,others,60000,petrol,saab,no,10.5
45936,7200,limousine,manual,156,accord,150000,petrol,honda,no,15.0
45937,14800,station wagon,manual,155,5_reihe,40000,petrol,peugeot,no,7.83
45938,58200,limousine,automatic,258,x_reihe,5000,diesel,bmw,no,3.5
45939,3800,limousine,manual,163,3er,150000,diesel,bmw,no,13.58
45942,6300,small car,manual,95,fiesta,125000,diesel,ford,no,8.5
45943,9800,coupe,manual,200,tt,150000,petrol,audi,no,11.5
45944,15000,limousine,automatic,184,5er,70000,diesel,bmw,yes,7.42
45945,1990,small car,manual,75,polo,125000,petrol,volkswagen,yes,21.58
45946,899,station wagon,manual,116,v40,150000,diesel,volvo,no,17.5
45947,7700,small car,manual,69,polo,50000,petrol,volkswagen,no,9.75
45948,13200,bus,manual,163,vito,150000,diesel,mercedes_benz,no,6.75
45949,4000,bus,manual,105,caddy,150000,diesel,volkswagen,yes,9.58
45952,280,small car,manual,45,polo,125000,petrol,volkswagen,yes,22.92
45953,1400,small car,manual,68,punto,150000,petrol,fiat,no,16.25
45956,32500,station wagon,automatic,313,a6,125000,diesel,audi,no,5.42
45960,5000,limousine,manual,122,1er,90000,petrol,bmw,yes,10.5
45961,4350,bus,manual,120,c_max,150000,petrol,ford,no,14.33
45962,52700,cabrio,automatic,265,boxster,20000,petrol,porsche,no,4.33
45963,7000,station wagon,automatic,218,5er,150000,diesel,bmw,no,14.5
45966,949,small car,manual,75,justy,150000,petrol,subaru,no,27.83
45967,6950,cabrio,automatic,84,fortwo,60000,petrol,smart,no,10.92
45968,1500,small car,automatic,54,fortwo,125000,petrol,smart,no,17.25
45971,2500,small car,automatic,50,fortwo,100000,petrol,smart,no,12.42
45973,7950,limousine,manual,142,c_klasse,60000,petrol,mercedes_benz,no,14.75
45975,900,limousine,manual,110,900,150000,petrol,saab,no,30.92
45978,6000,limousine,manual,170,c_klasse,150000,diesel,mercedes_benz,no,15.58
45979,749,station wagon,manual,101,astra,150000,petrol,opel,yes,18.92
45980,2399,small car,automatic,75,others,50000,petrol,citroen,no,17.42
45981,1800,limousine,manual,75,astra,150000,petrol,opel,no,19.42
45982,1750,limousine,manual,90,80,150000,diesel,audi,no,25.92
45983,1499,limousine,automatic,116,vectra,125000,petrol,opel,no,21.75
45986,3400,station wagon,manual,131,passat,125000,petrol,volkswagen,no,16.42
45987,6410,station wagon,automatic,150,3er,150000,diesel,bmw,no,11.17
45988,9500,station wagon,manual,147,forester,150000,diesel,subaru,no,10.92
45989,1490,small car,manual,75,twingo,150000,petrol,renault,no,17.83
45992,15750,station wagon,manual,105,golf,30000,diesel,volkswagen,no,4.33
45993,2850,small car,manual,87,yaris,125000,petrol,toyota,no,13.92
45996,850,limousine,manual,86,corolla,150000,petrol,toyota,no,20.42
45997,4700,cabrio,manual,95,ka,60000,petrol,ford,no,15.75
45998,2450,station wagon,manual,131,mondeo,150000,diesel,ford,no,14.42
46000,17490,limousine,automatic,286,5er,125000,diesel,bmw,no,11.5
46002,19950,cabrio,manual,170,1er,40000,petrol,bmw,no,5.33
46003,950,limousine,manual,125,a3,150000,petrol,audi,no,21.67
46004,4800,limousine,manual,170,3er,150000,petrol,bmw,no,15.92
46005,9700,small car,manual,100,civic,30000,petrol,honda,no,6.58
46006,4450,small car,manual,60,corsa,100000,petrol,opel,no,10.75
46007,350,small car,manual,55,golf,150000,petrol,volkswagen,yes,22.0
46008,1050,small car,manual,60,ka,90000,petrol,ford,no,17.42
46009,1500,coupe,manual,120,civic,150000,petrol,honda,no,17.25
46010,9700,suv,manual,86,jimny,40000,petrol,suzuki,no,10.67
46012,1990,station wagon,manual,131,passat,150000,diesel,volkswagen,no,16.0
46014,1249,station wagon,manual,116,passat,150000,petrol,volkswagen,no,22.83
46015,2450,coupe,manual,133,others,150000,petrol,audi,no,28.58
46016,3300,station wagon,manual,131,megane,150000,diesel,renault,no,11.67
46019,6000,limousine,manual,102,a3,150000,petrol,audi,no,13.83
46020,2399,small car,automatic,65,fortwo,100000,petrol,smart,no,13.0
46023,4320,small car,automatic,83,jazz,90000,petrol,honda,no,13.5
46024,2390,limousine,manual,75,corsa,150000,petrol,opel,no,16.0
46025,1600,limousine,manual,90,a3,150000,diesel,audi,yes,17.08
46027,19980,cabrio,automatic,258,6er,150000,petrol,bmw,no,12.5
46030,7200,others,automatic,200,golf,125000,petrol,volkswagen,no,36.5
46034,1250,station wagon,manual,120,laguna,150000,diesel,renault,no,14.92
46035,1700,limousine,automatic,150,5er,150000,petrol,bmw,yes,19.08
46036,1600,limousine,manual,122,c_klasse,150000,petrol,mercedes_benz,no,24.83
46037,350,small car,automatic,60,corsa,150000,petrol,opel,yes,21.25
46038,6000,limousine,manual,116,1er,150000,petrol,bmw,no,11.08
46042,6950,station wagon,automatic,204,e_klasse,150000,diesel,mercedes_benz,no,14.25
46043,9900,station wagon,automatic,160,insignia,150000,diesel,opel,no,9.75
46044,2100,limousine,manual,75,golf,150000,petrol,volkswagen,no,17.25
46045,1700,limousine,manual,122,3er,150000,petrol,bmw,no,33.5
46047,5000,station wagon,manual,140,a4,150000,diesel,audi,no,12.5
46048,600,station wagon,manual,115,a4,30000,lpg,audi,yes,20.92
46052,5250,coupe,automatic,61,fortwo,40000,petrol,smart,no,7.25
46053,8500,suv,automatic,224,touareg,150000,diesel,volkswagen,no,12.92
46054,2000,small car,manual,125,corsa,150000,petrol,opel,no,16.33
46055,1800,limousine,manual,109,beetle,150000,petrol,volkswagen,no,20.75
46056,3500,bus,manual,125,zafira,150000,diesel,opel,no,15.58
46058,1300,small car,manual,60,polo,150000,petrol,volkswagen,no,19.75
46059,14500,suv,manual,140,tiguan,150000,diesel,volkswagen,no,8.42
46062,850,station wagon,manual,145,mondeo,150000,petrol,ford,no,19.0
46064,9500,small car,manual,155,others,5000,petrol,hyundai,no,3.92
46065,8999,suv,automatic,250,m_klasse,100000,diesel,mercedes_benz,no,14.42
46066,2250,bus,automatic,136,others,125000,petrol,fiat,no,13.92
46068,2499,limousine,manual,150,3er,150000,petrol,bmw,no,22.33
46069,19700,suv,automatic,239,touareg,150000,diesel,volkswagen,no,9.0
46070,5850,limousine,automatic,129,c_klasse,70000,petrol,mercedes_benz,no,16.42
46071,12500,limousine,manual,120,others,125000,petrol,bmw,no,49.58
46073,6900,station wagon,manual,122,golf,150000,petrol,volkswagen,no,11.92
46076,11900,limousine,manual,211,golf,90000,petrol,volkswagen,no,8.08
46078,2890,limousine,manual,101,focus,150000,petrol,ford,no,16.67
46080,2000,station wagon,manual,140,v70,150000,diesel,volvo,no,18.08
46081,6000,station wagon,manual,116,3er,125000,petrol,bmw,no,13.08
46083,1690,small car,manual,101,a3,150000,petrol,audi,no,21.25
46087,5300,limousine,manual,103,golf,125000,petrol,volkswagen,no,12.25
46088,26400,coupe,automatic,405,others,90000,petrol,chevrolet,no,8.58
46089,4600,limousine,automatic,143,c_klasse,150000,diesel,mercedes_benz,no,15.33
46090,9450,station wagon,manual,170,octavia,150000,diesel,skoda,no,11.58
46092,9250,bus,manual,105,touran,125000,diesel,volkswagen,no,9.17
46093,4999,station wagon,manual,131,passat,150000,diesel,volkswagen,no,16.83
46094,15499,limousine,manual,150,leon,30000,diesel,seat,no,4.25
46096,1300,small car,manual,65,ka,60000,petrol,ford,yes,19.25
46097,4500,cabrio,automatic,90,tigra,125000,petrol,opel,yes,13.67
46098,4000,station wagon,manual,140,passat,90000,diesel,volkswagen,no,9.67
46099,3100,station wagon,manual,115,3er,150000,petrol,bmw,no,15.0
46100,6200,limousine,manual,150,golf,150000,petrol,volkswagen,no,13.67
46101,2800,limousine,manual,116,3er,150000,petrol,bmw,no,14.42
46102,790,small car,manual,60,golf,150000,petrol,volkswagen,no,21.25
46103,7500,bus,manual,116,zafira,70000,petrol,opel,no,9.42
46104,600,coupe,manual,204,calibra,150000,petrol,opel,yes,26.33
46105,500,small car,automatic,75,others,150000,petrol,toyota,no,23.92
46106,2750,small car,automatic,61,fortwo,70000,petrol,smart,no,13.5
46109,13990,station wagon,automatic,194,insignia,125000,diesel,opel,no,6.5
46111,13000,limousine,automatic,160,insignia,125000,diesel,opel,no,9.33
46114,9900,limousine,manual,105,a3,125000,diesel,audi,no,10.0
46115,2190,bus,manual,110,ducato,150000,diesel,fiat,no,14.83
46116,5100,station wagon,manual,95,2_reihe,80000,petrol,peugeot,no,10.25
46118,799,limousine,manual,131,primera,150000,petrol,nissan,no,21.58
46122,12499,coupe,automatic,224,clk,150000,diesel,mercedes_benz,no,10.5
46123,790,limousine,manual,115,focus,150000,petrol,ford,no,19.58
46124,3999,limousine,manual,122,c_klasse,150000,diesel,mercedes_benz,no,15.5
46126,600,limousine,manual,116,80,150000,petrol,audi,no,26.42
46127,720,small car,manual,75,polo,150000,petrol,volkswagen,no,23.25
46128,34550,limousine,automatic,457,c_klasse,100000,petrol,mercedes_benz,no,8.58
46130,16999,station wagon,manual,170,3er,90000,petrol,bmw,no,7.33
46131,850,coupe,manual,102,3er,150000,petrol,bmw,no,30.33
46134,6990,limousine,automatic,122,e_klasse,150000,diesel,mercedes_benz,no,13.25
46135,15500,station wagon,manual,160,insignia,70000,diesel,opel,no,6.08
46136,23500,limousine,automatic,220,golf,70000,petrol,volkswagen,no,6.0
46139,299,limousine,manual,139,nubira,150000,petrol,daewoo,yes,19.5
46141,300,station wagon,manual,101,astra,150000,petrol,opel,yes,21.83
46143,999,station wagon,manual,125,a4,150000,petrol,audi,no,22.5
46145,23890,suv,automatic,170,glk,80000,diesel,mercedes_benz,no,9.42
46146,500,limousine,manual,75,golf,125000,petrol,volkswagen,yes,21.42
46147,1600,bus,manual,116,zafira,150000,petrol,opel,yes,18.5
46148,3900,suv,manual,150,rav,150000,petrol,toyota,no,15.17
46149,7599,limousine,automatic,150,e_klasse,150000,diesel,mercedes_benz,no,14.83
46150,16499,limousine,manual,122,a_klasse,90000,petrol,mercedes_benz,no,6.83
46153,2499,station wagon,manual,120,megane,150000,diesel,renault,no,14.67
46154,500,limousine,manual,88,3_reihe,150000,petrol,mazda,no,26.58
46155,3950,coupe,manual,105,astra,150000,petrol,opel,no,12.25
46156,6899,bus,manual,95,b_klasse,125000,petrol,mercedes_benz,no,11.58
46157,27900,small car,manual,170,cooper,10000,diesel,mini,no,3.83
46160,12500,cabrio,manual,204,boxster,125000,petrol,porsche,no,20.67
46163,1490,small car,manual,68,others,150000,diesel,mazda,no,14.83
46164,3300,limousine,manual,120,astra,150000,diesel,opel,no,12.25
46166,1150,small car,manual,75,clio,150000,petrol,renault,no,19.58
46168,3200,limousine,manual,150,passat,150000,petrol,volkswagen,no,19.67
46169,4999,small car,automatic,71,fortwo,50000,petrol,smart,no,8.5
46170,13200,suv,automatic,224,m_klasse,150000,diesel,mercedes_benz,no,11.33
46171,1650,limousine,automatic,116,accord,150000,petrol,honda,no,22.83
46172,8998,station wagon,manual,69,fabia,40000,petrol,skoda,no,8.08
46173,2900,station wagon,manual,165,a6,150000,petrol,audi,no,20.5
46174,1050,cabrio,manual,58,twingo,150000,petrol,renault,no,19.83
46175,18000,suv,automatic,239,q5,150000,diesel,audi,no,10.0
46177,3750,small car,manual,101,clio,125000,petrol,renault,no,11.0
46178,1700,bus,manual,175,sharan,150000,petrol,volkswagen,no,20.0
46181,2550,bus,manual,145,galaxy,150000,petrol,ford,no,20.67
46185,5900,station wagon,manual,140,passat,150000,diesel,volkswagen,no,12.92
46187,2499,limousine,manual,82,a_klasse,80000,petrol,mercedes_benz,no,17.75
46188,6900,station wagon,manual,140,a4,150000,diesel,audi,no,11.42
46189,6800,suv,manual,163,m_klasse,150000,diesel,mercedes_benz,no,15.0
46190,13900,cabrio,automatic,218,clk,100000,petrol,mercedes_benz,no,14.25
46191,950,limousine,manual,75,golf,150000,petrol,volkswagen,no,20.67
46194,1399,limousine,manual,122,c_klasse,150000,petrol,mercedes_benz,no,20.5
46195,2400,suv,manual,145,santa,150000,petrol,hyundai,no,14.25
46197,1250,small car,automatic,54,fortwo,50000,petrol,smart,no,18.17
46198,2990,limousine,manual,122,vectra,150000,petrol,opel,no,15.67
46200,2999,limousine,automatic,105,astra,90000,petrol,opel,no,14.25
46201,699,small car,manual,55,corsa,150000,petrol,opel,no,22.08
46202,6550,bus,manual,140,touran,150000,diesel,volkswagen,no,12.33
46203,4850,suv,manual,109,grand,150000,diesel,suzuki,no,17.0
46204,3250,bus,manual,88,note,150000,petrol,nissan,yes,11.67
46205,4990,small car,manual,80,fiesta,125000,petrol,ford,no,14.42
46206,10500,cabrio,manual,86,500,30000,petrol,fiat,no,7.25
46208,250,limousine,manual,90,golf,80000,petrol,volkswagen,no,21.08
46211,1950,small car,manual,135,2_reihe,125000,petrol,peugeot,no,19.67
46212,4249,cabrio,manual,110,mx_reihe,150000,petrol,mazda,no,19.0
46213,7500,limousine,manual,116,1er,90000,petrol,bmw,no,13.0
46217,6900,station wagon,manual,143,3er,150000,diesel,bmw,no,9.25
46220,8499,cabrio,automatic,82,roadster,80000,petrol,smart,no,14.0
46221,1999,small car,manual,65,micra,150000,petrol,nissan,no,15.83
46222,2499,limousine,manual,82,a_klasse,150000,petrol,mercedes_benz,no,14.42
46223,1899,small car,manual,131,punto,150000,petrol,fiat,no,18.08
46224,3650,small car,manual,54,polo,125000,petrol,volkswagen,no,11.08
46225,9800,suv,manual,107,duster,70000,diesel,dacia,no,7.67
46226,3250,station wagon,manual,131,passat,150000,diesel,volkswagen,no,17.17
46227,599,limousine,automatic,102,a_klasse,150000,petrol,mercedes_benz,yes,20.83
46229,1550,small car,manual,58,twingo,150000,petrol,renault,no,15.58
46230,4900,station wagon,automatic,353,others,150000,petrol,mercedes_benz,no,16.33
46232,1500,station wagon,manual,165,a4,150000,petrol,audi,yes,18.08
46233,9999,small car,manual,101,others,40000,petrol,opel,no,6.0
46234,58900,coupe,automatic,325,others,30000,petrol,porsche,no,5.75
46236,17500,cabrio,manual,126,spider,125000,petrol,alfa_romeo,no,39.33
46238,1750,station wagon,manual,150,5er,150000,petrol,bmw,no,20.58
46239,700,limousine,manual,75,3_reihe,150000,petrol,peugeot,no,22.5
46241,890,cabrio,automatic,185,others,150000,petrol,chrysler,yes,20.58
46242,24950,cabrio,automatic,150,e_klasse,90000,petrol,mercedes_benz,no,21.42
46245,2800,limousine,manual,160,vectra,150000,lpg,opel,no,16.58
46246,63500,suv,automatic,500,cayenne,90000,petrol,porsche,no,7.33
46247,6500,coupe,automatic,231,clk,80000,petrol,mercedes_benz,no,16.75
46248,3600,station wagon,manual,150,bora,150000,petrol,volkswagen,no,18.67
46250,1850,station wagon,manual,125,zafira,150000,diesel,opel,no,15.83
46251,680,coupe,manual,107,mx_reihe,150000,petrol,mazda,no,23.75
46252,2750,limousine,manual,101,golf,150000,diesel,volkswagen,no,17.33
46253,1750,small car,manual,75,corsa,150000,diesel,opel,no,15.08
46254,6500,limousine,automatic,218,c_klasse,150000,lpg,mercedes_benz,no,16.92
46259,1800,small car,automatic,60,polo,150000,petrol,volkswagen,no,17.83
46262,5499,station wagon,manual,105,golf,150000,diesel,volkswagen,no,11.0
46263,6300,small car,manual,94,swift,50000,petrol,suzuki,no,7.92
46264,14900,cabrio,automatic,245,sl,150000,petrol,mercedes_benz,no,15.58
46265,14500,small car,manual,90,cooper,125000,diesel,mini,no,7.25
46268,17900,limousine,manual,143,3er,80000,petrol,bmw,no,6.17
46269,10490,small car,automatic,90,polo,50000,petrol,volkswagen,no,6.25
46271,26850,limousine,automatic,245,a6,150000,diesel,audi,no,7.25
46272,1000,bus,manual,116,zafira,150000,petrol,opel,yes,22.58
46273,11700,limousine,manual,231,5er,150000,diesel,bmw,no,12.17
46274,550,limousine,manual,71,astra,150000,petrol,opel,no,22.42
46275,999,limousine,manual,116,legacy,150000,petrol,subaru,no,21.83
46276,16000,cabrio,automatic,120,mustang,150000,petrol,ford,no,52.58
46277,2899,station wagon,manual,116,fabia,150000,petrol,skoda,no,12.33
46278,5500,station wagon,manual,105,octavia,150000,diesel,skoda,no,9.58
46279,20890,station wagon,automatic,170,c_klasse,60000,diesel,mercedes_benz,no,6.42
46280,2200,small car,manual,75,twingo,150000,lpg,renault,no,14.33
46281,6350,bus,manual,109,b_klasse,150000,diesel,mercedes_benz,no,12.17
46283,5900,limousine,automatic,256,a6,150000,petrol,audi,no,14.83
46285,4999,station wagon,manual,250,others,150000,petrol,saab,no,16.67
46286,1750,station wagon,automatic,163,c_klasse,150000,petrol,mercedes_benz,no,17.08
46287,5899,limousine,manual,95,a_klasse,150000,petrol,mercedes_benz,no,10.92
46288,11690,suv,manual,156,others,125000,diesel,citroen,no,9.5
46289,799,limousine,manual,122,e_klasse,150000,petrol,mercedes_benz,no,26.33
46290,3650,cabrio,manual,150,spider,150000,petrol,alfa_romeo,no,20.25
46291,9300,small car,manual,86,i_reihe,20000,petrol,hyundai,no,4.17
46293,16800,bus,automatic,170,touran,125000,diesel,volkswagen,no,9.5
46295,890,limousine,manual,90,80,150000,petrol,audi,no,25.5
46297,2450,small car,automatic,52,matiz,125000,cng,chevrolet,no,10.67
46298,24950,limousine,automatic,184,x_reihe,50000,diesel,bmw,no,5.58
46300,3200,limousine,automatic,135,laguna,150000,petrol,renault,no,15.83
46301,3999,bus,manual,101,touran,30000,diesel,volkswagen,no,15.5
46303,3600,bus,manual,131,sharan,150000,diesel,volkswagen,no,17.0
46304,4990,bus,manual,140,others,90000,petrol,citroen,no,12.92
46305,500,limousine,manual,107,megane,150000,petrol,renault,yes,18.17
46306,3500,limousine,manual,105,astra,150000,petrol,opel,no,14.92
46308,13333,station wagon,manual,190,a4,150000,diesel,audi,no,10.75
46309,7900,limousine,automatic,111,5_reihe,150000,diesel,peugeot,no,7.17
46310,1250,cabrio,manual,75,golf,150000,petrol,volkswagen,yes,20.67
46312,24800,limousine,automatic,177,x_reihe,20000,diesel,bmw,no,7.92
46313,2299,limousine,manual,103,carisma,150000,petrol,mitsubishi,no,14.92
46314,7000,suv,manual,124,others,80000,petrol,ford,no,15.17
46315,4000,coupe,automatic,394,s_klasse,150000,petrol,mercedes_benz,no,23.33
46316,500,limousine,manual,90,80,150000,petrol,audi,no,26.0
46317,3000,others,manual,60,fiesta,125000,petrol,ford,yes,8.58
46318,500,limousine,manual,75,focus,150000,petrol,ford,no,19.92
46319,1200,limousine,manual,113,3er,150000,petrol,bmw,no,23.0
46321,6900,small car,manual,68,sandero,80000,diesel,dacia,no,8.17
46323,7500,station wagon,automatic,105,golf,150000,diesel,volkswagen,no,9.17
46324,41000,bus,manual,179,transporter,80000,diesel,volkswagen,no,6.08
46325,8500,bus,automatic,109,b_klasse,150000,diesel,mercedes_benz,no,9.92
46326,900,small car,manual,75,clio,150000,petrol,renault,no,16.58
46327,4000,small car,manual,64,polo,150000,petrol,volkswagen,no,15.67
46328,9990,limousine,automatic,275,a8,150000,diesel,audi,no,14.42
46329,2750,small car,manual,54,fox,150000,petrol,volkswagen,no,12.25
46330,29000,limousine,automatic,170,q5,60000,diesel,audi,no,8.42
46331,3800,station wagon,automatic,170,others,150000,petrol,volvo,no,23.25
46332,3500,limousine,manual,93,colt,80000,petrol,mitsubishi,yes,8.17
46333,3250,small car,manual,105,golf,90000,petrol,volkswagen,no,16.75
46337,17500,station wagon,manual,120,a4,100000,diesel,audi,no,5.33
46338,7000,bus,manual,116,b_klasse,125000,petrol,mercedes_benz,no,10.17
46339,1500,bus,automatic,209,others,150000,petrol,ford,no,20.33
46342,2750,station wagon,manual,155,signum,150000,petrol,opel,no,13.42
46344,599,limousine,manual,107,megane,150000,petrol,renault,yes,18.75
46345,6790,small car,automatic,84,fortwo,40000,petrol,smart,no,6.17
46348,2100,coupe,manual,118,3er,150000,petrol,bmw,no,18.25
46349,350,limousine,automatic,90,others,150000,petrol,volkswagen,yes,25.25
46354,3555,limousine,manual,170,3er,150000,petrol,bmw,no,17.83
46355,7850,limousine,manual,90,astra,50000,petrol,opel,no,9.75
46356,6800,station wagon,automatic,230,5er,150000,diesel,bmw,no,15.0
46358,3250,limousine,manual,163,c_klasse,150000,petrol,mercedes_benz,no,16.17
46359,3650,bus,manual,114,others,150000,diesel,renault,no,10.92
46360,12900,cabrio,manual,86,500,30000,petrol,fiat,no,5.67
46361,3700,bus,manual,75,berlingo,90000,petrol,citroen,no,9.5
46362,7999,limousine,manual,105,leon,100000,diesel,seat,no,6.42
46366,13999,bus,manual,174,transporter,150000,diesel,volkswagen,no,14.83
46367,1650,bus,manual,110,sharan,150000,diesel,volkswagen,no,19.75
46368,3300,small car,manual,92,swift,150000,petrol,suzuki,no,11.17
46369,900,small car,manual,86,kalina,125000,lpg,lada,no,10.75
46371,5800,limousine,manual,140,passat,125000,diesel,volkswagen,no,13.67
46373,5250,small car,manual,69,corsa,50000,petrol,opel,no,7.75
46374,4800,cabrio,manual,136,slk,125000,petrol,mercedes_benz,no,18.17
46375,4000,small car,manual,116,cooper,150000,petrol,mini,no,18.0
46377,7900,limousine,manual,170,3er,150000,petrol,bmw,no,31.0
46380,6500,limousine,manual,131,delta,150000,petrol,lancia,no,27.25
46381,4100,limousine,manual,116,golf,125000,petrol,volkswagen,no,24.58
46382,3300,coupe,manual,150,polo,125000,petrol,volkswagen,no,26.58
46385,200,station wagon,manual,60,polo,150000,petrol,volkswagen,yes,19.08
46386,5400,bus,manual,140,zafira,150000,petrol,opel,no,11.17
46388,980,limousine,manual,107,scenic,150000,petrol,renault,no,19.42
46390,17700,limousine,automatic,320,golf,90000,petrol,volkswagen,no,7.83
46392,1799,limousine,manual,103,scenic,150000,petrol,renault,no,15.33
46393,999,small car,manual,54,twingo,150000,petrol,renault,no,20.67
46394,12899,station wagon,automatic,177,5er,150000,diesel,bmw,no,9.75
46398,14500,coupe,automatic,231,clk,150000,petrol,mercedes_benz,no,12.33
46401,6800,station wagon,manual,170,a3,150000,diesel,audi,no,11.58
46403,7750,cabrio,manual,135,megane,70000,petrol,renault,no,10.42
46405,7400,station wagon,manual,204,a4,150000,diesel,audi,no,14.0
46406,5200,station wagon,manual,131,mondeo,150000,diesel,ford,no,12.33
46407,1450,limousine,manual,109,c4,150000,lpg,citroen,yes,12.17
46408,11490,limousine,manual,131,astra,70000,diesel,opel,no,5.33
46411,5400,station wagon,manual,140,v70,150000,petrol,volvo,no,11.17
46412,14000,limousine,manual,90,a1,50000,diesel,audi,no,5.58
46416,3000,limousine,manual,143,3er,125000,petrol,bmw,no,17.92
46419,12999,small car,manual,98,one,20000,petrol,mini,no,6.58
46424,43500,coupe,manual,340,1er,90000,petrol,bmw,no,6.67
46425,11500,station wagon,manual,163,3er,150000,diesel,bmw,no,12.5
46426,9900,limousine,automatic,224,phaeton,150000,diesel,volkswagen,no,12.75
46427,600,limousine,automatic,107,megane,150000,petrol,renault,yes,17.67
46428,500,small car,manual,45,polo,150000,petrol,volkswagen,no,25.42
46429,1400,small car,manual,60,panda,100000,petrol,fiat,yes,11.67
46431,690,small car,automatic,70,colt,150000,petrol,mitsubishi,no,19.58
46433,1430,limousine,manual,101,a4,150000,petrol,audi,no,23.5
46434,4444,cabrio,manual,131,mx_reihe,125000,petrol,mazda,no,23.92
46435,2999,bus,manual,95,kangoo,150000,petrol,renault,no,11.5
46436,4950,limousine,automatic,197,s_klasse,150000,diesel,mercedes_benz,no,17.42
46439,12800,station wagon,manual,177,3er,125000,diesel,bmw,no,10.75
46441,13470,limousine,manual,179,astra,70000,petrol,opel,no,8.0
46442,7490,small car,manual,90,fiesta,90000,diesel,ford,no,11.0
46443,899,limousine,manual,101,astra,150000,petrol,opel,yes,19.0
46444,3650,station wagon,manual,204,3er,150000,diesel,bmw,no,15.83
46447,11500,station wagon,manual,163,5er,100000,diesel,bmw,no,11.5
46448,1111,station wagon,manual,174,passat,150000,petrol,volkswagen,no,24.83
46451,5850,suv,automatic,140,tucson,150000,diesel,hyundai,no,12.92
46452,1600,others,manual,69,punto,150000,diesel,fiat,yes,14.42
46453,27600,suv,automatic,156,g_klasse,150000,diesel,mercedes_benz,no,14.08
46454,6000,limousine,manual,204,a3,150000,diesel,audi,no,12.58
46457,8850,station wagon,manual,140,mondeo,150000,diesel,ford,no,9.33
46458,6500,small car,manual,69,500,40000,petrol,fiat,no,10.08
46459,2550,small car,manual,63,getz,60000,petrol,hyundai,no,13.75
46460,500,small car,manual,60,polo,150000,petrol,volkswagen,no,20.67
46461,900,limousine,manual,60,golf,125000,petrol,volkswagen,no,22.58
46462,5699,limousine,manual,116,golf,150000,petrol,volkswagen,no,12.25
46463,4750,limousine,manual,95,a_klasse,100000,petrol,mercedes_benz,no,12.75
46464,4500,limousine,manual,245,3er,20000,petrol,bmw,yes,5.67
46465,3300,small car,manual,60,fabia,125000,petrol,skoda,no,9.67
46466,600,limousine,manual,132,others,150000,petrol,mercedes_benz,yes,29.83
46468,6200,station wagon,manual,140,a4,150000,diesel,audi,no,12.42
46469,24000,bus,manual,179,transporter,150000,diesel,volkswagen,no,8.33
46470,4775,limousine,manual,185,e_klasse,150000,petrol,mercedes_benz,yes,46.33
46472,3800,station wagon,manual,90,others,150000,diesel,ford,no,15.58
46473,16400,station wagon,automatic,340,300c,125000,petrol,chrysler,no,11.83
46474,700,limousine,manual,70,golf,150000,petrol,volkswagen,no,29.67
46475,2200,limousine,manual,101,astra,125000,petrol,opel,no,17.25
46477,11500,limousine,manual,160,a4,100000,petrol,audi,no,10.5
46480,700,small car,manual,101,golf,150000,petrol,volkswagen,yes,19.08
46482,2500,small car,manual,63,others,90000,petrol,hyundai,no,11.17
46483,12200,station wagon,manual,110,i_reihe,70000,diesel,hyundai,no,5.75
46484,3590,small car,manual,110,ibiza,150000,diesel,seat,no,18.0
46485,2550,small car,manual,69,ibiza,150000,diesel,seat,no,12.08
46486,5900,bus,manual,90,transit,70000,diesel,ford,no,8.17
46487,5499,limousine,manual,105,3_reihe,125000,petrol,mazda,no,11.5
46488,9000,cabrio,manual,179,tt,50000,petrol,audi,no,18.33
46489,6400,small car,manual,69,500,50000,petrol,fiat,no,9.33
46490,4000,cabrio,manual,109,2_reihe,80000,petrol,peugeot,no,15.58
46491,1900,small car,manual,59,corsa,125000,petrol,opel,no,17.25
46492,4500,others,manual,152,others,150000,diesel,mercedes_benz,no,20.5
46493,2490,small car,manual,62,micra,70000,petrol,nissan,no,14.42
46494,5990,limousine,manual,140,a6,150000,diesel,audi,yes,12.25
46495,1499,limousine,manual,75,golf,150000,petrol,volkswagen,no,19.83
46496,500,bus,manual,90,others,150000,diesel,mazda,no,19.92
46498,1900,limousine,manual,107,laguna,100000,petrol,renault,no,16.25
46499,3999,small car,manual,60,fiesta,125000,petrol,ford,no,9.58
46500,21500,suv,automatic,239,touareg,150000,diesel,volkswagen,no,7.58
46505,900,limousine,manual,125,a4,150000,petrol,audi,no,21.25
46506,4450,small car,manual,69,500,150000,lpg,fiat,no,10.25
46508,15000,station wagon,manual,190,a6,125000,diesel,audi,no,9.0
46509,13900,station wagon,manual,163,mondeo,150000,diesel,ford,no,6.08
46510,6950,cabrio,manual,140,3_reihe,90000,petrol,peugeot,no,12.5
46511,450,small car,manual,62,getz,150000,petrol,hyundai,no,15.42
46512,5199,limousine,manual,170,3er,150000,petrol,bmw,no,15.67
46513,2980,small car,manual,69,fox,150000,diesel,volkswagen,no,13.5
46514,700,limousine,manual,101,a4,150000,petrol,audi,no,24.83
46516,14000,limousine,automatic,86,golf,60000,petrol,volkswagen,no,8.0
46517,2500,limousine,automatic,170,others,150000,petrol,volvo,no,17.25
46519,3600,station wagon,manual,150,vectra,150000,diesel,opel,no,13.25
46520,4600,station wagon,manual,143,3er,90000,petrol,bmw,no,16.08
46521,19999,limousine,automatic,136,e_klasse,90000,diesel,mercedes_benz,no,7.75
46522,1111,small car,manual,60,polo,150000,petrol,volkswagen,no,19.83
46523,14000,bus,manual,102,transporter,150000,diesel,volkswagen,no,21.75
46525,3000,limousine,manual,75,golf,150000,diesel,volkswagen,no,14.67
46529,19500,station wagon,manual,250,focus,30000,petrol,ford,no,5.58
46530,1390,small car,manual,50,fiesta,60000,petrol,ford,no,19.25
46532,35900,station wagon,automatic,231,e_klasse,40000,diesel,mercedes_benz,no,5.67
46533,22800,limousine,manual,280,leon,30000,petrol,seat,no,4.58
46534,4785,limousine,manual,122,1er,150000,diesel,bmw,yes,12.92
46536,14400,station wagon,manual,143,3er,60000,petrol,bmw,no,9.83
46537,3300,bus,manual,77,transporter,150000,diesel,volkswagen,no,22.25
46538,19500,cabrio,manual,141,others,125000,diesel,audi,no,7.67
46540,350,small car,manual,75,fiesta,150000,petrol,ford,no,21.25
46543,150,station wagon,manual,116,mondeo,150000,petrol,ford,yes,20.33
46544,13500,coupe,automatic,200,tt,150000,petrol,audi,no,10.33
46545,990,limousine,manual,194,5er,150000,petrol,bmw,no,22.17
46546,21990,limousine,manual,109,1er,20000,petrol,bmw,no,3.42
46547,1850,small car,manual,68,2_reihe,150000,diesel,peugeot,no,14.33
46548,2550,cabrio,manual,110,mx_reihe,150000,petrol,mazda,no,18.25
46549,24000,limousine,automatic,204,5er,150000,diesel,bmw,no,8.92
46550,4999,cabrio,manual,136,3_reihe,150000,diesel,peugeot,no,12.42
46552,14000,limousine,automatic,239,q7,150000,diesel,audi,no,10.33
46553,5890,limousine,automatic,245,s_klasse,150000,petrol,mercedes_benz,no,16.83
46554,12500,station wagon,automatic,204,c5,70000,diesel,citroen,no,7.08
46555,9990,limousine,manual,80,golf,70000,petrol,volkswagen,no,8.33
46556,8990,station wagon,automatic,306,e_klasse,150000,petrol,mercedes_benz,no,13.83
46557,7450,bus,automatic,150,c4,150000,petrol,citroen,no,9.25
46558,800,small car,manual,60,fiesta,150000,petrol,ford,no,13.17
46560,1350,small car,manual,59,clio,150000,petrol,renault,no,21.0
46561,2300,small car,automatic,75,lupo,100000,petrol,volkswagen,no,15.25
46562,800,coupe,manual,45,corsa,60000,petrol,opel,no,26.58
46564,6500,small car,manual,80,roomster,100000,diesel,skoda,no,8.33
46565,16899,coupe,manual,379,3er,150000,petrol,bmw,no,11.33
46566,699,station wagon,manual,101,astra,150000,petrol,opel,no,19.75
46567,4977,small car,manual,69,fabia,125000,petrol,skoda,no,9.17
46569,499,small car,manual,75,golf,150000,petrol,volkswagen,no,23.83
46570,2499,station wagon,automatic,136,c_klasse,150000,petrol,mercedes_benz,no,21.75
46571,850,coupe,manual,60,golf,150000,petrol,volkswagen,no,21.33
46575,1150,small car,manual,47,matiz,125000,petrol,daewoo,no,14.42
46576,2800,station wagon,manual,163,5er,150000,diesel,bmw,no,17.08
46579,14999,station wagon,manual,140,octavia,60000,diesel,skoda,no,6.75
46580,6499,small car,manual,68,spark,20000,petrol,chevrolet,no,7.0
46581,10100,station wagon,manual,131,megane,90000,petrol,renault,no,6.5
46582,11500,bus,manual,140,touran,90000,petrol,volkswagen,no,8.25
46583,7500,limousine,automatic,170,5er,125000,petrol,bmw,no,14.25
46584,1250,small car,manual,75,clio,150000,petrol,renault,yes,17.83
46586,3099,station wagon,automatic,129,avensis,150000,petrol,toyota,yes,12.08
46589,750,small car,manual,45,corsa,150000,petrol,opel,no,22.92
46590,4400,small car,manual,60,corsa,60000,petrol,opel,no,9.83
46593,2000,station wagon,manual,116,a6,150000,petrol,audi,no,23.08
46594,3000,station wagon,manual,140,passat,150000,diesel,volkswagen,yes,13.67
46595,2100,small car,manual,64,polo,150000,petrol,volkswagen,no,16.33
46599,1399,limousine,manual,75,focus,125000,petrol,ford,no,19.42
46600,2990,small car,manual,64,polo,150000,petrol,volkswagen,no,15.42
46601,3300,cabrio,manual,109,2_reihe,150000,petrol,peugeot,no,15.0
46603,8500,limousine,automatic,68,1_reihe,20000,petrol,peugeot,no,5.75
46607,21999,limousine,automatic,235,golf,40000,petrol,volkswagen,no,7.75
46608,5995,small car,manual,92,swift,70000,petrol,suzuki,no,9.42
46609,1550,bus,manual,125,others,150000,petrol,mercedes_benz,no,16.67
46610,1950,limousine,manual,150,a6,150000,diesel,audi,no,21.83
46611,16444,station wagon,automatic,143,exeo,40000,diesel,seat,no,6.17
46612,8999,limousine,manual,116,1er,150000,diesel,bmw,no,7.42
46614,1000,small car,manual,60,punto,150000,petrol,fiat,no,17.08
46618,1249,small car,manual,94,kalos,150000,petrol,daewoo,no,14.75
46620,550,small car,manual,50,polo,150000,petrol,volkswagen,no,23.0
46621,11999,station wagon,automatic,140,passat,125000,diesel,volkswagen,no,7.83
46624,18500,cabrio,manual,147,others,40000,petrol,opel,no,16.67
46625,3999,limousine,manual,109,focus,150000,diesel,ford,no,13.42
46627,16900,coupe,manual,150,others,150000,petrol,renault,no,34.67
46628,4200,coupe,manual,237,cooper,150000,petrol,mini,no,14.92
46629,2900,limousine,automatic,101,golf,150000,petrol,volkswagen,no,18.83
46630,3200,limousine,manual,102,a3,150000,petrol,audi,no,15.17
46632,8000,coupe,manual,83,others,80000,petrol,alfa_romeo,no,40.5
46633,8850,station wagon,automatic,190,e_klasse,150000,diesel,mercedes_benz,no,13.67
46635,2950,coupe,manual,116,3er,150000,petrol,bmw,yes,15.0
46638,3500,limousine,manual,143,c_klasse,150000,petrol,mercedes_benz,no,16.0
46639,9900,station wagon,manual,280,vectra,150000,petrol,opel,no,11.92
46640,550,small car,manual,68,justy,80000,petrol,subaru,no,18.5
46642,17450,suv,automatic,175,xc_reihe,150000,diesel,volvo,no,8.25
46643,3350,small car,manual,65,picanto,70000,petrol,kia,no,10.5
46645,6950,station wagon,manual,145,focus,125000,lpg,ford,no,10.92
46646,29500,station wagon,automatic,170,c_klasse,50000,diesel,mercedes_benz,no,4.08
46648,650,station wagon,automatic,197,e_klasse,150000,diesel,mercedes_benz,yes,17.25
46650,2250,small car,manual,68,others,150000,diesel,mazda,no,14.08
46652,6000,station wagon,manual,192,5er,150000,petrol,bmw,no,15.5
46653,600,limousine,manual,65,astra,150000,petrol,opel,no,19.58
46654,20350,limousine,manual,122,a_klasse,20000,petrol,mercedes_benz,no,4.17
46655,14900,bus,manual,114,vivaro,90000,diesel,opel,no,7.0
46657,1999,small car,manual,75,corsa,20000,petrol,opel,no,15.58
46660,2200,limousine,manual,105,golf,150000,petrol,volkswagen,no,15.92
46661,3690,cabrio,manual,109,2_reihe,150000,petrol,peugeot,no,15.5
46662,300,coupe,manual,90,tigra,150000,petrol,opel,yes,18.75
46664,500,limousine,manual,90,80,150000,petrol,audi,no,27.42
46666,8900,cabrio,manual,150,eos,80000,petrol,volkswagen,no,10.17
46667,5300,station wagon,manual,170,passat,150000,diesel,volkswagen,no,11.58
46668,1200,small car,automatic,54,fortwo,125000,petrol,smart,no,18.75
46669,1150,station wagon,automatic,135,laguna,125000,petrol,renault,no,15.58
46670,2300,small car,automatic,75,clio,100000,petrol,renault,no,14.42
46671,850,station wagon,manual,101,astra,150000,petrol,opel,no,19.75
46672,5250,limousine,manual,131,a3,150000,diesel,audi,no,16.33
46673,600,small car,manual,90,golf,150000,petrol,volkswagen,no,23.25
46674,4800,cabrio,manual,135,megane,100000,petrol,renault,no,14.33
46676,11800,bus,manual,140,galaxy,150000,diesel,ford,no,9.58
46678,1150,limousine,automatic,150,147,150000,petrol,alfa_romeo,no,18.0
46679,990,station wagon,manual,109,4_reihe,150000,diesel,peugeot,no,20.58
46681,3900,station wagon,manual,101,astra,150000,petrol,opel,no,12.42
46682,8300,coupe,manual,200,golf,150000,petrol,volkswagen,no,13.25
46683,1450,small car,manual,44,corsa,125000,petrol,opel,no,14.92
46686,12500,station wagon,manual,105,golf,150000,diesel,volkswagen,no,7.92
46690,2400,limousine,manual,193,5er,150000,petrol,bmw,no,20.33
46692,5199,cabrio,automatic,203,others,125000,petrol,chrysler,no,14.83
46695,8900,limousine,automatic,284,others,90000,petrol,jaguar,no,21.83
46696,18900,station wagon,manual,160,passat,30000,petrol,volkswagen,no,5.58
46697,1000,limousine,manual,75,astra,150000,petrol,opel,no,20.5
46698,990,limousine,manual,118,e_klasse,150000,petrol,mercedes_benz,no,27.0
46699,18499,station wagon,manual,170,a3,70000,diesel,audi,no,6.08
46701,900,small car,manual,60,polo,150000,petrol,volkswagen,no,20.08
46702,399,small car,manual,60,clio,150000,petrol,renault,no,23.0
46703,3100,small car,manual,60,corsa,100000,petrol,opel,no,12.5
46704,34500,suv,automatic,231,glk,80000,diesel,mercedes_benz,no,6.42
46705,7200,station wagon,manual,156,3_reihe,80000,petrol,peugeot,no,9.0
46706,2850,small car,manual,60,corsa,150000,petrol,opel,no,11.83
46707,2400,station wagon,manual,75,astra,150000,diesel,opel,no,14.25
46708,19950,suv,automatic,224,m_klasse,125000,diesel,mercedes_benz,no,11.33
46709,2999,station wagon,manual,101,astra,150000,diesel,opel,no,13.08
46710,1400,small car,manual,70,punto,150000,diesel,fiat,no,16.0
46711,890,limousine,manual,75,golf,150000,petrol,volkswagen,no,22.17
46712,12700,bus,manual,109,others,100000,diesel,volkswagen,no,7.42
46713,10500,limousine,manual,224,impreza,125000,petrol,subaru,no,15.25
46714,899,station wagon,manual,116,others,150000,petrol,hyundai,yes,19.25
46715,2350,cabrio,manual,109,colt,150000,petrol,mitsubishi,no,12.58
46718,4650,station wagon,automatic,163,e_klasse,150000,petrol,mercedes_benz,no,15.83
46719,2900,station wagon,automatic,150,3er,150000,petrol,bmw,no,20.0
46721,26500,cabrio,manual,156,z_reihe,20000,petrol,bmw,no,5.42
46722,7500,station wagon,manual,90,fabia,100000,diesel,skoda,no,7.42
46723,999,small car,manual,50,polo,150000,petrol,volkswagen,no,18.83
46724,1850,limousine,manual,75,golf,150000,petrol,volkswagen,no,17.58
46726,1099,small car,manual,60,punto,125000,petrol,fiat,no,16.83
46727,850,suv,manual,116,others,150000,petrol,nissan,no,19.25
46732,3500,cabrio,manual,140,z_reihe,150000,petrol,bmw,yes,21.17
46734,1750,limousine,manual,101,a3,150000,petrol,audi,no,21.83
46735,3699,limousine,automatic,167,c_klasse,150000,petrol,mercedes_benz,no,17.58
46736,7599,station wagon,automatic,204,e_klasse,150000,diesel,mercedes_benz,no,15.92
46738,6200,cabrio,manual,192,z_reihe,150000,petrol,bmw,no,20.25
46739,14800,cabrio,manual,98,one,70000,petrol,mini,no,8.5
46740,1250,station wagon,manual,101,astra,150000,petrol,opel,no,19.67
46742,9000,limousine,manual,122,golf,125000,petrol,volkswagen,no,9.25
46743,1500,small car,manual,50,lupo,90000,petrol,volkswagen,no,18.5
46745,6799,limousine,manual,105,golf,150000,diesel,volkswagen,no,11.75
46747,15990,suv,automatic,197,santa,125000,diesel,hyundai,no,9.0
46749,17500,limousine,manual,107,golf,100000,petrol,volkswagen,no,30.58
46751,1100,bus,manual,145,galaxy,150000,petrol,ford,no,21.67
46752,17900,station wagon,automatic,239,others,150000,diesel,audi,no,9.33
46753,1600,station wagon,manual,110,astra,150000,petrol,opel,no,19.0
46754,1750,limousine,manual,116,100,150000,petrol,audi,no,33.83
46755,6500,bus,automatic,140,touran,125000,diesel,volkswagen,no,12.25
46756,2850,small car,manual,54,fox,150000,petrol,volkswagen,no,12.42
46758,1300,small car,manual,52,kalos,125000,petrol,daewoo,no,15.25
46761,800,small car,manual,90,cordoba,150000,diesel,seat,no,16.08
46763,16900,station wagon,automatic,140,superb,60000,diesel,skoda,no,5.33
46764,3900,station wagon,manual,101,a4,150000,diesel,audi,no,16.83
46765,11500,limousine,automatic,232,a6,150000,diesel,audi,no,10.25
46766,12450,station wagon,automatic,218,5er,150000,diesel,bmw,no,13.33
46767,15250,cabrio,automatic,200,a4,125000,petrol,audi,no,10.5
46769,1790,limousine,manual,120,others,150000,petrol,rover,no,19.58
46772,650,station wagon,manual,131,mondeo,150000,diesel,ford,yes,16.83
46773,1500,station wagon,manual,140,156,150000,diesel,alfa_romeo,no,15.25
46775,250,small car,manual,54,corsa,150000,petrol,opel,no,19.08
46777,3750,small car,manual,68,fiesta,150000,diesel,ford,no,12.67
46778,1300,limousine,manual,101,astra,150000,diesel,opel,no,16.42
46780,9850,suv,manual,150,x_reihe,150000,diesel,bmw,no,13.67
46782,1999,bus,manual,75,berlingo,150000,petrol,citroen,no,15.33
46785,1400,small car,manual,102,a_klasse,150000,petrol,mercedes_benz,no,19.17
46786,1450,limousine,manual,75,astra,150000,petrol,opel,no,19.25
46787,4600,limousine,manual,75,fox,90000,petrol,volkswagen,no,10.0
46788,950,station wagon,manual,101,vectra,150000,petrol,opel,no,20.83
46791,788,station wagon,manual,131,focus,150000,petrol,ford,no,19.5
46793,3999,small car,manual,54,polo,125000,petrol,volkswagen,no,12.83
46794,6500,station wagon,manual,105,passat,150000,diesel,volkswagen,no,11.67
46795,4990,station wagon,manual,136,v50,150000,diesel,volvo,no,13.92
46798,3800,small car,manual,60,2_reihe,90000,petrol,peugeot,yes,8.33
46799,37000,station wagon,manual,179,a6,30000,petrol,audi,no,4.58
46800,3450,small car,automatic,60,panda,125000,petrol,fiat,no,11.75
46804,4750,limousine,manual,105,golf,150000,diesel,volkswagen,no,12.67
46805,18300,limousine,automatic,258,5er,150000,petrol,bmw,no,8.83
46806,13500,limousine,manual,82,others,100000,petrol,alfa_romeo,no,50.83
46808,8000,bus,manual,150,vito,150000,diesel,mercedes_benz,no,13.33
46811,1350,station wagon,manual,90,focus,150000,diesel,ford,no,16.75
46812,4500,small car,manual,73,c2,60000,petrol,citroen,no,9.67
46814,21500,suv,automatic,239,q7,125000,diesel,audi,no,11.58
46815,6000,suv,manual,83,niva,20000,petrol,lada,no,8.0
46816,1950,small car,manual,75,golf,125000,petrol,volkswagen,no,21.58
46817,1500,small car,manual,55,twingo,150000,petrol,renault,no,20.67
46819,900,cabrio,manual,102,2_reihe,150000,petrol,peugeot,no,26.17
46820,6890,small car,manual,69,polo,150000,lpg,volkswagen,no,8.92
46825,20000,coupe,manual,160,cc,40000,petrol,volkswagen,no,4.5
46828,300,station wagon,manual,103,others,150000,petrol,fiat,no,17.0
46829,68000,limousine,automatic,313,x_reihe,20000,diesel,bmw,no,3.58
46831,749,limousine,manual,75,golf,150000,petrol,volkswagen,no,23.92
46832,15990,limousine,manual,163,3er,150000,diesel,bmw,no,6.08
46833,3100,small car,automatic,75,corsa,60000,petrol,opel,no,15.42
46834,19999,bus,manual,131,transporter,100000,diesel,volkswagen,no,11.83
46835,1500,limousine,manual,90,golf,150000,diesel,volkswagen,no,19.67
46836,4990,small car,manual,86,ibiza,20000,petrol,seat,no,11.83
46837,12059,bus,automatic,140,touran,125000,petrol,volkswagen,no,8.83
46838,650,limousine,manual,90,80,150000,petrol,audi,no,27.0
46840,7300,small car,automatic,98,micra,70000,petrol,nissan,no,6.92
46841,1150,small car,manual,82,getz,150000,petrol,hyundai,no,14.08
46843,650,small car,manual,58,twingo,150000,petrol,renault,no,19.92
46845,1900,limousine,manual,147,vectra,150000,petrol,opel,no,15.25
46847,6950,limousine,manual,143,1er,150000,diesel,bmw,no,11.92
46848,5650,small car,manual,60,polo,50000,petrol,volkswagen,no,9.25
46849,5500,bus,manual,136,others,150000,diesel,mitsubishi,no,12.33
46850,16999,limousine,manual,143,x_reihe,80000,diesel,bmw,no,8.33
46851,2500,station wagon,manual,131,a4,150000,diesel,audi,no,14.42
46852,2500,cabrio,manual,116,mx_reihe,150000,petrol,mazda,no,26.25
46853,2150,coupe,manual,103,stilo,150000,petrol,fiat,no,16.58
46854,2390,small car,automatic,41,fortwo,150000,diesel,smart,no,15.58
46856,350,small car,manual,75,clio,150000,petrol,renault,yes,18.5
46858,14490,limousine,manual,170,a6,80000,petrol,audi,no,8.5
46862,9900,suv,manual,140,kuga,150000,diesel,ford,no,8.58
46863,800,small car,manual,39,seicento,125000,petrol,fiat,no,19.92
46864,7399,small car,manual,116,1er,100000,petrol,bmw,no,11.42
46865,800,small car,manual,75,others,150000,petrol,toyota,no,23.92
46868,8800,bus,automatic,150,zafira,80000,diesel,opel,no,12.25
46869,11800,limousine,manual,143,1er,125000,diesel,bmw,no,8.92
46872,7500,limousine,automatic,177,5er,150000,diesel,bmw,no,13.17
46874,3500,station wagon,manual,74,2_reihe,70000,petrol,peugeot,no,16.5
46876,700,limousine,automatic,101,vectra,150000,petrol,opel,no,22.0
46878,36420,station wagon,manual,150,a4,5000,diesel,audi,no,3.83
46879,5900,small car,manual,86,clio,90000,diesel,renault,yes,10.17
46880,1200,limousine,manual,101,astra,150000,petrol,opel,no,21.17
46883,10800,small car,manual,75,up,10000,petrol,volkswagen,no,5.92
46885,4500,small car,manual,82,fiesta,90000,petrol,ford,no,8.25
46886,2199,small car,manual,58,others,80000,petrol,peugeot,no,12.5
46887,10900,coupe,manual,211,a5,150000,petrol,audi,no,9.08
46888,3499,limousine,automatic,143,c_klasse,150000,diesel,mercedes_benz,no,18.58
46889,3200,cabrio,manual,98,golf,150000,petrol,volkswagen,no,27.33
46890,4700,station wagon,manual,150,e_klasse,150000,diesel,mercedes_benz,no,13.58
46894,1350,limousine,manual,101,vectra,150000,petrol,opel,no,17.08
46895,3410,small car,manual,75,fabia,125000,petrol,skoda,no,12.83
46897,1550,small car,manual,60,micra,150000,petrol,nissan,no,16.42
46898,6999,station wagon,manual,231,3er,150000,petrol,bmw,no,17.75
46899,600,station wagon,manual,90,focus,150000,petrol,ford,no,18.0
46900,15990,limousine,manual,116,3_reihe,20000,diesel,peugeot,no,3.25
46902,1200,small car,manual,60,ka,150000,petrol,ford,no,16.58
46903,6450,limousine,manual,105,golf,150000,diesel,volkswagen,no,13.0
46906,2500,station wagon,automatic,177,vectra,150000,diesel,opel,no,14.0
46907,3700,station wagon,manual,118,3er,150000,petrol,bmw,no,17.08
46908,2500,limousine,automatic,82,a_klasse,150000,petrol,mercedes_benz,no,20.0
46910,3000,limousine,manual,101,a3,150000,diesel,audi,no,17.83
46912,650,small car,manual,45,polo,150000,petrol,volkswagen,no,28.08
46914,25900,coupe,automatic,218,3er,60000,petrol,bmw,no,6.83
46915,5000,small car,automatic,45,fortwo,90000,diesel,smart,no,9.58
46917,4600,cabrio,manual,113,3er,150000,petrol,bmw,no,27.58
46918,22490,limousine,manual,220,golf,20000,petrol,volkswagen,no,4.75
46919,2200,limousine,manual,143,3er,150000,petrol,bmw,no,16.08
46920,600,small car,manual,60,astra,150000,petrol,opel,no,27.58
46922,11400,limousine,automatic,177,5er,150000,diesel,bmw,no,12.58
46923,7000,bus,manual,109,c_max,150000,diesel,ford,no,11.67
46928,8900,bus,manual,136,b_klasse,100000,petrol,mercedes_benz,no,10.83
46929,22999,coupe,manual,305,mustang,80000,petrol,ford,no,13.58
46930,1500,bus,manual,116,zafira,150000,petrol,opel,no,18.67
46934,1400,small car,manual,58,twingo,90000,petrol,renault,no,15.83
46935,18500,suv,manual,110,tiguan,60000,diesel,volkswagen,no,6.5
46936,900,station wagon,manual,125,passat,150000,petrol,volkswagen,yes,19.25
46937,900,bus,automatic,147,zafira,150000,petrol,opel,yes,17.58
46938,1400,station wagon,manual,84,astra,150000,petrol,opel,no,18.92
46939,2199,limousine,automatic,122,c_klasse,150000,petrol,mercedes_benz,no,19.92
46940,750,limousine,manual,75,golf,125000,petrol,volkswagen,no,23.75
46941,4450,small car,manual,75,corsa,150000,diesel,opel,no,9.0
46942,2500,bus,manual,75,combo,150000,diesel,opel,no,14.5
46943,3990,small car,manual,65,micra,90000,petrol,nissan,no,10.08
46944,7990,bus,manual,101,others,150000,diesel,citroen,no,8.5
46945,10600,station wagon,manual,105,caddy,90000,diesel,volkswagen,no,9.67
46946,4950,station wagon,manual,110,laguna,150000,diesel,renault,no,10.92
46947,5350,bus,manual,163,espace,100000,petrol,renault,no,15.33
46949,850,limousine,manual,90,golf,150000,diesel,volkswagen,no,21.5
46950,5999,limousine,manual,179,a4,150000,diesel,audi,no,15.25
46951,26500,coupe,manual,156,others,30000,petrol,mercedes_benz,no,4.58
46953,7550,limousine,manual,122,1er,80000,petrol,bmw,no,9.42
46954,14900,limousine,automatic,122,golf,40000,petrol,volkswagen,no,6.75
46955,888,small car,manual,54,micra,150000,petrol,nissan,yes,21.0
46956,4200,small car,manual,69,polo,150000,petrol,volkswagen,no,11.67
46957,11999,limousine,manual,105,golf,80000,diesel,volkswagen,no,6.67
46958,34850,coupe,automatic,245,others,125000,diesel,audi,no,6.08
46959,14750,station wagon,automatic,160,insignia,100000,diesel,opel,no,5.25
46960,6995,coupe,manual,150,kadett,100000,petrol,opel,no,29.17
46962,15000,small car,manual,111,cooper,100000,diesel,mini,no,6.5
46963,1450,station wagon,manual,101,focus,150000,petrol,ford,no,16.25
46965,14850,others,manual,156,others,10000,petrol,citroen,no,4.58
46966,649,small car,manual,60,ka,125000,petrol,ford,no,16.25
46967,3590,small car,manual,60,corsa,150000,petrol,opel,no,11.92
46971,12450,limousine,manual,109,others,70000,diesel,volvo,no,8.5
46973,8500,coupe,automatic,299,others,150000,petrol,mercedes_benz,no,30.67
46974,1690,station wagon,manual,125,vectra,150000,diesel,opel,no,17.58
46975,1150,limousine,manual,101,passat,150000,petrol,volkswagen,no,21.58
46976,2512,station wagon,manual,140,touran,150000,diesel,volkswagen,no,14.42
46977,6950,station wagon,automatic,140,passat,150000,diesel,volkswagen,no,10.0
46980,500,small car,manual,54,seicento,150000,petrol,fiat,yes,19.92
46984,2500,station wagon,automatic,143,others,150000,diesel,mercedes_benz,no,17.67
46985,3500,cabrio,automatic,163,others,150000,lpg,chrysler,no,19.42
46986,750,small car,automatic,84,charade,150000,petrol,daihatsu,no,23.83
46987,6999,small car,manual,150,polo,125000,petrol,volkswagen,no,12.83
46989,4650,small car,manual,60,ka,150000,petrol,ford,no,16.08
46992,1200,small car,manual,41,fortwo,150000,diesel,smart,no,16.5
46993,4200,bus,manual,143,voyager,150000,diesel,chrysler,no,15.25
46995,1100,coupe,manual,125,others,150000,petrol,ford,no,20.5
46997,3000,station wagon,manual,165,a6,150000,diesel,audi,no,15.92
46999,2100,limousine,manual,82,a_klasse,100000,petrol,mercedes_benz,no,21.92
47000,550,small car,manual,60,micra,150000,petrol,nissan,no,18.83
47001,350,small car,manual,60,2_reihe,125000,petrol,peugeot,yes,17.0
47002,3990,limousine,automatic,75,80,100000,petrol,audi,no,41.25
47003,900,small car,manual,51,twingo,150000,petrol,renault,no,19.83
47005,1100,limousine,manual,75,golf,125000,petrol,volkswagen,no,23.08
47006,150,station wagon,manual,100,nubira,150000,petrol,daewoo,yes,20.5
47008,4500,limousine,manual,109,a_klasse,150000,diesel,mercedes_benz,no,11.25
47009,12200,cabrio,manual,192,z_reihe,125000,petrol,bmw,no,13.25
47011,650,small car,manual,90,corsa,150000,petrol,opel,no,20.08
47013,3200,limousine,automatic,235,5er,150000,petrol,bmw,no,20.08
47015,3200,limousine,manual,109,a_klasse,150000,diesel,mercedes_benz,no,14.92
47016,7900,station wagon,manual,126,i_reihe,70000,petrol,hyundai,no,9.67
47019,1400,small car,manual,83,jazz,150000,petrol,honda,yes,16.58
47020,16500,limousine,automatic,231,c_klasse,60000,petrol,mercedes_benz,no,10.25
47022,32399,suv,automatic,177,q5,150000,diesel,audi,no,5.25
47023,750,cabrio,manual,75,golf,150000,petrol,volkswagen,no,19.08
47024,11500,cabrio,automatic,170,clk,125000,petrol,mercedes_benz,no,14.08
47026,1349,small car,manual,75,lupo,150000,petrol,volkswagen,no,19.92
47027,1450,small car,manual,75,clio,150000,petrol,renault,no,19.67
47030,1000,small car,manual,60,2_reihe,150000,petrol,peugeot,no,17.25
47031,19500,station wagon,manual,143,a4,125000,diesel,audi,no,6.58
47032,7600,limousine,manual,163,3er,150000,diesel,bmw,no,12.75
47033,850,limousine,manual,88,3_reihe,150000,petrol,mazda,no,19.33
47034,6000,station wagon,manual,131,a4,125000,petrol,audi,no,15.5
47036,1699,limousine,manual,103,others,90000,petrol,alfa_romeo,no,21.83
47037,2490,limousine,manual,145,mondeo,150000,petrol,ford,no,16.75
47040,5555,station wagon,manual,140,passat,150000,diesel,volkswagen,no,10.58
47042,15699,limousine,manual,75,clio,125000,petrol,renault,no,20.33
47043,7250,limousine,automatic,143,1er,150000,diesel,bmw,no,11.83
47044,1000,limousine,manual,116,100,150000,petrol,audi,no,23.17
47046,14000,limousine,manual,320,golf,150000,petrol,volkswagen,no,11.42
47047,500,station wagon,automatic,144,850,150000,petrol,volvo,yes,22.75
47049,999,station wagon,manual,116,v40,150000,petrol,volvo,no,19.33
47051,14900,small car,manual,211,cooper,90000,petrol,mini,no,10.83
47052,219,small car,automatic,75,golf,150000,petrol,volkswagen,yes,26.5
47054,6990,small car,manual,80,golf,100000,petrol,volkswagen,no,9.25
47055,1450,limousine,manual,75,golf,150000,petrol,volkswagen,no,19.25
47056,6000,suv,automatic,136,tucson,150000,diesel,hyundai,no,12.67
47057,7600,cabrio,manual,136,slk,125000,petrol,mercedes_benz,no,19.75
47060,7900,limousine,manual,105,terios,70000,petrol,daihatsu,no,10.42
47062,38800,limousine,manual,300,others,20000,petrol,audi,no,4.58
47064,4855,bus,manual,150,viano,150000,diesel,mercedes_benz,no,13.92
47066,900,limousine,manual,136,90,150000,petrol,audi,no,29.58
47068,14500,limousine,automatic,340,s_klasse,150000,petrol,mercedes_benz,yes,10.33
47069,10310,cabrio,automatic,163,slk,150000,petrol,mercedes_benz,yes,14.58
47071,1000,small car,manual,60,corsa,150000,petrol,opel,no,16.5
47072,1200,small car,manual,60,fabia,150000,petrol,skoda,no,11.67
47074,1400,small car,automatic,75,twingo,150000,petrol,renault,no,16.33
47077,2900,limousine,automatic,75,astra,50000,petrol,opel,no,19.17
47078,5500,suv,automatic,160,pajero,150000,diesel,mitsubishi,no,16.58
47079,2100,cabrio,manual,109,2_reihe,150000,petrol,peugeot,no,13.25
47080,4125,bus,manual,105,zafira,150000,petrol,opel,no,12.0
47081,10590,station wagon,manual,131,megane,30000,petrol,renault,no,7.33
47082,6500,cabrio,manual,120,2_reihe,100000,petrol,peugeot,no,10.25
47084,3500,bus,manual,90,berlingo,150000,diesel,citroen,yes,8.0
47085,5200,small car,manual,75,twingo,20000,petrol,renault,yes,6.5
47087,3200,cabrio,manual,136,2_reihe,150000,petrol,peugeot,no,16.75
47088,13900,small car,manual,24,500,50000,petrol,fiat,no,53.42
47089,5900,limousine,automatic,136,others,150000,petrol,mercedes_benz,no,38.83
47090,475,small car,manual,44,golf,150000,petrol,volkswagen,yes,22.67
47091,4899,small car,manual,60,up,80000,petrol,volkswagen,yes,8.0
47093,2549,station wagon,manual,86,transit,150000,diesel,ford,no,14.08
47096,400,station wagon,manual,98,rio,150000,petrol,kia,yes,17.58
47098,4485,bus,manual,116,5_reihe,150000,petrol,mazda,no,13.58
47099,4700,small car,manual,58,others,100000,petrol,daihatsu,no,10.67
47100,2250,limousine,manual,101,golf,150000,petrol,volkswagen,no,19.5
47103,13000,limousine,manual,120,a4,60000,petrol,audi,no,8.5
47107,1350,bus,manual,64,caddy,150000,diesel,volkswagen,no,22.58
47109,5999,limousine,automatic,131,a4,150000,petrol,audi,no,16.67
47110,12900,limousine,manual,150,x_reihe,100000,diesel,bmw,no,12.17
47113,6000,station wagon,manual,150,3er,150000,diesel,bmw,no,13.25
47114,6700,limousine,manual,150,golf,125000,petrol,volkswagen,no,14.58
47117,8400,cabrio,manual,69,500,90000,petrol,fiat,no,7.33
47119,10900,station wagon,manual,150,3er,90000,petrol,bmw,no,13.0
47120,4399,small car,automatic,61,fortwo,100000,petrol,smart,no,16.92
47121,990,station wagon,automatic,132,others,150000,petrol,mercedes_benz,no,28.92
47123,5750,small car,manual,116,cooper,150000,petrol,mini,no,17.75
47124,1224,small car,manual,107,megane,150000,petrol,renault,no,19.33
47125,22900,cabrio,automatic,265,a5,125000,petrol,audi,no,9.17
47126,8999,cabrio,manual,118,z_reihe,125000,petrol,bmw,no,18.08
47127,1899,bus,manual,64,caddy,150000,diesel,volkswagen,no,22.83
47128,24500,suv,automatic,235,x_reihe,125000,diesel,bmw,no,9.5
47130,1200,station wagon,automatic,279,e_klasse,150000,petrol,mercedes_benz,no,20.42
47131,7900,limousine,manual,163,3er,150000,diesel,bmw,no,12.25
47133,1700,station wagon,manual,110,a4,150000,diesel,audi,no,21.25
47134,800,small car,manual,45,corsa,150000,petrol,opel,no,22.67
47135,6950,cabrio,manual,116,cooper,100000,petrol,mini,no,13.75
47136,600,limousine,manual,82,a_klasse,150000,petrol,mercedes_benz,no,19.08
47139,13900,coupe,automatic,140,others,80000,petrol,nissan,no,38.58
47140,500,station wagon,manual,117,focus,150000,petrol,ford,no,18.17
47142,5430,limousine,automatic,102,golf,125000,petrol,volkswagen,no,14.92
47143,8499,station wagon,manual,170,a4,150000,diesel,audi,no,12.83
47144,7399,cabrio,manual,163,others,150000,petrol,audi,no,15.5
47145,2800,limousine,manual,170,5er,150000,petrol,bmw,no,22.0
47146,888,small car,manual,70,2_reihe,150000,diesel,peugeot,no,16.75
47147,1290,small car,manual,75,clio,125000,petrol,renault,no,20.58
47149,2800,limousine,manual,125,a_klasse,125000,petrol,mercedes_benz,no,18.58
47150,1000,coupe,manual,105,3er,150000,petrol,bmw,no,18.92
47152,20000,bus,automatic,122,b_klasse,20000,petrol,mercedes_benz,no,5.17
47153,1950,small car,manual,75,lupo,150000,petrol,volkswagen,no,16.5
47154,3950,station wagon,manual,131,passat,150000,diesel,volkswagen,no,14.25
47155,9500,station wagon,manual,170,c_klasse,150000,diesel,mercedes_benz,no,12.0
47156,3960,station wagon,manual,136,v50,150000,diesel,volvo,no,14.75
47157,4990,station wagon,manual,150,astra,150000,diesel,opel,no,12.42
47159,3199,small car,manual,204,golf,20000,petrol,volkswagen,no,18.25
47160,4200,limousine,manual,170,leon,150000,diesel,seat,no,11.83
47163,11900,small car,manual,60,polo,10000,petrol,volkswagen,no,3.25
47164,11700,station wagon,manual,122,golf,70000,petrol,volkswagen,yes,5.42
47165,3399,coupe,manual,129,c_klasse,150000,petrol,mercedes_benz,no,17.58
47168,12900,limousine,automatic,207,others,150000,diesel,jaguar,no,9.33
47169,999,limousine,manual,120,147,150000,petrol,alfa_romeo,no,16.08
47170,1500,bus,manual,101,transit,150000,diesel,ford,no,19.0
47173,1590,small car,manual,75,clio,150000,petrol,renault,no,16.25
47174,2690,small car,manual,75,clio,100000,petrol,renault,no,14.42
47175,400,small car,manual,101,golf,150000,petrol,volkswagen,yes,19.17
47177,6800,limousine,automatic,218,5er,150000,diesel,bmw,no,13.42
47178,13500,coupe,manual,160,tt,125000,petrol,audi,no,11.0
47179,3000,bus,manual,101,meriva,150000,petrol,opel,no,12.25
47180,42900,suv,automatic,245,q5,60000,diesel,audi,no,5.25
47181,2600,small car,manual,69,sirion,125000,petrol,daihatsu,no,13.75
47182,850,limousine,manual,103,others,100000,petrol,fiat,no,19.33
47183,3999,limousine,manual,145,focus,150000,petrol,ford,no,12.33
47185,21990,coupe,manual,200,others,30000,petrol,toyota,no,5.42
47187,4500,limousine,automatic,299,a6,150000,petrol,audi,no,19.83
47188,5200,station wagon,manual,102,a3,125000,petrol,audi,yes,13.42
47189,6500,limousine,manual,193,a_klasse,125000,petrol,mercedes_benz,no,12.5
47193,9300,cabrio,manual,140,eos,150000,diesel,volkswagen,no,11.33
47194,1699,bus,manual,125,zafira,150000,petrol,opel,no,17.75
47197,6450,suv,manual,141,tucson,90000,petrol,hyundai,no,11.83
47199,1999,limousine,manual,147,vectra,150000,petrol,opel,no,15.67
47200,21500,station wagon,automatic,140,passat,60000,diesel,volkswagen,no,6.5
47203,11900,coupe,manual,160,scirocco,100000,petrol,volkswagen,no,11.0
47204,4990,limousine,manual,116,astra,150000,diesel,opel,no,9.58
47205,325,small car,automatic,58,twingo,150000,petrol,renault,yes,13.08
47206,7299,limousine,manual,105,golf,150000,diesel,volkswagen,no,10.17
47208,12950,suv,manual,140,tiguan,150000,diesel,volkswagen,no,9.67
47210,6500,bus,manual,86,roomster,125000,petrol,skoda,no,9.25
47212,3900,limousine,manual,170,c_klasse,150000,petrol,mercedes_benz,no,15.08
47213,1200,limousine,manual,101,toledo,150000,petrol,seat,no,22.0
47214,5500,bus,manual,116,touran,150000,petrol,volkswagen,no,14.25
47215,3200,small car,manual,60,fiesta,125000,petrol,ford,no,10.5
47216,17499,limousine,automatic,140,golf,40000,petrol,volkswagen,no,5.5
47218,1999,limousine,manual,101,focus,125000,petrol,ford,no,19.83
47220,1950,small car,manual,75,fiesta,70000,petrol,ford,no,16.25
47221,599,limousine,manual,150,a4,5000,petrol,audi,yes,17.08
47222,1000,station wagon,manual,125,passat,150000,petrol,volkswagen,no,20.67
47223,1500,bus,manual,110,others,5000,diesel,mercedes_benz,yes,4.33
47224,9400,limousine,manual,177,3er,150000,diesel,bmw,no,12.0
47227,300,small car,manual,54,twingo,150000,petrol,renault,no,22.08
47229,2050,small car,automatic,80,punto,20000,petrol,fiat,no,16.42
47230,4299,station wagon,manual,110,astra,150000,diesel,opel,no,10.92
47231,2100,cabrio,automatic,61,fortwo,125000,petrol,smart,no,12.42
47234,750,small car,manual,45,corsa,150000,petrol,opel,no,24.0
47235,699,small car,manual,75,fabia,150000,petrol,skoda,yes,15.17
47237,29445,limousine,automatic,218,5er,40000,diesel,bmw,no,7.0
47239,399,limousine,manual,150,a4,150000,petrol,audi,yes,23.0
47242,8750,limousine,automatic,231,e_klasse,150000,petrol,mercedes_benz,no,13.5
47243,17000,limousine,manual,140,focus,80000,diesel,ford,no,4.58
47244,790,station wagon,manual,116,focus,150000,diesel,ford,no,16.67
47245,6840,limousine,automatic,185,s60,150000,diesel,volvo,no,9.83
47248,3950,limousine,manual,102,golf,150000,petrol,volkswagen,no,13.58
47249,1990,small car,manual,58,clio,100000,petrol,renault,no,13.33
47251,600,limousine,manual,90,escort,125000,petrol,ford,no,22.58
47252,2150,limousine,manual,116,3er,150000,petrol,bmw,no,16.58
47253,6900,small car,manual,68,up,90000,cng,volkswagen,no,5.25
47254,14499,suv,manual,174,touareg,100000,diesel,volkswagen,no,13.08
47257,3850,bus,manual,113,others,150000,diesel,kia,no,12.25
47259,985,small car,manual,58,twingo,150000,petrol,renault,no,19.58
47260,7000,small car,manual,60,up,30000,petrol,volkswagen,no,6.67
47262,4200,coupe,manual,122,c_klasse,150000,diesel,mercedes_benz,no,15.83
47263,5000,limousine,automatic,150,s_klasse,150000,diesel,mercedes_benz,no,32.58
47264,3990,cabrio,manual,90,golf,150000,diesel,volkswagen,no,17.33
47265,5300,bus,manual,177,verso,125000,diesel,toyota,no,11.92
47266,6590,station wagon,manual,140,passat,150000,diesel,volkswagen,yes,7.42
47267,850,bus,automatic,170,voyager,150000,petrol,chrysler,no,23.67
47268,68500,cabrio,automatic,480,911,90000,petrol,porsche,no,10.58
47269,500,limousine,manual,109,others,150000,petrol,volvo,no,23.17
47270,3999,station wagon,automatic,204,a6,150000,diesel,audi,no,15.33
47272,12900,limousine,automatic,367,7er,150000,petrol,bmw,no,13.75
47273,2499,limousine,manual,150,a4,150000,petrol,audi,no,20.92
47274,6500,bus,manual,131,sharan,150000,diesel,volkswagen,no,13.83
47275,13200,limousine,manual,184,c_klasse,40000,petrol,mercedes_benz,no,11.33
47276,1500,limousine,manual,103,astra,150000,petrol,opel,no,15.58
47277,58900,cabrio,manual,385,911,80000,petrol,porsche,no,9.17
47278,4999,station wagon,manual,140,passat,150000,diesel,volkswagen,no,13.0
47279,1400,station wagon,manual,60,polo,150000,petrol,volkswagen,no,17.25
47281,8490,station wagon,manual,109,3_reihe,80000,diesel,peugeot,no,9.92
47282,3400,small car,manual,65,micra,125000,petrol,nissan,no,14.5
47283,3000,suv,manual,99,others,125000,diesel,mitsubishi,no,21.42
47285,3250,station wagon,manual,34,others,125000,petrol,renault,no,31.17
47286,2300,limousine,manual,125,vectra,150000,diesel,opel,no,14.25
47287,8999,small car,manual,87,corsa,40000,petrol,opel,no,5.92
47288,25950,cabrio,automatic,204,e_klasse,70000,diesel,mercedes_benz,no,8.42
47292,3450,suv,manual,150,others,150000,diesel,hyundai,no,15.08
47293,6000,station wagon,manual,163,3er,150000,diesel,bmw,no,9.08
47294,300,station wagon,automatic,136,e_klasse,150000,petrol,mercedes_benz,yes,20.0
47297,2600,coupe,manual,147,astra,150000,lpg,opel,no,15.08
47298,34900,cabrio,automatic,204,slk,40000,diesel,mercedes_benz,no,4.08
47301,28500,cabrio,automatic,367,6er,100000,petrol,bmw,no,11.33
47303,25490,bus,automatic,150,c_max,5000,petrol,ford,no,2.17
47304,500,cabrio,manual,90,golf,150000,petrol,volkswagen,no,24.17
47307,12950,limousine,manual,143,1er,125000,petrol,bmw,no,11.67
47308,1599,cabrio,manual,115,80,150000,petrol,audi,no,23.33
47310,1350,suv,automatic,82,others,150000,petrol,suzuki,no,27.17
47312,26850,limousine,automatic,450,others,70000,petrol,audi,no,11.92
47314,2800,limousine,manual,101,a3,150000,petrol,audi,no,18.08
47315,8150,bus,manual,110,zafira,150000,diesel,opel,no,7.5
47317,7999,station wagon,automatic,190,e_klasse,150000,diesel,mercedes_benz,no,14.0
47318,1750,bus,manual,68,transporter,150000,diesel,volkswagen,no,20.83
47319,20900,suv,automatic,224,glk,125000,diesel,mercedes_benz,no,10.67
47320,4200,limousine,manual,129,avensis,100000,petrol,toyota,no,15.58
47322,2199,small car,manual,80,a_klasse,150000,petrol,mercedes_benz,no,16.92
47324,7490,station wagon,manual,170,e_klasse,150000,diesel,mercedes_benz,no,12.83
47325,1990,small car,manual,54,polo,150000,petrol,volkswagen,no,15.42
47327,950,coupe,manual,136,clk,150000,petrol,mercedes_benz,no,20.83
47328,2100,station wagon,manual,101,focus,150000,petrol,ford,no,16.83
47329,5200,limousine,manual,179,others,150000,petrol,mercedes_benz,yes,32.92
47332,24900,suv,automatic,170,q5,125000,diesel,audi,no,7.08
47333,900,station wagon,manual,150,a4,150000,petrol,audi,no,22.75
47334,4799,small car,manual,69,ibiza,125000,diesel,seat,no,11.58
47335,1249,small car,manual,75,twingo,150000,petrol,renault,no,17.17
47338,10800,station wagon,manual,150,octavia,150000,petrol,skoda,no,10.08
47339,12900,bus,automatic,177,transporter,150000,diesel,volkswagen,no,14.0
47340,1750,limousine,manual,150,3er,30000,petrol,bmw,no,20.83
47342,5500,limousine,automatic,193,5er,150000,diesel,bmw,no,16.33
47343,12990,station wagon,manual,105,golf,80000,diesel,volkswagen,no,6.83
47344,3000,limousine,manual,150,5er,150000,lpg,bmw,no,20.17
47345,1250,station wagon,manual,74,vectra,5000,petrol,opel,no,18.25
47346,3800,bus,automatic,116,almera,60000,petrol,nissan,no,14.42
47347,6250,suv,manual,150,santa,150000,diesel,hyundai,no,11.58
47348,1999,station wagon,manual,101,focus,150000,diesel,ford,no,14.75
47349,750,limousine,manual,75,focus,20000,petrol,ford,no,19.0
47350,3650,station wagon,manual,179,a4,150000,diesel,audi,no,14.08
47352,4499,cabrio,manual,110,mx_reihe,90000,petrol,mazda,no,18.25
47354,700,limousine,manual,90,6_reihe,150000,petrol,mazda,no,19.67
47355,11000,limousine,automatic,129,3er,80000,petrol,bmw,no,11.25
47356,850,limousine,manual,66,2_reihe,150000,diesel,peugeot,yes,18.42
47358,1699,limousine,manual,150,a6,150000,diesel,audi,no,19.25
47360,2300,others,manual,102,others,150000,diesel,volkswagen,no,19.33
47361,2200,station wagon,manual,75,golf,150000,petrol,volkswagen,no,19.08
47362,2490,small car,manual,75,clio,150000,petrol,renault,no,13.75
47363,5950,small car,manual,80,polo,150000,petrol,volkswagen,no,11.58
47365,3899,cabrio,automatic,136,3_reihe,125000,petrol,peugeot,no,14.42
47368,3750,limousine,manual,75,golf,125000,petrol,volkswagen,no,15.0
47369,10900,bus,manual,116,vito,150000,diesel,mercedes_benz,no,9.83
47370,1649,limousine,manual,101,golf,150000,petrol,volkswagen,no,21.83
47371,6800,small car,manual,105,ibiza,80000,petrol,seat,no,9.42
47372,17200,bus,automatic,109,b_klasse,70000,diesel,mercedes_benz,no,6.42
47373,12500,station wagon,automatic,190,a6,150000,diesel,audi,no,8.25
47374,2200,coupe,automatic,150,3er,150000,petrol,bmw,no,24.83
47376,10199,station wagon,manual,143,3er,125000,diesel,bmw,no,9.83
47378,899,cabrio,manual,150,spider,90000,petrol,alfa_romeo,yes,17.33
47379,1300,bus,manual,144,carnival,150000,diesel,kia,no,13.5
47381,850,small car,manual,58,cuore,150000,petrol,daihatsu,no,13.5
47383,3500,station wagon,automatic,143,c_klasse,150000,petrol,mercedes_benz,no,15.33
47385,1100,coupe,manual,101,astra,150000,diesel,opel,no,16.25
47386,29900,limousine,automatic,245,7er,80000,diesel,bmw,no,10.0
47387,15500,station wagon,manual,105,golf,40000,diesel,volkswagen,no,5.5
47388,5900,limousine,manual,95,others,60000,petrol,peugeot,no,9.33
47389,1850,limousine,manual,75,golf,150000,petrol,volkswagen,no,21.17
47390,4800,limousine,automatic,143,3er,150000,petrol,bmw,no,14.25
47394,17500,coupe,automatic,143,a5,125000,diesel,audi,no,9.0
47395,4500,limousine,manual,116,beetle,80000,petrol,volkswagen,no,19.25
47396,1000,station wagon,manual,122,v40,150000,petrol,volvo,yes,19.0
47397,21800,cabrio,manual,204,z_reihe,40000,petrol,bmw,no,8.08
47398,4500,station wagon,manual,131,a4,150000,diesel,audi,no,14.92
47401,11000,station wagon,manual,102,a3,90000,petrol,audi,no,8.5
47402,1700,bus,automatic,107,scenic,125000,petrol,renault,no,15.08
47403,1600,limousine,automatic,207,c5,150000,petrol,citroen,no,16.42
47404,10999,station wagon,automatic,218,5er,150000,diesel,bmw,no,13.08
47408,1299,small car,manual,58,corsa,150000,petrol,opel,no,16.25
47410,3400,bus,manual,57,transporter,150000,diesel,volkswagen,yes,27.25
47414,16999,limousine,automatic,326,e_klasse,150000,petrol,mercedes_benz,no,27.92
47416,4000,small car,manual,55,caddy,125000,petrol,volkswagen,no,15.0
47418,550,limousine,manual,84,astra,5000,petrol,opel,yes,19.0
47420,4500,limousine,automatic,136,3er,150000,diesel,bmw,no,18.0
47421,11900,station wagon,manual,109,clubman,80000,diesel,mini,no,8.17
47423,2800,small car,manual,75,fabia,100000,petrol,skoda,no,16.25
47424,9000,limousine,manual,122,golf,125000,petrol,volkswagen,no,9.83
47425,10650,suv,automatic,218,x_reihe,150000,diesel,bmw,no,12.17
47427,25000,cabrio,manual,211,a5,70000,petrol,audi,no,8.17
47428,2990,small car,manual,101,polo,150000,petrol,volkswagen,no,16.83
47429,2899,small car,manual,75,clio,125000,petrol,renault,no,13.5
47431,9500,suv,automatic,340,cayenne,150000,petrol,porsche,no,14.33
47432,3900,coupe,automatic,170,3er,150000,petrol,bmw,no,17.5
47434,3300,small car,manual,88,2_reihe,90000,petrol,peugeot,no,12.75
47435,2800,station wagon,manual,129,c_klasse,150000,lpg,mercedes_benz,no,16.33
47436,1450,limousine,manual,102,3er,150000,petrol,bmw,no,21.0
47437,2100,suv,manual,83,others,125000,petrol,suzuki,no,16.67
47438,24000,cabrio,manual,50,kaefer,90000,petrol,volkswagen,no,42.58
47440,2500,small car,manual,65,yaris,150000,petrol,toyota,yes,14.67
47442,800,limousine,manual,75,fiesta,150000,petrol,ford,no,19.83
47443,33000,cabrio,automatic,476,sl,70000,petrol,mercedes_benz,no,16.58
47444,11800,suv,manual,175,xc_reihe,150000,diesel,volvo,no,9.75
47445,10800,limousine,automatic,218,7er,150000,diesel,bmw,no,14.17
47446,3300,others,manual,75,berlingo,125000,diesel,citroen,no,11.75
47448,3300,limousine,manual,140,a_klasse,150000,petrol,mercedes_benz,no,16.83
47451,300,coupe,manual,102,3er,150000,petrol,bmw,yes,20.42
47454,2100,limousine,manual,116,3er,150000,petrol,bmw,no,16.17
47455,23000,station wagon,automatic,184,5er,125000,diesel,bmw,no,7.58
47456,32400,limousine,manual,140,q3,40000,diesel,audi,no,5.5
47457,2490,small car,manual,60,fiesta,150000,lpg,ford,no,14.92
47460,200,small car,manual,59,ka,125000,petrol,ford,yes,20.17
47463,8250,station wagon,manual,140,a4,150000,diesel,audi,no,11.33
47464,2295,small car,manual,54,panda,70000,petrol,fiat,no,12.25
47465,3250,station wagon,automatic,192,5er,150000,lpg,bmw,no,19.5
47466,2888,limousine,manual,215,passat,150000,petrol,volkswagen,no,20.25
47467,5500,limousine,manual,101,others,125000,petrol,fiat,no,10.25
47468,13000,limousine,automatic,239,a6,150000,diesel,audi,no,11.0
47469,6500,station wagon,automatic,272,5er,150000,diesel,bmw,yes,13.25
47470,14500,limousine,automatic,224,e_klasse,125000,diesel,mercedes_benz,no,11.0
47472,6750,station wagon,manual,105,golf,150000,diesel,volkswagen,no,7.5
47473,6900,limousine,automatic,77,others,90000,hybrid,toyota,no,12.5
47474,1000,limousine,automatic,211,others,150000,petrol,jaguar,no,23.92
47475,8550,station wagon,manual,143,a4,150000,diesel,audi,no,9.17
47477,1250,small car,manual,75,almera,150000,petrol,nissan,no,20.17
47479,5000,coupe,manual,150,3er,150000,diesel,bmw,no,15.0
47480,5550,bus,manual,140,s_max,150000,diesel,ford,no,11.25
47481,800,station wagon,manual,101,astra,150000,petrol,opel,no,20.42
47483,1800,limousine,manual,116,3er,150000,petrol,bmw,no,21.67
47486,4500,small car,automatic,61,fortwo,60000,petrol,smart,no,12.92
47487,6700,small car,manual,69,polo,100000,diesel,volkswagen,no,9.33
47488,7000,suv,manual,177,rav,150000,diesel,toyota,no,12.0
47489,590,small car,manual,60,polo,80000,petrol,volkswagen,no,21.25
47490,3500,limousine,manual,170,4_reihe,150000,diesel,peugeot,no,11.58
47492,10500,limousine,manual,177,1er,150000,diesel,bmw,no,11.25
47493,7499,limousine,manual,150,golf,150000,petrol,volkswagen,no,14.5
47494,3200,bus,manual,75,transit,150000,diesel,ford,yes,7.67
47495,11299,small car,manual,122,a1,70000,petrol,audi,no,6.42
47497,3900,small car,automatic,84,fortwo,125000,petrol,smart,no,10.08
47498,1599,coupe,manual,125,civic,150000,petrol,honda,no,22.25
47499,1650,small car,manual,75,corsa,150000,petrol,opel,no,17.75
47500,750,small car,manual,60,polo,150000,petrol,volkswagen,no,22.58
47501,4200,limousine,manual,109,3_reihe,150000,diesel,peugeot,no,11.0
47502,5999,bus,manual,101,zafira,125000,diesel,opel,no,13.67
47503,750,station wagon,manual,150,c_klasse,150000,diesel,mercedes_benz,yes,22.58
47506,3100,limousine,manual,75,astra,60000,petrol,opel,no,18.42
47508,1800,limousine,manual,101,a4,150000,petrol,audi,no,18.0
47510,3200,station wagon,manual,110,astra,150000,diesel,opel,no,10.42
47511,12900,small car,manual,105,polo,60000,petrol,volkswagen,no,7.58
47512,850,small car,manual,90,focus,150000,petrol,ford,no,18.0
47513,9500,small car,automatic,120,cooper,60000,petrol,mini,no,11.83
47516,2500,limousine,manual,136,e_klasse,125000,lpg,mercedes_benz,no,19.58
47517,4799,cabrio,manual,109,2_reihe,100000,petrol,peugeot,no,12.33
47518,4000,bus,automatic,136,others,125000,petrol,citroen,no,13.67
47520,1650,small car,automatic,61,fortwo,90000,petrol,smart,no,18.08
47524,2000,suv,manual,145,santa,150000,lpg,hyundai,no,14.0
47525,1450,small car,automatic,95,a_klasse,150000,diesel,mercedes_benz,yes,16.83
47526,12500,limousine,manual,220,mondeo,125000,petrol,ford,no,9.75
47527,13100,limousine,automatic,197,5er,150000,diesel,bmw,no,12.0
47528,8500,station wagon,manual,105,golf,125000,diesel,volkswagen,no,9.75
47529,2490,small car,manual,75,clio,90000,petrol,renault,no,17.33
47531,4850,small car,manual,77,i_reihe,50000,petrol,hyundai,no,9.0
47532,1000,cabrio,manual,122,others,150000,petrol,rover,no,24.33
47533,4990,bus,manual,131,alhambra,150000,diesel,seat,no,14.83
47538,27999,suv,automatic,170,glk,40000,diesel,mercedes_benz,no,7.67
47539,2300,station wagon,manual,75,fabia,150000,petrol,skoda,no,15.75
47540,1400,station wagon,manual,140,3_reihe,150000,diesel,peugeot,no,15.25
47541,3500,small car,manual,174,golf,150000,petrol,volkswagen,no,24.0
47543,1250,station wagon,manual,74,focus,150000,petrol,ford,no,19.5
47544,1899,station wagon,automatic,193,5er,150000,petrol,bmw,no,21.5
47545,1590,coupe,manual,143,3er,150000,petrol,bmw,no,17.67
47546,900,small car,manual,54,polo,150000,petrol,volkswagen,no,23.33
47549,450,others,manual,60,cordoba,100000,petrol,seat,yes,23.42
47552,4490,limousine,manual,170,5er,150000,petrol,bmw,no,18.75
47553,13499,bus,manual,140,caddy,100000,diesel,volkswagen,no,9.75
47554,1750,limousine,manual,150,5er,150000,petrol,bmw,no,22.75
47555,4444,small car,manual,122,c2,125000,petrol,citroen,no,14.0
47556,4999,suv,manual,150,rav,150000,petrol,toyota,no,17.17
47557,11490,station wagon,manual,160,a3,125000,petrol,audi,no,9.83
47558,3650,limousine,automatic,95,a_klasse,150000,diesel,mercedes_benz,no,14.33
47559,4200,bus,manual,70,transporter,150000,diesel,volkswagen,no,28.75
47561,10780,station wagon,manual,143,a4,150000,diesel,audi,no,9.25
47562,2150,small car,manual,75,twingo,125000,petrol,renault,no,15.25
47563,9600,limousine,manual,170,1er,100000,petrol,bmw,no,10.5
47565,850,limousine,automatic,175,omega,150000,petrol,opel,no,20.75
47566,4800,station wagon,manual,105,passat,150000,diesel,volkswagen,no,13.83
47567,1890,small car,manual,52,matiz,80000,petrol,chevrolet,no,8.75
47569,6100,cabrio,automatic,71,fortwo,60000,petrol,smart,no,8.83
47570,1700,cabrio,manual,101,golf,150000,petrol,volkswagen,no,18.42
47571,523,limousine,automatic,250,a8,50000,diesel,audi,no,6.83
47572,2800,station wagon,manual,190,e_klasse,5000,petrol,mercedes_benz,no,20.08
47576,6200,limousine,manual,143,1er,150000,diesel,bmw,yes,9.17
47577,1200,station wagon,manual,120,laguna,150000,petrol,renault,no,15.42
47578,7900,cabrio,manual,204,boxster,150000,petrol,porsche,no,21.33
47579,4500,limousine,manual,170,5er,150000,petrol,bmw,no,19.75
47580,1499,small car,manual,60,polo,150000,petrol,volkswagen,no,20.0
47581,1200,limousine,manual,125,a3,150000,petrol,audi,no,22.92
47582,2600,cabrio,automatic,54,fortwo,125000,petrol,smart,no,17.0
47584,8999,limousine,manual,163,3er,150000,diesel,bmw,no,12.58
47585,1200,suv,manual,205,others,5000,lpg,opel,yes,18.83
47586,1780,limousine,manual,90,80,150000,petrol,audi,no,33.08
47587,6200,limousine,manual,163,3er,150000,diesel,bmw,no,11.17
47589,26800,coupe,automatic,245,a5,70000,diesel,audi,no,7.92
47590,5900,limousine,manual,163,e_klasse,150000,petrol,mercedes_benz,no,15.92
47591,1150,small car,manual,75,2_reihe,125000,petrol,peugeot,no,19.33
47592,1250,small car,automatic,54,fortwo,125000,petrol,smart,no,19.83
47593,6200,station wagon,manual,105,fabia,80000,petrol,skoda,no,10.5
47595,12800,cabrio,automatic,84,fortwo,20000,petrol,smart,no,5.5
47596,8900,bus,manual,63,caddy,100000,petrol,volkswagen,no,7.92
47597,21000,cabrio,automatic,184,cooper,30000,petrol,mini,no,5.5
47598,32649,cabrio,automatic,306,z_reihe,90000,petrol,bmw,no,7.42
47600,1200,limousine,manual,101,astra,150000,petrol,opel,yes,21.0
47601,2900,small car,manual,75,colt,150000,petrol,mitsubishi,no,10.0
47602,21900,limousine,automatic,286,x_reihe,150000,diesel,bmw,no,10.92
47603,5600,bus,manual,80,others,150000,diesel,renault,no,18.33
47605,3100,bus,manual,98,transporter,150000,diesel,volkswagen,no,13.75
47606,2100,small car,manual,101,astra,125000,petrol,opel,no,18.92
47607,9150,bus,automatic,136,b_klasse,70000,petrol,mercedes_benz,no,13.33
47608,4300,limousine,manual,177,others,150000,diesel,bmw,no,10.75
47610,6950,bus,manual,102,caddy,150000,petrol,volkswagen,no,13.5
47611,6999,limousine,manual,102,a3,150000,petrol,audi,no,10.33
47612,1990,bus,manual,69,transporter,20000,petrol,volkswagen,no,36.58
47613,900,small car,manual,60,ka,80000,petrol,ford,no,20.58
47614,9990,station wagon,automatic,122,octavia,90000,petrol,skoda,no,7.58
47615,5399,small car,manual,90,corsa,80000,petrol,opel,no,10.25
47616,5999,small car,manual,69,ibiza,20000,petrol,seat,no,11.25
47621,899,small car,automatic,54,micra,100000,petrol,nissan,no,20.08
47623,500,small car,manual,58,twingo,150000,petrol,renault,yes,20.83
47624,8999,limousine,manual,150,qashqai,150000,diesel,nissan,no,10.17
47625,1960,small car,automatic,40,fortwo,70000,petrol,smart,no,17.25
47626,600,small car,manual,45,corsa,125000,petrol,opel,no,24.42
47627,1950,bus,automatic,170,espace,150000,lpg,renault,no,12.08
47628,3900,limousine,manual,101,leon,150000,diesel,seat,no,12.25
47629,31000,limousine,automatic,245,q5,125000,diesel,audi,no,6.75
47630,17900,station wagon,manual,122,passat,40000,petrol,volkswagen,no,5.42
47635,4444,station wagon,manual,140,octavia,150000,diesel,skoda,no,12.58
47636,14900,cabrio,manual,122,golf,50000,petrol,volkswagen,no,6.83
47637,999,limousine,manual,105,3er,150000,petrol,bmw,no,18.5
47638,13500,bus,manual,143,5_reihe,70000,diesel,mazda,no,8.75
47639,2300,coupe,manual,170,3er,150000,petrol,bmw,no,19.75
47641,999,small car,manual,50,lupo,150000,petrol,volkswagen,yes,18.25
47643,3250,bus,manual,88,note,150000,petrol,nissan,no,12.5
47644,1499,limousine,automatic,122,c_klasse,150000,petrol,mercedes_benz,no,19.67
47645,3750,station wagon,manual,131,mondeo,150000,diesel,ford,no,11.25
47646,750,limousine,manual,90,80,150000,petrol,audi,no,27.17
47647,690,station wagon,automatic,147,vectra,150000,petrol,opel,yes,17.92
47650,2280,limousine,manual,95,a_klasse,150000,diesel,mercedes_benz,no,15.5
47651,4350,bus,manual,90,meriva,125000,petrol,opel,no,12.83
47652,3600,limousine,manual,113,3er,150000,petrol,bmw,no,30.75
47655,9455,small car,manual,75,others,50000,petrol,mazda,no,5.25
47656,3140,small car,manual,67,getz,90000,petrol,hyundai,no,12.5
47658,5800,cabrio,manual,197,clk,150000,petrol,mercedes_benz,no,17.25
47659,3000,cabrio,manual,98,golf,150000,petrol,volkswagen,no,26.25
47660,750,small car,manual,58,twingo,150000,petrol,renault,no,16.75
47663,400,limousine,manual,90,golf,150000,petrol,volkswagen,no,25.08
47664,8500,small car,manual,90,polo,100000,diesel,volkswagen,no,8.5
47666,8500,station wagon,manual,170,a4,150000,diesel,audi,no,12.0
47667,4200,station wagon,manual,125,forester,150000,petrol,subaru,no,15.25
47669,8999,cabrio,manual,218,slk,150000,petrol,mercedes_benz,no,18.25
47671,6750,station wagon,manual,140,passat,150000,diesel,volkswagen,no,11.75
47672,18999,station wagon,automatic,136,i_reihe,50000,diesel,hyundai,no,4.5
47673,1800,limousine,manual,140,3er,150000,petrol,bmw,no,21.5
47674,5200,limousine,automatic,204,e_klasse,150000,petrol,mercedes_benz,no,19.67
47675,4200,station wagon,automatic,122,vito,150000,diesel,mercedes_benz,no,16.17
47677,350,small car,manual,58,twingo,150000,petrol,renault,no,20.33
47680,7999,limousine,manual,116,astra,60000,petrol,opel,no,8.75
47681,1000,limousine,manual,101,astra,150000,petrol,opel,yes,19.42
47683,2200,station wagon,manual,101,passat,150000,lpg,volkswagen,no,21.83
47684,2790,suv,manual,163,others,150000,diesel,hyundai,yes,14.5
47685,2300,station wagon,automatic,101,passat,150000,petrol,volkswagen,no,21.83
47686,23990,limousine,automatic,286,x_reihe,150000,diesel,bmw,no,10.92
47687,999,station wagon,manual,64,others,150000,diesel,seat,no,16.92
47688,4999,limousine,automatic,122,3er,150000,petrol,bmw,no,40.08
47689,16200,station wagon,automatic,190,a4,125000,diesel,audi,no,10.92
47690,1250,small car,manual,65,others,125000,petrol,suzuki,no,22.0
47691,12400,suv,automatic,232,freelander,150000,petrol,land_rover,no,10.67
47693,6850,bus,automatic,150,grand,150000,diesel,chrysler,no,9.25
47695,3490,limousine,manual,68,clio,150000,diesel,renault,no,9.08
47696,5500,station wagon,automatic,197,e_klasse,150000,petrol,mercedes_benz,no,25.0
47698,1500,station wagon,manual,141,ptcruiser,150000,petrol,chrysler,no,17.08
47699,7490,station wagon,manual,218,5er,150000,diesel,bmw,no,14.75
47700,5250,limousine,manual,116,golf,125000,petrol,volkswagen,no,14.17
47702,16990,limousine,automatic,163,5er,90000,petrol,bmw,no,9.83
47703,5900,small car,manual,75,a2,150000,petrol,audi,no,15.75
47705,6499,cabrio,manual,98,golf,150000,petrol,volkswagen,no,27.58
47706,6700,coupe,automatic,71,fortwo,40000,petrol,smart,no,7.25
47707,4480,limousine,manual,109,a_klasse,150000,diesel,mercedes_benz,no,11.58
47708,6900,limousine,automatic,140,golf,100000,petrol,volkswagen,no,10.83
47709,7149,limousine,manual,75,colt,10000,petrol,mitsubishi,no,9.25
47710,1700,limousine,manual,82,astra,150000,petrol,opel,no,16.0
47712,1500,station wagon,manual,150,5er,150000,petrol,bmw,no,19.5
47713,8000,limousine,manual,150,qashqai,150000,diesel,nissan,no,10.08
47714,13999,limousine,automatic,99,others,100000,hybrid,toyota,no,9.75
47715,1849,small car,manual,75,corsa,150000,petrol,opel,no,15.25
47716,700,limousine,manual,170,omega,150000,petrol,opel,no,19.42
47719,7300,limousine,automatic,109,a_klasse,100000,diesel,mercedes_benz,no,13.25
47720,1399,station wagon,manual,150,a6,150000,diesel,audi,no,19.0
47722,4700,station wagon,manual,75,caddy,150000,petrol,volkswagen,no,14.58
47724,500,small car,manual,60,fiesta,125000,petrol,ford,no,19.92
47725,4200,coupe,manual,129,c_klasse,150000,petrol,mercedes_benz,no,16.17
47726,4550,station wagon,automatic,143,c_klasse,150000,petrol,mercedes_benz,no,16.67
47727,900,station wagon,manual,101,astra,150000,diesel,opel,no,17.25
47731,1800,station wagon,automatic,143,5er,150000,diesel,bmw,no,24.58
47732,2300,limousine,manual,75,golf,150000,petrol,volkswagen,no,16.42
47733,15990,bus,automatic,140,touran,100000,diesel,volkswagen,no,6.0
47735,3499,station wagon,automatic,125,a4,150000,petrol,audi,no,19.92
47736,2400,limousine,manual,95,others,150000,diesel,volvo,no,19.92
47738,15999,coupe,manual,211,golf,60000,petrol,volkswagen,no,8.5
47739,1500,small car,manual,101,a3,150000,petrol,audi,no,19.33
47740,7500,coupe,manual,333,6er,150000,petrol,bmw,yes,14.33
47741,33500,station wagon,automatic,260,superb,30000,petrol,skoda,no,4.83
47743,24500,cabrio,automatic,184,slk,80000,petrol,mercedes_benz,no,7.75
47744,2190,station wagon,manual,90,others,150000,diesel,ford,no,14.25
47746,990,bus,manual,106,scenic,150000,petrol,renault,no,18.17
47747,850,coupe,manual,102,3er,150000,petrol,bmw,no,21.58
47748,1499,limousine,manual,75,megane,90000,petrol,renault,no,22.92
47749,5600,station wagon,automatic,163,a6,150000,diesel,audi,no,15.75
47750,21000,station wagon,automatic,143,a4,80000,diesel,audi,no,6.75
47751,999,coupe,manual,131,others,150000,petrol,ford,no,19.83
47753,1600,limousine,manual,125,impreza,150000,petrol,subaru,no,18.17
47754,5650,bus,automatic,116,sharan,150000,diesel,volkswagen,no,13.67
47756,24800,suv,manual,136,xc_reihe,90000,diesel,volvo,no,5.58
47757,1490,limousine,manual,116,others,150000,petrol,rover,no,19.33
47758,16300,station wagon,manual,194,insignia,150000,diesel,opel,no,6.92
47760,1500,station wagon,manual,101,vectra,150000,petrol,opel,no,20.92
47761,3200,station wagon,manual,131,passat,150000,diesel,volkswagen,no,17.33
47762,2100,station wagon,manual,120,megane,150000,diesel,renault,no,15.83
47764,200,small car,manual,60,polo,150000,petrol,volkswagen,no,23.75
47765,8499,limousine,manual,140,golf,150000,petrol,volkswagen,no,10.75
47768,2890,small car,manual,68,c1,90000,petrol,citroen,no,12.83
47769,11500,station wagon,manual,156,c_klasse,150000,petrol,mercedes_benz,no,10.17
47771,3300,station wagon,manual,116,sharan,150000,diesel,volkswagen,no,15.08
47772,1550,limousine,manual,118,3er,150000,petrol,bmw,no,19.0
47773,9290,small car,manual,90,polo,70000,petrol,volkswagen,no,6.33
47774,7890,small car,manual,87,corsa,30000,petrol,opel,no,5.33
47775,8750,station wagon,automatic,224,e_klasse,150000,diesel,mercedes_benz,no,11.33
47777,3450,small car,manual,60,c2,125000,petrol,citroen,no,10.5
47779,690,small car,manual,60,ka,125000,petrol,ford,no,17.08
47780,2250,limousine,manual,99,3er,150000,petrol,bmw,no,27.17
47781,250,others,manual,140,3er,150000,petrol,bmw,yes,22.0
47782,4950,station wagon,manual,109,4_reihe,125000,diesel,peugeot,no,11.0
47783,4595,station wagon,manual,177,avensis,150000,diesel,toyota,no,12.58
47784,8999,bus,manual,179,transporter,150000,diesel,volkswagen,no,17.67
47785,3200,limousine,manual,193,3er,150000,petrol,bmw,no,19.75
47786,11950,station wagon,manual,131,transporter,150000,diesel,volkswagen,no,14.58
47787,11900,suv,manual,116,sportage,90000,diesel,kia,no,7.92
47789,9500,station wagon,manual,102,a3,80000,petrol,audi,no,10.75
47791,2650,bus,manual,118,c4,150000,petrol,citroen,no,12.08
47792,400,cabrio,manual,116,astra,150000,petrol,opel,no,22.67
47793,800,small car,manual,60,ka,150000,petrol,ford,no,19.17
47796,1350,coupe,manual,131,others,100000,petrol,ford,no,19.75
47799,1250,cabrio,manual,116,3er,150000,petrol,bmw,yes,20.83
47800,2000,station wagon,manual,94,impreza,80000,petrol,subaru,no,19.33
47802,3100,small car,manual,68,c1,125000,petrol,citroen,no,11.25
47803,4500,limousine,manual,125,3er,125000,petrol,bmw,no,33.42
47805,1499,small car,automatic,90,clio,150000,petrol,renault,no,19.5
47806,1450,suv,automatic,193,others,150000,petrol,chevrolet,no,23.92
47807,600,small car,manual,101,a3,150000,petrol,audi,no,21.33
47808,3000,limousine,manual,122,vectra,150000,petrol,opel,no,15.33
47811,4850,limousine,manual,150,golf,150000,petrol,volkswagen,no,19.25
47812,3500,station wagon,manual,193,passat,150000,petrol,volkswagen,no,20.58
47813,17500,suv,automatic,235,x_reihe,150000,diesel,bmw,no,11.92
47814,2000,cabrio,manual,109,2_reihe,150000,petrol,peugeot,no,15.0
47816,950,station wagon,manual,116,3er,150000,petrol,bmw,no,20.83
47817,200,station wagon,manual,75,astra,150000,petrol,opel,yes,23.92
47818,1980,bus,manual,88,transporter,150000,diesel,volkswagen,no,19.67
47819,2400,limousine,manual,75,golf,150000,petrol,volkswagen,no,18.83
47822,7900,station wagon,automatic,150,c_klasse,150000,diesel,mercedes_benz,no,14.5
47824,6500,suv,manual,140,cr_reihe,150000,diesel,honda,no,13.17
47825,2500,bus,manual,75,a2,150000,diesel,audi,yes,17.0
47826,4895,cabrio,manual,116,z_reihe,150000,petrol,bmw,no,22.5
47827,11200,bus,manual,140,sharan,150000,diesel,volkswagen,no,10.75
47831,3499,station wagon,manual,220,others,150000,lpg,mercedes_benz,no,28.83
47832,850,bus,manual,101,transit,150000,diesel,ford,no,16.25
47833,600,limousine,manual,75,colt,150000,petrol,mitsubishi,no,20.75
47834,1500,station wagon,manual,130,passat,150000,diesel,volkswagen,yes,19.0
47835,8500,cabrio,manual,76,others,100000,petrol,fiat,no,33.92
47836,24000,small car,manual,170,cooper,20000,diesel,mini,no,4.83
47838,25000,limousine,manual,150,a3,40000,diesel,audi,no,5.75
47841,450,small car,manual,50,lupo,150000,petrol,volkswagen,yes,20.25
47842,900,limousine,manual,90,80,150000,petrol,audi,no,26.17
47843,4350,station wagon,manual,97,corolla,150000,petrol,toyota,no,11.17
47844,3500,bus,manual,116,alhambra,150000,diesel,seat,no,18.0
47846,1950,bus,manual,101,zafira,150000,petrol,opel,no,18.42
47847,1290,small car,manual,60,polo,150000,petrol,volkswagen,no,19.83
47849,29900,cabrio,manual,156,z_reihe,20000,petrol,bmw,no,4.33
47850,8700,bus,manual,140,touran,125000,petrol,volkswagen,no,11.33
47851,12000,limousine,manual,122,golf,60000,petrol,volkswagen,no,8.33
47853,830,limousine,manual,100,focus,150000,petrol,ford,no,19.58
47855,14300,suv,manual,135,i_reihe,30000,petrol,hyundai,no,5.67
47858,8008,station wagon,manual,140,a3,150000,diesel,audi,no,10.75
47859,3100,station wagon,manual,150,astra,150000,diesel,opel,no,11.92
47860,700,limousine,manual,101,golf,150000,petrol,volkswagen,yes,19.92
47862,7750,small car,manual,75,mii,60000,petrol,seat,no,6.92
47865,6500,cabrio,automatic,45,fortwo,150000,diesel,smart,no,10.42
47866,2500,cabrio,manual,136,slk,150000,petrol,mercedes_benz,no,18.33
47867,200,limousine,manual,90,laguna,150000,petrol,renault,no,22.33
47868,1499,coupe,manual,102,3er,150000,petrol,bmw,no,20.5
47870,4790,small car,manual,99,panda,80000,petrol,fiat,no,11.5
47871,699,station wagon,automatic,140,v40,150000,petrol,volvo,no,22.83
47873,10900,small car,manual,87,others,60000,petrol,opel,no,5.33
47874,1250,small car,manual,85,golf,150000,petrol,volkswagen,no,28.83
47875,4199,station wagon,manual,126,avensis,150000,diesel,toyota,no,11.92
47877,4250,station wagon,manual,110,octavia,150000,diesel,skoda,no,14.5
47878,16690,limousine,automatic,239,a6,150000,diesel,audi,no,10.92
47879,600,small car,manual,75,lanos,125000,petrol,daewoo,yes,21.92
47882,5300,bus,automatic,185,carnival,150000,diesel,kia,no,11.25
47883,1390,bus,manual,116,zafira,150000,petrol,opel,no,18.83
47887,6600,bus,automatic,150,zafira,150000,diesel,opel,no,12.42
47888,4999,limousine,manual,192,3er,150000,petrol,bmw,no,16.17
47892,4750,limousine,manual,75,golf,150000,petrol,volkswagen,no,13.5
47893,11500,cabrio,automatic,218,slk,70000,petrol,mercedes_benz,no,15.67
47894,1800,limousine,manual,75,ibiza,150000,petrol,seat,no,14.25
47899,1500,limousine,manual,102,3er,150000,petrol,bmw,no,27.0
47900,699,limousine,manual,75,escort,150000,petrol,ford,no,21.5
47901,6300,small car,manual,69,picanto,70000,petrol,kia,no,5.25
47902,10250,station wagon,manual,143,3er,150000,diesel,bmw,no,8.58
47904,8999,limousine,manual,129,3er,125000,petrol,bmw,no,13.92
47905,3999,station wagon,manual,143,c_klasse,150000,petrol,mercedes_benz,no,14.25
47906,10199,limousine,automatic,86,golf,60000,petrol,volkswagen,no,7.33
47907,200,limousine,manual,100,vectra,150000,petrol,opel,yes,19.58
47908,3225,coupe,manual,170,3er,150000,petrol,bmw,no,27.17
47909,4990,coupe,manual,170,3er,150000,petrol,bmw,no,15.25
47910,5600,coupe,manual,170,3er,150000,petrol,bmw,no,18.08
47911,2350,small car,manual,54,fox,150000,petrol,volkswagen,no,13.75
47913,8499,small car,manual,90,clio,40000,petrol,renault,no,7.0
47914,1399,limousine,manual,125,passat,150000,petrol,volkswagen,no,21.58
47916,12390,limousine,manual,86,golf,40000,petrol,volkswagen,no,6.42
47917,700,limousine,manual,75,3_reihe,80000,petrol,mazda,no,20.25
47919,2499,limousine,manual,105,3er,150000,petrol,bmw,no,18.5
47921,4750,limousine,manual,116,focus,150000,lpg,ford,no,10.75
47922,11290,bus,manual,150,5_reihe,70000,petrol,mazda,no,8.83
47923,16750,limousine,automatic,150,golf,100000,diesel,volkswagen,no,5.25
47924,3590,limousine,manual,101,a4,150000,petrol,audi,no,17.33
47925,2100,limousine,manual,150,bora,150000,petrol,volkswagen,no,20.92
47926,2999,limousine,manual,75,golf,150000,petrol,volkswagen,no,21.25
47928,1900,station wagon,automatic,155,a6,150000,diesel,audi,no,17.92
47929,1000,limousine,manual,104,stilo,125000,petrol,fiat,no,16.42
47930,1700,limousine,manual,110,corolla,150000,petrol,toyota,no,18.67
47932,2400,limousine,manual,150,golf,150000,petrol,volkswagen,no,19.25
47933,12990,coupe,automatic,333,6er,150000,lpg,bmw,no,14.42
47934,30000,limousine,automatic,258,s_klasse,150000,diesel,mercedes_benz,no,6.83
47935,11250,suv,manual,105,yeti,125000,petrol,skoda,no,7.33
47936,7300,cabrio,manual,136,slk,70000,petrol,mercedes_benz,no,19.75
47937,2399,limousine,manual,286,5er,150000,petrol,bmw,no,21.5
47938,1850,bus,manual,102,others,150000,petrol,mercedes_benz,yes,15.25
47939,2100,station wagon,manual,165,a4,150000,petrol,audi,no,18.08
47940,5900,bus,automatic,140,touran,150000,diesel,volkswagen,no,14.33
47941,4200,bus,manual,122,others,80000,diesel,mercedes_benz,no,15.5
47944,850,small car,manual,54,corsa,150000,petrol,opel,no,19.67
47946,7990,station wagon,automatic,170,c_klasse,150000,diesel,mercedes_benz,no,12.0
47948,1490,small car,manual,65,corsa,150000,petrol,opel,no,20.0
47949,3450,bus,manual,116,galaxy,100000,diesel,ford,yes,13.25
47950,1850,limousine,automatic,203,others,150000,petrol,kia,yes,14.0
47951,1600,small car,manual,50,lupo,150000,petrol,volkswagen,no,18.75
47954,16900,station wagon,automatic,232,a6,150000,diesel,audi,no,11.83
47956,8500,limousine,automatic,231,3er,150000,petrol,bmw,no,15.67
47958,900,small car,automatic,54,fortwo,150000,petrol,smart,yes,17.75
47962,10990,small car,manual,69,polo,40000,petrol,volkswagen,no,5.92
47966,13400,bus,automatic,105,altea,70000,diesel,seat,no,6.25
47967,800,station wagon,manual,116,others,150000,petrol,volvo,no,28.25
47968,14000,limousine,automatic,170,c_klasse,100000,diesel,mercedes_benz,no,11.92
47969,24000,coupe,automatic,354,a5,150000,petrol,audi,no,9.33
47971,700,others,manual,102,3er,150000,petrol,bmw,no,21.67
47974,2550,small car,manual,86,polo,150000,petrol,volkswagen,no,15.33
47977,5350,small car,manual,69,fiesta,50000,petrol,ford,no,10.42
47978,7200,station wagon,manual,109,3_reihe,100000,diesel,peugeot,no,9.92
47979,17450,suv,manual,150,cr_reihe,90000,diesel,honda,no,6.67
47980,8900,station wagon,manual,105,caddy,125000,diesel,volkswagen,no,13.83
47981,6500,bus,manual,131,sharan,150000,diesel,volkswagen,no,13.75
47983,33999,cabrio,manual,420,m_reihe,80000,petrol,bmw,no,8.25
47984,3499,limousine,manual,200,a3,125000,petrol,audi,no,20.67
47985,4490,limousine,manual,105,a3,150000,diesel,audi,no,14.83
47986,23450,cabrio,manual,300,911,125000,petrol,porsche,no,19.67
47987,7990,station wagon,automatic,224,e_klasse,150000,diesel,mercedes_benz,no,11.42
47988,11800,suv,manual,177,rav,125000,diesel,toyota,no,11.83
47989,17500,bus,manual,163,transporter,150000,diesel,volkswagen,no,8.0
47990,15800,suv,automatic,286,x_reihe,150000,diesel,bmw,no,11.33
47992,3840,limousine,manual,116,c_klasse,150000,diesel,mercedes_benz,no,18.0
47994,855,small car,manual,54,lupo,150000,petrol,volkswagen,no,17.08
47995,6800,cabrio,manual,129,3er,150000,petrol,bmw,no,28.33
47996,12899,limousine,manual,200,159,70000,petrol,alfa_romeo,no,8.42
47997,650,small car,manual,60,golf,150000,petrol,volkswagen,no,25.75
48000,6800,bus,manual,150,zafira,125000,diesel,opel,no,13.42
48001,32900,bus,manual,179,transporter,100000,diesel,volkswagen,no,7.5
48002,7490,suv,manual,150,rav,150000,petrol,toyota,no,14.75
48003,4000,station wagon,manual,111,megane,100000,petrol,renault,no,10.83
48004,10900,limousine,automatic,232,q7,150000,diesel,audi,yes,10.17
48006,1599,small car,manual,58,corsa,150000,petrol,opel,no,16.67
48010,2390,small car,manual,60,corsa,125000,petrol,opel,no,15.0
48012,9200,suv,manual,129,grand,150000,diesel,suzuki,no,10.33
48013,8000,coupe,manual,200,astra,150000,petrol,opel,no,13.0
48014,750,limousine,manual,54,golf,100000,petrol,volkswagen,no,34.75
48015,450,station wagon,manual,136,omega,150000,petrol,opel,yes,21.92
48016,13900,suv,automatic,163,others,50000,diesel,chevrolet,no,6.33
48017,8800,station wagon,automatic,140,a3,150000,diesel,audi,no,7.75
48018,12300,suv,manual,135,i_reihe,50000,petrol,hyundai,no,6.17
48019,10800,coupe,automatic,218,3er,150000,petrol,bmw,no,12.5
48021,7600,station wagon,manual,179,a4,150000,diesel,audi,no,12.5
48022,2499,small car,automatic,101,golf,100000,petrol,volkswagen,no,20.58
48024,5499,small car,manual,60,fiesta,70000,petrol,ford,no,9.5
48026,1999,limousine,manual,125,a3,150000,petrol,audi,no,20.5
48027,450,small car,manual,100,focus,150000,petrol,ford,yes,15.17
48028,330,small car,manual,54,micra,150000,petrol,nissan,no,23.58
48031,29990,bus,automatic,140,sharan,40000,diesel,volkswagen,no,4.33
48032,2100,station wagon,manual,109,focus,150000,diesel,ford,yes,12.25
48034,27750,suv,automatic,235,x_reihe,125000,diesel,bmw,no,9.75
48035,32900,suv,automatic,190,x_reihe,10000,diesel,bmw,no,2.25
48036,2000,station wagon,manual,150,100,150000,petrol,audi,no,25.67
48037,1450,limousine,manual,116,others,150000,diesel,volvo,no,17.5
48038,1000,station wagon,manual,101,passat,150000,petrol,volkswagen,no,22.25
48039,1800,limousine,manual,82,a_klasse,150000,petrol,mercedes_benz,no,17.42
48040,8000,limousine,automatic,231,3er,150000,petrol,bmw,no,17.75
48043,600,small car,manual,64,polo,150000,diesel,volkswagen,yes,22.5
48045,1750,bus,manual,121,others,150000,petrol,fiat,yes,21.92
48046,350,station wagon,manual,125,astra,150000,petrol,opel,yes,24.5
48047,550,limousine,manual,54,golf,125000,petrol,volkswagen,yes,29.25
48048,1950,limousine,manual,95,a_klasse,150000,petrol,mercedes_benz,no,13.42
48049,5000,limousine,manual,150,5er,50000,petrol,bmw,no,20.5
48050,3990,small car,manual,75,polo,150000,petrol,volkswagen,no,13.92
48053,6999,coupe,automatic,110,megane,150000,diesel,renault,no,7.08
48054,6999,cabrio,manual,179,tt,150000,petrol,audi,no,18.08
48055,4900,limousine,manual,170,golf,150000,diesel,volkswagen,no,12.42
48056,1999,limousine,manual,90,octavia,150000,diesel,skoda,no,18.08
48057,350,limousine,automatic,110,others,150000,petrol,honda,yes,27.5
48058,4299,station wagon,manual,19,5er,5000,petrol,bmw,no,22.5
48059,8990,station wagon,manual,150,a3,125000,petrol,audi,no,12.17
48060,9500,station wagon,automatic,250,passat,150000,petrol,volkswagen,no,12.25
48061,19500,station wagon,automatic,235,5er,150000,diesel,bmw,no,10.42
48062,160,small car,manual,56,cuore,90000,petrol,daihatsu,no,19.33
48063,399,small car,manual,90,civic,150000,petrol,honda,yes,15.08
48064,7000,coupe,automatic,218,crossfire,125000,petrol,chrysler,no,14.08
48065,1000,small car,manual,54,corsa,150000,petrol,opel,no,18.5
48066,2400,small car,manual,69,corsa,150000,diesel,opel,no,14.83
48068,7777,small car,manual,120,cooper,90000,petrol,mini,no,11.83
48069,9800,limousine,automatic,150,e_klasse,150000,diesel,mercedes_benz,no,14.25
48071,2600,small car,manual,75,lupo,100000,petrol,volkswagen,no,16.92
48072,6999,small car,manual,148,polo,50000,petrol,volkswagen,no,27.33
48073,6900,suv,manual,174,touareg,150000,diesel,volkswagen,no,13.5
48074,1700,limousine,manual,116,5er,150000,petrol,bmw,no,23.42
48075,5900,coupe,automatic,193,3er,125000,petrol,bmw,no,23.33
48076,550,limousine,manual,90,80,150000,petrol,audi,yes,25.25
48078,4000,station wagon,automatic,197,e_klasse,150000,diesel,mercedes_benz,no,18.83
48080,2150,limousine,manual,75,others,150000,diesel,mercedes_benz,no,28.92
48081,3899,small car,manual,73,2_reihe,60000,petrol,peugeot,no,11.58
48082,5550,suv,manual,150,cr_reihe,90000,petrol,honda,no,14.25
48083,900,small car,manual,43,twingo,150000,petrol,renault,no,20.58
48084,12500,limousine,automatic,143,1er,50000,petrol,bmw,no,9.08
48085,1950,station wagon,manual,101,passat,150000,petrol,volkswagen,no,20.5
48086,3850,limousine,manual,64,polo,150000,petrol,volkswagen,no,13.67
48087,800,small car,manual,55,corsa,150000,petrol,opel,no,19.0
48088,1999,bus,manual,90,caddy,150000,diesel,volkswagen,no,19.67
48089,11500,suv,manual,110,yeti,125000,diesel,skoda,no,8.92
48090,1250,small car,manual,60,1_reihe,150000,petrol,peugeot,no,16.75
48091,17500,limousine,manual,122,a_klasse,40000,petrol,mercedes_benz,no,5.92
48095,1600,limousine,automatic,193,3er,125000,petrol,bmw,yes,22.0
48096,10000,bus,manual,136,transporter,125000,diesel,volkswagen,no,10.33
48098,1450,limousine,manual,101,astra,150000,diesel,opel,no,17.5
48100,1650,small car,manual,75,corsa,150000,petrol,opel,no,17.75
48102,5850,small car,manual,192,corsa,150000,petrol,opel,no,11.92
48103,39900,station wagon,automatic,258,5er,125000,diesel,bmw,no,4.25
48104,900,limousine,manual,150,147,150000,petrol,alfa_romeo,yes,17.08
48106,11900,coupe,manual,110,others,70000,petrol,opel,no,29.58
48110,250,small car,manual,40,twingo,150000,petrol,renault,no,23.42
48111,4890,small car,manual,23,others,50000,petrol,fiat,no,44.33
48114,6500,suv,manual,150,x_reihe,150000,petrol,bmw,no,12.42
48117,14700,limousine,manual,143,1er,90000,diesel,bmw,no,7.92
48119,32490,limousine,automatic,286,x_reihe,70000,diesel,bmw,no,10.92
48121,750,station wagon,automatic,193,5er,150000,petrol,bmw,no,20.5
48123,880,limousine,manual,75,golf,150000,petrol,volkswagen,no,22.58
48127,3450,small car,manual,68,1_reihe,80000,petrol,peugeot,no,10.25
48129,999,small car,automatic,80,fusion,150000,petrol,ford,yes,15.17
48130,1650,station wagon,manual,75,golf,150000,petrol,volkswagen,no,18.42
48131,7500,station wagon,automatic,163,5er,150000,diesel,bmw,no,13.42
48132,3333,small car,manual,75,others,50000,petrol,mazda,no,14.92
48134,4900,coupe,automatic,71,fortwo,60000,petrol,smart,no,11.83
48136,4699,station wagon,manual,140,3_reihe,150000,diesel,peugeot,no,12.67
48141,12400,suv,manual,177,x_reihe,150000,diesel,bmw,no,9.67
48145,1500,station wagon,automatic,140,850,150000,petrol,volvo,no,22.08
48146,500,small car,manual,50,polo,150000,petrol,volkswagen,yes,19.5
48150,2345,bus,manual,101,zafira,150000,petrol,opel,no,16.67
48151,17900,limousine,manual,177,a6,150000,diesel,audi,no,6.33
48152,800,station wagon,manual,110,4_reihe,150000,petrol,peugeot,no,19.25
48154,7500,bus,automatic,140,touran,150000,diesel,volkswagen,no,11.08
48156,2000,cabrio,manual,110,mx_reihe,150000,petrol,mazda,no,21.0
48157,1150,limousine,manual,136,90,150000,petrol,audi,yes,31.33
48158,9390,small car,manual,98,one,80000,petrol,mini,no,8.5
48159,600,small car,manual,60,fiesta,150000,petrol,ford,no,21.67
48161,750,small car,manual,60,fiesta,150000,diesel,ford,yes,20.75
48162,1150,small car,manual,60,micra,150000,petrol,nissan,no,18.0
48163,6999,station wagon,manual,171,3er,150000,petrol,bmw,no,27.42
48165,950,limousine,automatic,193,5er,150000,petrol,bmw,no,22.33
48167,500,small car,manual,60,micra,150000,petrol,nissan,yes,17.92
48170,13900,suv,manual,150,tiguan,60000,petrol,volkswagen,no,10.0
48172,1490,station wagon,automatic,170,5er,150000,petrol,bmw,no,20.58
48173,2990,small car,manual,58,clio,50000,petrol,renault,no,10.25
48174,150,station wagon,manual,90,others,150000,diesel,citroen,yes,17.42
48175,7000,bus,automatic,140,golf,100000,petrol,volkswagen,no,11.5
48176,999,station wagon,manual,122,c_klasse,150000,petrol,mercedes_benz,no,21.08
48177,3300,station wagon,manual,120,astra,150000,diesel,opel,no,12.17
48178,8800,limousine,manual,120,2_reihe,60000,petrol,peugeot,no,5.08
48179,17500,limousine,automatic,235,5er,150000,diesel,bmw,no,10.83
48183,24000,station wagon,automatic,170,c_klasse,90000,diesel,mercedes_benz,no,6.08
48185,10350,station wagon,manual,136,c_klasse,150000,diesel,mercedes_benz,no,9.25
48187,2400,cabrio,manual,110,mx_reihe,150000,petrol,mazda,no,19.33
48188,3400,small car,manual,150,fiesta,150000,petrol,ford,no,13.5
48190,1090,limousine,automatic,90,80,150000,petrol,audi,no,25.75
48192,4850,bus,automatic,98,vito,150000,diesel,mercedes_benz,no,20.25
48193,5800,limousine,manual,109,others,40000,petrol,renault,no,42.0
48194,3200,small car,manual,75,corsa,70000,petrol,opel,no,17.58
48199,10400,station wagon,automatic,197,5er,150000,diesel,bmw,no,12.0
48201,7000,cabrio,automatic,197,slk,150000,petrol,mercedes_benz,no,17.42
48202,10450,station wagon,automatic,140,a3,150000,diesel,audi,no,9.08
48203,4880,cabrio,automatic,71,fortwo,70000,petrol,smart,no,11.42
48204,29900,suv,automatic,177,q3,40000,diesel,audi,no,4.58
48205,7500,bus,manual,69,vivaro,70000,diesel,opel,no,14.92
48206,500,coupe,manual,102,3er,125000,petrol,bmw,no,24.75
48207,2600,station wagon,manual,131,passat,150000,diesel,volkswagen,no,16.5
48208,2400,station wagon,manual,125,astra,150000,diesel,opel,yes,10.75
48211,4800,small car,automatic,75,polo,125000,petrol,volkswagen,no,13.25
48213,3650,bus,manual,131,others,150000,diesel,volkswagen,yes,18.25
48214,19900,small car,manual,143,a1,50000,diesel,audi,no,5.92
48215,7540,small car,automatic,200,scirocco,150000,petrol,volkswagen,no,9.58
48216,12000,limousine,manual,205,others,70000,petrol,lancia,no,29.17
48217,27850,coupe,automatic,245,others,70000,diesel,audi,no,8.83
48218,1400,limousine,manual,101,vectra,125000,petrol,opel,no,18.0
48219,16900,station wagon,manual,150,others,90000,diesel,subaru,no,7.33
48221,5999,station wagon,manual,140,passat,150000,diesel,volkswagen,no,11.33
48224,500,small car,manual,54,corsa,125000,petrol,opel,yes,19.92
48227,6000,limousine,automatic,150,3er,150000,diesel,bmw,no,16.25
48228,47600,limousine,automatic,190,x_reihe,10000,diesel,bmw,no,3.5
48229,600,station wagon,manual,126,v70,150000,petrol,volvo,yes,20.67
48230,500,limousine,manual,101,vectra,150000,petrol,opel,yes,19.92
48231,6450,limousine,manual,90,golf,125000,petrol,volkswagen,no,13.0
48233,1999,station wagon,automatic,109,1_reihe,70000,petrol,peugeot,yes,12.58
48234,4050,limousine,manual,194,golf,150000,petrol,volkswagen,no,20.42
48235,9250,station wagon,manual,177,5er,150000,diesel,bmw,no,14.92
48236,9450,limousine,automatic,145,c_klasse,40000,petrol,mercedes_benz,no,12.92
48237,1599,suv,automatic,140,grand,150000,diesel,jeep,yes,18.42
48239,7000,limousine,manual,90,astra,20000,petrol,opel,no,9.67
48240,16200,coupe,automatic,272,3er,125000,petrol,bmw,no,11.25
48242,3400,suv,manual,140,x_trail,125000,petrol,nissan,no,18.0
48243,500,station wagon,manual,131,mondeo,150000,diesel,ford,yes,16.42
48245,10199,limousine,manual,143,a4,150000,diesel,audi,no,10.33
48247,300,small car,manual,60,polo,150000,petrol,volkswagen,yes,23.83
48250,3190,small car,manual,60,fiesta,150000,petrol,ford,no,12.33
48252,1200,station wagon,manual,90,passat,150000,petrol,volkswagen,no,24.92
48254,1990,small car,manual,58,corsa,90000,petrol,opel,no,15.17
48256,4590,coupe,manual,192,rx_reihe,125000,petrol,mazda,no,14.08
48258,9999,cabrio,manual,194,beetle,125000,petrol,volkswagen,no,12.25
48259,6990,coupe,automatic,143,3er,150000,petrol,bmw,no,39.5
48260,950,limousine,manual,136,100,100000,petrol,audi,no,27.5
48263,4999,small car,automatic,116,golf,80000,petrol,volkswagen,no,14.75
48265,4750,suv,manual,200,forester,150000,petrol,subaru,no,19.67
48266,25999,bus,manual,174,transporter,125000,diesel,volkswagen,no,10.83
48267,1350,small car,manual,125,a_klasse,150000,lpg,mercedes_benz,no,18.0
48269,20900,cabrio,manual,160,tt,60000,petrol,audi,no,8.75
48272,400,station wagon,manual,101,astra,150000,petrol,opel,yes,20.83
48274,250,small car,manual,60,polo,150000,petrol,volkswagen,yes,19.08
48275,1000,small car,manual,50,polo,150000,petrol,volkswagen,no,17.25
48276,4100,suv,automatic,190,grand,150000,petrol,jeep,no,18.42
48277,500,station wagon,manual,115,legacy,150000,petrol,subaru,yes,22.08
48281,3000,station wagon,automatic,224,e_klasse,150000,petrol,mercedes_benz,yes,19.83
48282,3500,limousine,manual,102,a3,150000,petrol,audi,no,15.17
48283,2600,station wagon,manual,121,ptcruiser,150000,diesel,chrysler,no,13.17
48284,2200,limousine,manual,75,80,150000,petrol,audi,no,36.17
48286,500,small car,manual,60,polo,150000,petrol,volkswagen,no,21.67
48287,1250,limousine,automatic,111,others,150000,diesel,rover,no,24.75
48288,10500,small car,manual,34,kaefer,5000,petrol,volkswagen,no,57.33
48289,300,station wagon,manual,90,mondeo,150000,petrol,ford,yes,19.42
48290,4990,limousine,manual,122,c_klasse,150000,diesel,mercedes_benz,no,15.67
48291,5398,limousine,automatic,136,e_klasse,150000,diesel,mercedes_benz,no,10.08
48294,190,limousine,manual,88,others,150000,petrol,kia,no,20.5
48296,2420,small car,manual,54,polo,150000,petrol,volkswagen,no,15.25
48297,15950,bus,manual,131,others,40000,diesel,renault,no,6.33
48298,1350,bus,manual,105,scenic,150000,petrol,renault,no,16.42
48300,500,limousine,manual,150,3er,150000,petrol,bmw,yes,26.17
48303,3580,limousine,automatic,200,golf,150000,petrol,volkswagen,no,13.5
48305,4150,small car,manual,102,beetle,125000,petrol,volkswagen,no,16.42
48306,1350,limousine,manual,101,focus,150000,petrol,ford,no,19.42
48307,2899,station wagon,manual,101,fabia,150000,petrol,skoda,no,13.42
48308,28400,bus,manual,179,transporter,125000,diesel,volkswagen,no,8.42
48309,1000,small car,manual,50,lupo,150000,petrol,volkswagen,no,18.42
48311,21399,limousine,automatic,211,golf,70000,petrol,volkswagen,no,6.83
48312,5950,limousine,automatic,89,others,50000,petrol,opel,no,40.5
48313,700,limousine,manual,75,astra,150000,petrol,opel,no,22.75
48314,3200,cabrio,manual,147,astra,150000,petrol,opel,no,17.17
48317,3750,small car,manual,75,corsa,150000,diesel,opel,no,11.25
48318,1299,limousine,manual,122,c_klasse,150000,petrol,mercedes_benz,no,23.0
48319,2500,small car,automatic,136,clk,150000,petrol,mercedes_benz,no,20.58
48320,22799,station wagon,manual,150,octavia,20000,diesel,skoda,no,3.5
48322,3650,limousine,manual,101,golf,150000,diesel,volkswagen,no,14.42
48323,15500,station wagon,manual,163,v60,125000,diesel,volvo,no,8.92
48324,1199,small car,manual,55,lupo,90000,petrol,volkswagen,no,19.17
48326,1150,small car,manual,75,clio,150000,petrol,renault,no,18.0
48330,8500,small car,manual,75,up,30000,petrol,volkswagen,no,6.33
48331,650,limousine,manual,75,clio,125000,petrol,renault,yes,11.83
48332,1950,others,manual,94,combo,150000,cng,opel,no,10.58
48333,36200,coupe,automatic,245,others,70000,diesel,audi,no,7.83
48334,750,limousine,manual,101,golf,150000,petrol,volkswagen,no,19.75
48335,1700,station wagon,manual,122,c_klasse,150000,petrol,mercedes_benz,no,21.17
48337,5350,limousine,manual,102,golf,150000,petrol,volkswagen,no,12.0
48338,1000,coupe,automatic,75,astra,150000,petrol,opel,no,20.67
48341,6500,bus,manual,125,focus,100000,petrol,ford,no,11.25
48342,6250,small car,manual,90,jazz,70000,petrol,honda,no,8.17
48343,20750,suv,automatic,163,kuga,90000,diesel,ford,no,6.58
48345,700,limousine,automatic,218,omega,150000,petrol,opel,yes,17.58
48347,8990,limousine,manual,150,3_reihe,150000,diesel,mazda,no,9.92
48348,20499,suv,automatic,140,yeti,70000,diesel,skoda,no,6.33
48349,1210,bus,manual,116,alhambra,150000,petrol,seat,no,22.42
48351,650,limousine,manual,75,escort,125000,petrol,ford,no,22.42
48352,100,small car,manual,71,corsa,150000,petrol,opel,yes,19.0
48353,750,bus,manual,141,others,150000,petrol,opel,no,21.83
48354,2450,bus,manual,82,sprinter,150000,diesel,mercedes_benz,no,18.0
48355,1700,station wagon,manual,75,golf,150000,petrol,volkswagen,no,27.58
48356,2000,limousine,manual,87,logan,125000,petrol,dacia,no,12.67
48357,15000,coupe,manual,241,golf,150000,petrol,volkswagen,no,15.5
48358,2600,small car,manual,63,others,90000,petrol,hyundai,no,11.58
48359,6700,coupe,automatic,71,fortwo,40000,petrol,smart,no,7.25
48360,2800,small car,manual,68,2_reihe,150000,diesel,peugeot,no,16.58
48361,3200,station wagon,automatic,136,4_reihe,150000,diesel,peugeot,no,13.25
48363,19500,station wagon,manual,160,a4,70000,petrol,audi,no,7.5
48365,3000,small car,manual,95,2_reihe,150000,petrol,peugeot,no,11.0
48366,4250,small car,manual,75,clio,80000,petrol,renault,no,11.0
48368,3790,limousine,manual,131,a4,150000,petrol,audi,no,17.83
48369,4500,limousine,manual,75,golf,150000,petrol,volkswagen,no,13.83
48370,1900,limousine,automatic,143,e_klasse,150000,diesel,mercedes_benz,no,18.33
48371,850,small car,manual,58,corsa,150000,petrol,opel,yes,17.83
48372,1450,bus,manual,121,others,150000,petrol,fiat,no,21.17
48374,13700,limousine,manual,241,golf,150000,petrol,volkswagen,no,15.58
48375,35499,station wagon,automatic,245,a6,80000,diesel,audi,no,6.08
48376,16700,cabrio,manual,143,1er,125000,diesel,bmw,no,9.33
48377,1820,small car,manual,58,corsa,150000,petrol,opel,yes,18.92
48379,4990,station wagon,manual,170,passat,150000,diesel,volkswagen,yes,11.17
48380,2690,limousine,manual,116,3er,150000,petrol,bmw,no,15.75
48382,4490,small car,manual,90,corsa,150000,petrol,opel,no,8.5
48386,999,station wagon,automatic,132,e_klasse,150000,petrol,mercedes_benz,no,29.92
48387,500,bus,manual,150,grand,150000,petrol,chrysler,yes,18.92
48390,8500,small car,manual,241,golf,150000,petrol,volkswagen,no,15.5
48391,6700,limousine,manual,109,c_reihe,150000,diesel,volvo,no,10.25
48392,5000,station wagon,automatic,163,a4,125000,diesel,audi,no,15.83
48393,400,small car,manual,60,others,100000,petrol,citroen,yes,15.0
48395,14500,limousine,manual,117,qashqai,70000,petrol,nissan,no,6.58
48396,899,small car,manual,55,seicento,70000,petrol,fiat,no,19.42
48397,4300,small car,manual,69,ka,50000,petrol,ford,no,8.75
48399,5000,limousine,manual,143,1er,90000,petrol,bmw,yes,11.58
48400,4000,limousine,manual,150,5er,150000,petrol,bmw,no,18.83
48401,1700,bus,manual,60,fiesta,125000,petrol,ford,no,20.0
48403,2750,station wagon,manual,149,mondeo,150000,diesel,ford,no,17.67
48404,1599,limousine,manual,75,golf,150000,petrol,volkswagen,no,20.42
48405,1300,bus,manual,145,galaxy,150000,petrol,ford,no,20.67
48406,4200,small car,manual,64,polo,80000,petrol,volkswagen,no,11.5
48408,2600,station wagon,manual,116,stilo,150000,diesel,fiat,no,15.0
48409,700,station wagon,automatic,145,mondeo,150000,petrol,ford,no,17.33
48412,15500,coupe,manual,140,cc,90000,diesel,volkswagen,no,6.5
48413,10499,limousine,manual,110,passat,80000,diesel,volkswagen,no,9.58
48414,1700,station wagon,manual,150,a4,150000,diesel,audi,no,19.58
48415,1000,small car,manual,54,micra,125000,petrol,nissan,no,20.75
48417,600,limousine,manual,90,80,150000,petrol,audi,no,25.17
48418,15000,limousine,automatic,371,a8,40000,petrol,audi,yes,8.08
48419,2200,suv,manual,128,sportage,100000,petrol,kia,no,18.67
48421,2500,others,manual,110,3er,150000,petrol,bmw,no,17.83
48423,12890,limousine,automatic,272,s_klasse,125000,petrol,mercedes_benz,no,13.17
48424,2199,limousine,manual,136,3er,150000,diesel,bmw,no,19.0
48425,1200,small car,manual,80,punto,125000,petrol,fiat,yes,17.0
48426,1300,station wagon,manual,68,fiesta,150000,diesel,ford,no,12.42
48427,999,small car,manual,75,polo,150000,petrol,volkswagen,no,22.75
48428,900,station wagon,manual,125,passat,150000,petrol,volkswagen,no,22.0
48429,3400,limousine,manual,105,3er,150000,petrol,bmw,no,14.58
48430,8000,small car,manual,125,clubman,80000,petrol,mini,no,9.0
48432,4850,limousine,automatic,224,s_klasse,150000,petrol,mercedes_benz,yes,18.42
48434,3450,cabrio,manual,136,clk,150000,petrol,mercedes_benz,no,19.42
48435,2499,coupe,automatic,136,clk,150000,petrol,mercedes_benz,no,20.92
48436,5199,bus,manual,54,others,90000,petrol,subaru,no,20.92
48437,2750,bus,manual,125,zafira,125000,petrol,opel,no,16.83
48438,2150,station wagon,manual,116,3er,150000,petrol,bmw,no,20.25
48440,4700,small car,manual,60,polo,100000,petrol,volkswagen,no,9.5
48445,400,limousine,manual,144,others,150000,petrol,mazda,yes,25.17
48448,24500,coupe,automatic,387,cl,150000,petrol,mercedes_benz,no,11.08
48449,2400,cabrio,manual,110,mx_reihe,150000,petrol,mazda,no,18.25
48450,5999,station wagon,manual,147,avensis,125000,petrol,toyota,no,13.92
48451,1500,bus,manual,110,sharan,150000,diesel,volkswagen,no,21.5
48453,1500,limousine,manual,75,golf,150000,petrol,volkswagen,no,23.75
48454,13450,coupe,manual,143,1er,90000,diesel,bmw,no,9.92
48455,16500,station wagon,automatic,197,5er,150000,diesel,bmw,no,9.83
48456,590,small car,manual,60,ka,125000,petrol,ford,no,13.67
48458,27500,station wagon,automatic,170,c_klasse,40000,diesel,mercedes_benz,no,5.58
48461,2400,limousine,manual,90,80,70000,petrol,audi,no,26.17
48463,4600,small car,manual,155,a3,150000,diesel,audi,no,14.33
48465,28499,coupe,manual,306,1er,60000,petrol,bmw,no,8.92
48466,3500,bus,manual,145,galaxy,150000,lpg,ford,no,17.75
48467,3000,limousine,manual,163,c_klasse,150000,petrol,mercedes_benz,no,18.92
48468,2350,small car,manual,95,2_reihe,80000,petrol,peugeot,no,10.25
48471,3800,small car,manual,60,corsa,125000,petrol,opel,no,10.67
48473,3800,bus,manual,113,others,150000,diesel,kia,no,12.25
48474,1200,limousine,manual,110,others,150000,petrol,citroen,no,21.33
48475,500,limousine,manual,90,civic,150000,petrol,honda,yes,22.83
48476,9900,bus,automatic,150,grand,150000,diesel,chrysler,no,11.17
48478,1650,small car,manual,60,polo,150000,petrol,volkswagen,no,21.33
48479,17950,suv,manual,116,sportage,70000,diesel,kia,no,6.25
48480,2590,limousine,manual,116,golf,150000,petrol,volkswagen,no,21.08
48481,4100,others,manual,105,others,150000,diesel,volkswagen,no,19.08
48484,900,station wagon,manual,133,4_reihe,150000,diesel,peugeot,no,17.17
48485,4350,station wagon,manual,87,logan,70000,petrol,dacia,no,10.83
48487,2650,station wagon,manual,116,3er,150000,petrol,bmw,no,20.25
48488,5000,limousine,manual,60,fiesta,125000,petrol,ford,no,9.83
48489,18900,small car,manual,136,cooper,20000,petrol,mini,no,3.33
48490,700,bus,automatic,110,galaxy,150000,diesel,ford,yes,19.08
48491,7490,small car,manual,120,cooper,100000,petrol,mini,no,10.42
48492,3699,limousine,manual,105,3er,125000,petrol,bmw,no,18.08
48494,14249,coupe,manual,218,3er,125000,petrol,bmw,no,12.92
48495,20750,suv,automatic,163,kuga,80000,diesel,ford,no,6.5
48496,650,limousine,manual,116,mondeo,150000,petrol,ford,no,20.25
48497,1000,limousine,manual,150,c_klasse,150000,diesel,mercedes_benz,no,23.0
48498,1750,small car,manual,75,2_reihe,150000,petrol,peugeot,no,13.75
48499,600,station wagon,manual,115,v40,150000,petrol,volvo,no,21.42
48500,23500,cabrio,manual,245,boxster,90000,petrol,porsche,no,10.33
48501,500,station wagon,manual,125,e_klasse,150000,diesel,mercedes_benz,no,19.08
48502,3700,bus,manual,102,altea,150000,lpg,seat,no,13.5
48503,2680,limousine,manual,147,vectra,80000,petrol,opel,yes,15.83
48504,6850,bus,manual,140,altea,150000,diesel,seat,no,11.92
48505,6666,small car,manual,60,mii,20000,petrol,seat,no,6.92
48506,1600,bus,manual,107,scenic,150000,petrol,renault,no,16.08
48510,14200,limousine,automatic,218,5er,125000,petrol,bmw,no,13.0
48511,7900,small car,manual,120,cooper,50000,petrol,mini,no,11.08
48512,3000,station wagon,manual,101,passat,150000,diesel,volkswagen,no,16.58
48513,11500,cabrio,automatic,170,clk,150000,petrol,mercedes_benz,no,15.58
48514,4600,limousine,manual,80,focus,80000,petrol,ford,no,13.42
48516,3950,station wagon,automatic,163,a4,150000,diesel,audi,no,14.42
48518,4400,limousine,manual,110,astra,150000,diesel,opel,no,10.5
48519,5600,limousine,manual,140,passat,150000,diesel,volkswagen,no,12.08
48521,7300,small car,automatic,140,golf,100000,diesel,volkswagen,no,13.25
48522,1590,small car,manual,44,corsa,125000,petrol,opel,no,18.25
48523,6500,bus,manual,140,touran,150000,diesel,volkswagen,no,13.75
48524,29900,station wagon,automatic,231,e_klasse,150000,diesel,mercedes_benz,no,8.17
48528,10900,limousine,manual,143,1er,125000,petrol,bmw,no,7.08
48529,1500,limousine,manual,165,a6,150000,petrol,audi,no,20.58
48531,1650,coupe,manual,140,3er,150000,petrol,bmw,no,0.42
48532,12900,station wagon,manual,170,octavia,125000,diesel,skoda,no,8.25
48534,1900,small car,manual,90,a3,150000,diesel,audi,no,21.5
48538,27300,coupe,manual,170,a5,50000,petrol,audi,no,6.42
48539,550,station wagon,manual,90,escort,125000,petrol,ford,yes,21.92
48540,2600,station wagon,manual,75,logan,150000,lpg,dacia,no,10.17
48541,5200,limousine,manual,80,fusion,90000,petrol,ford,no,12.92
48542,6900,limousine,manual,122,1er,150000,diesel,bmw,no,11.92
48545,599,limousine,manual,102,3er,150000,petrol,bmw,yes,23.5
48546,4444,cabrio,manual,146,mx_reihe,125000,petrol,mazda,no,14.5
48547,5500,station wagon,manual,129,3er,150000,petrol,bmw,no,30.33
48549,3899,station wagon,automatic,140,a3,150000,diesel,audi,no,13.42
48550,16998,limousine,automatic,197,5er,50000,diesel,bmw,no,11.83
48551,450,coupe,manual,75,astra,150000,petrol,opel,yes,20.92
48552,2000,limousine,automatic,124,c_klasse,150000,diesel,mercedes_benz,no,19.25
48553,600,station wagon,manual,75,astra,125000,petrol,opel,yes,19.0
48554,2950,coupe,automatic,136,clk,150000,petrol,mercedes_benz,no,19.58
48556,3800,station wagon,manual,155,vectra,150000,petrol,opel,no,13.08
48557,2950,limousine,automatic,193,5er,150000,petrol,bmw,no,22.33
48560,7200,limousine,manual,123,golf,150000,petrol,volkswagen,no,9.58
48563,850,small car,manual,50,lupo,150000,petrol,volkswagen,no,17.25
48564,6000,suv,automatic,150,cr_reihe,125000,petrol,honda,no,16.92
48565,8990,station wagon,manual,140,a3,150000,diesel,audi,no,11.0
48566,8500,coupe,manual,179,megane,70000,petrol,renault,no,9.33
48568,16900,limousine,automatic,204,e_klasse,150000,diesel,mercedes_benz,no,8.67
48569,4800,station wagon,manual,75,combo,90000,diesel,opel,no,9.0
48570,14950,station wagon,automatic,143,a4,150000,diesel,audi,no,7.83
48571,3300,station wagon,manual,131,octavia,150000,diesel,skoda,no,14.75
48572,1100,small car,manual,60,polo,150000,petrol,volkswagen,no,19.83
48573,950,limousine,manual,150,a4,150000,petrol,audi,yes,21.08
48574,12900,bus,manual,102,transporter,150000,diesel,volkswagen,no,17.75
48578,16350,station wagon,manual,163,mondeo,60000,diesel,ford,no,6.0
48579,11499,limousine,manual,140,golf,150000,diesel,volkswagen,no,10.08
48580,1900,limousine,manual,44,ka,5000,petrol,ford,no,18.0
48581,850,limousine,automatic,90,golf,150000,petrol,volkswagen,no,30.33
48583,1499,limousine,manual,101,focus,125000,petrol,ford,no,17.33
48584,1350,station wagon,automatic,144,carnival,150000,diesel,kia,yes,14.08
48585,9500,bus,automatic,116,vito,150000,diesel,mercedes_benz,no,11.17
48587,850,station wagon,manual,75,cordoba,150000,petrol,seat,no,19.25
48588,8700,limousine,automatic,277,golf,150000,petrol,volkswagen,no,12.08
48590,8000,cabrio,manual,126,mx_reihe,90000,petrol,mazda,no,12.33
48592,2600,station wagon,manual,131,golf,150000,diesel,volkswagen,no,17.83
48594,4300,limousine,manual,122,c_klasse,150000,diesel,mercedes_benz,no,13.83
48596,4650,cabrio,manual,109,2_reihe,125000,petrol,peugeot,no,12.42
48597,333,station wagon,manual,144,850,150000,petrol,volvo,no,23.08
48598,1800,bus,manual,125,zafira,150000,petrol,opel,no,17.5
48599,8300,bus,manual,143,sprinter,125000,lpg,mercedes_benz,no,18.92
48600,1000,limousine,manual,118,3er,150000,petrol,bmw,no,19.42
48601,4950,limousine,manual,80,golf,150000,petrol,volkswagen,yes,9.42
48602,12350,bus,manual,175,s_max,150000,diesel,ford,no,10.83
48603,850,cabrio,manual,116,escort,125000,petrol,ford,no,21.08
48604,8800,cabrio,manual,204,boxster,150000,petrol,porsche,no,20.25
48605,14990,limousine,manual,110,golf,30000,petrol,volkswagen,no,4.67
48606,13800,limousine,manual,136,c_klasse,80000,diesel,mercedes_benz,no,9.83
48607,499,cabrio,manual,115,astra,150000,petrol,opel,no,21.33
48608,3800,bus,automatic,116,almera,60000,petrol,nissan,no,14.5
48609,5500,small car,manual,60,fabia,80000,petrol,skoda,no,9.33
48610,4850,station wagon,manual,140,octavia,150000,diesel,skoda,no,11.08
48611,890,limousine,manual,115,vectra,150000,petrol,opel,no,19.75
48612,18400,cabrio,manual,343,m_reihe,150000,petrol,bmw,no,14.25
48614,1399,small car,manual,58,twingo,125000,petrol,renault,no,15.5
48616,4000,cabrio,manual,44,others,100000,petrol,volkswagen,yes,43.0
48617,6750,limousine,manual,95,a_klasse,70000,petrol,mercedes_benz,no,10.58
48618,6800,bus,manual,130,sprinter,150000,diesel,mercedes_benz,no,13.42
48619,10500,limousine,manual,105,jetta,60000,petrol,volkswagen,no,7.08
48622,1600,limousine,manual,109,nubira,150000,petrol,daewoo,no,16.0
48624,5890,limousine,manual,116,1er,100000,petrol,bmw,no,13.75
48626,17990,limousine,manual,105,golf,40000,diesel,volkswagen,no,4.58
48628,15000,station wagon,automatic,160,a3,90000,petrol,audi,no,9.17
48630,19500,bus,manual,170,sharan,90000,diesel,volkswagen,no,7.83
48631,26500,limousine,automatic,230,golf,40000,petrol,volkswagen,no,5.83
48633,5900,suv,manual,141,sportage,150000,lpg,kia,no,10.33
48635,3490,cabrio,manual,109,2_reihe,125000,petrol,peugeot,no,12.75
48636,10500,station wagon,automatic,160,golf,70000,petrol,volkswagen,no,9.25
48637,6280,small car,manual,77,others,40000,petrol,fiat,no,9.5
48638,400,coupe,manual,45,1_reihe,150000,petrol,peugeot,no,21.25
48639,8250,suv,manual,105,duster,70000,petrol,dacia,no,8.75
48640,1100,station wagon,manual,140,v70,150000,petrol,volvo,yes,18.33
48641,700,station wagon,manual,107,megane,150000,petrol,renault,no,20.0
48643,1890,others,manual,75,astra,150000,diesel,opel,yes,16.08
48644,4498,small car,manual,90,one,150000,petrol,mini,no,12.33
48645,3700,station wagon,manual,163,a4,150000,petrol,audi,yes,14.08
48648,3850,station wagon,automatic,286,5er,150000,petrol,bmw,no,21.75
48649,25999,limousine,automatic,184,golf,30000,diesel,volkswagen,no,4.83
48651,9999,station wagon,manual,233,a6,150000,diesel,audi,no,12.83
48652,6500,station wagon,manual,150,octavia,150000,petrol,skoda,no,13.25
48653,12395,small car,manual,122,cooper,40000,petrol,mini,no,7.42
48654,6400,bus,manual,120,zafira,125000,diesel,opel,no,12.33
48655,3450,bus,manual,116,sharan,150000,diesel,volkswagen,no,16.5
48656,2300,limousine,manual,116,3er,150000,petrol,bmw,no,16.17
48657,7499,station wagon,manual,179,a6,150000,diesel,audi,no,13.92
48658,5800,station wagon,automatic,163,a6,150000,diesel,audi,no,14.25
48660,3200,station wagon,manual,101,golf,150000,diesel,volkswagen,no,14.83
48661,2650,small car,manual,58,corsa,90000,petrol,opel,no,17.67
48662,1200,coupe,manual,116,astra,150000,petrol,opel,no,18.58
48663,750,small car,manual,54,seicento,125000,petrol,fiat,no,20.0
48664,10900,coupe,manual,272,3er,30000,petrol,bmw,no,11.58
48665,5990,limousine,manual,177,avensis,150000,diesel,toyota,no,11.58
48666,550,small car,manual,54,corsa,150000,petrol,opel,no,20.5
48669,2250,station wagon,manual,170,5er,150000,petrol,bmw,no,19.75
48672,12900,small car,manual,63,others,30000,petrol,mini,no,20.5
48675,2100,limousine,manual,102,a_klasse,125000,petrol,mercedes_benz,no,17.42
48676,3900,cabrio,manual,109,others,90000,petrol,peugeot,yes,14.33
48677,16500,small car,manual,86,a1,20000,petrol,audi,no,4.67
48681,3250,limousine,manual,75,golf,70000,petrol,volkswagen,no,17.83
48682,3250,limousine,manual,116,3er,150000,petrol,bmw,no,16.5
48684,4550,station wagon,manual,80,fabia,150000,diesel,skoda,yes,10.33
48685,2200,limousine,manual,109,others,50000,petrol,mercedes_benz,no,36.25
48687,850,limousine,manual,116,3er,150000,petrol,bmw,no,24.0
48689,3999,coupe,manual,180,tt,150000,petrol,audi,no,19.5
48690,5500,station wagon,automatic,150,c_klasse,150000,diesel,mercedes_benz,no,13.5
48691,1100,station wagon,manual,125,a4,150000,petrol,audi,no,21.75
48692,2800,limousine,manual,218,7er,150000,petrol,bmw,no,24.5
48693,2800,limousine,manual,129,avensis,150000,petrol,toyota,no,18.83
48695,1390,coupe,manual,102,3er,60000,petrol,bmw,no,24.5
48697,23250,station wagon,automatic,150,a4,50000,diesel,audi,no,5.67
48698,261,station wagon,manual,125,golf,20000,petrol,volkswagen,no,3.75
48699,5555,limousine,manual,150,3er,150000,diesel,bmw,no,15.75
48700,5555,cabrio,manual,136,clk,150000,petrol,mercedes_benz,no,19.33
48701,14000,limousine,manual,170,golf,150000,diesel,volkswagen,no,8.25
48703,11000,station wagon,automatic,239,a6,150000,diesel,audi,no,10.92
48705,6750,limousine,manual,105,leon,80000,diesel,seat,no,10.17
48708,6449,station wagon,manual,170,octavia,150000,diesel,skoda,no,12.0
48709,599,coupe,manual,150,others,150000,petrol,mitsubishi,yes,25.75
48710,749,station wagon,manual,130,mondeo,150000,diesel,ford,no,14.42
48712,17999,cabrio,manual,120,2_reihe,10000,petrol,peugeot,no,3.5
48714,7000,station wagon,automatic,170,passat,150000,diesel,volkswagen,no,11.33
48715,3200,small car,manual,68,aygo,125000,petrol,toyota,no,11.75
48716,1520,bus,manual,116,zafira,150000,petrol,opel,no,19.33
48719,9300,station wagon,manual,105,passat,150000,diesel,volkswagen,no,6.5
48720,2000,limousine,manual,115,golf,5000,petrol,volkswagen,no,22.92
48722,21999,limousine,automatic,184,1er,60000,diesel,bmw,no,5.58
48723,4600,limousine,manual,105,147,125000,petrol,alfa_romeo,no,8.17
48724,3700,limousine,automatic,163,a4,150000,petrol,audi,yes,15.17
48725,1250,small car,manual,80,fiesta,150000,petrol,ford,no,17.92
48726,12200,limousine,automatic,272,5er,150000,diesel,bmw,no,12.67
48727,3000,small car,manual,113,megane,150000,petrol,renault,no,16.0
48729,28000,bus,manual,129,sprinter,50000,diesel,mercedes_benz,no,7.17
48731,23900,limousine,automatic,204,5er,150000,diesel,bmw,no,8.42
48732,4800,small car,manual,170,a3,150000,diesel,audi,no,14.92
48736,7999,small car,manual,131,corsa,125000,diesel,opel,no,6.42
48740,3549,limousine,manual,192,3er,150000,petrol,bmw,no,16.58
48741,9250,small car,manual,99,jazz,50000,petrol,honda,no,6.42
48743,750,station wagon,manual,116,passat,150000,petrol,volkswagen,no,24.5
48744,5000,limousine,manual,75,golf,80000,petrol,volkswagen,no,14.25
48746,5800,cabrio,manual,231,3er,150000,petrol,bmw,no,17.25
48747,6299,small car,manual,125,swift,80000,petrol,suzuki,no,10.92
48749,1499,station wagon,manual,200,v40,150000,petrol,volvo,no,20.0
48750,2700,bus,manual,101,meriva,125000,petrol,opel,no,14.33
48753,15790,limousine,manual,105,golf,50000,diesel,volkswagen,no,6.33
48755,1400,coupe,manual,140,3er,150000,petrol,bmw,no,21.67
48756,7300,limousine,automatic,249,300c,150000,petrol,chrysler,no,14.83
48758,2200,small car,manual,80,fiesta,125000,petrol,ford,no,13.33
48759,1000,station wagon,manual,64,caddy,150000,diesel,volkswagen,no,19.92
48760,180,small car,manual,75,golf,150000,petrol,volkswagen,no,22.0
48761,10999,limousine,manual,218,3er,125000,petrol,bmw,no,13.58
48763,760,small car,manual,60,punto,125000,petrol,fiat,no,16.08
48764,3700,limousine,manual,90,golf,150000,petrol,volkswagen,no,14.75
48770,12950,station wagon,manual,170,octavia,125000,diesel,skoda,no,8.42
48772,1250,small car,manual,75,polo,150000,petrol,volkswagen,no,18.75
48773,1690,limousine,manual,107,laguna,150000,petrol,renault,no,19.08
48774,3900,station wagon,manual,102,passat,150000,petrol,volkswagen,no,16.92
48775,1900,small car,manual,54,seicento,125000,petrol,fiat,no,17.25
48776,2300,small car,automatic,41,fortwo,150000,diesel,smart,no,17.33
48778,4900,suv,manual,114,others,125000,petrol,mitsubishi,no,15.0
48779,550,small car,manual,60,polo,150000,petrol,volkswagen,yes,21.25
48782,10900,cabrio,manual,224,tt,100000,petrol,audi,no,16.33
48783,2000,station wagon,manual,193,3er,150000,lpg,bmw,no,22.58
48784,649,small car,manual,50,lupo,150000,petrol,volkswagen,no,18.17
48786,7777,cabrio,manual,181,tt,125000,petrol,audi,no,15.08
48788,1200,coupe,manual,102,3er,150000,petrol,bmw,no,20.5
48789,850,limousine,manual,60,golf,125000,petrol,volkswagen,no,25.83
48790,7100,small car,manual,69,ibiza,50000,petrol,seat,no,6.25
48791,1990,limousine,manual,101,golf,150000,petrol,volkswagen,no,19.25
48792,24990,coupe,automatic,211,others,30000,petrol,mercedes_benz,no,4.5
48793,16990,small car,manual,184,cooper,40000,petrol,mini,no,7.75
48794,5480,station wagon,manual,109,ceed,100000,petrol,kia,no,10.67
48795,7790,limousine,manual,204,3er,150000,diesel,bmw,yes,8.75
48796,750,small car,manual,50,arosa,150000,petrol,seat,no,17.83
48797,2599,limousine,automatic,125,c_klasse,150000,diesel,mercedes_benz,no,19.17
48798,3500,limousine,automatic,197,s_klasse,150000,diesel,mercedes_benz,no,17.5
48799,6500,bus,manual,140,galaxy,150000,diesel,ford,no,11.17
48800,1000,small car,manual,91,golf,150000,diesel,volkswagen,no,20.25
48801,6500,coupe,automatic,220,e_klasse,150000,petrol,mercedes_benz,no,24.33
48802,23750,limousine,automatic,239,q7,150000,diesel,audi,no,10.33
48803,6199,limousine,manual,115,golf,150000,petrol,volkswagen,no,11.25
48804,8500,station wagon,automatic,105,golf,150000,diesel,volkswagen,no,7.42
48809,7900,limousine,automatic,109,a_klasse,150000,diesel,mercedes_benz,no,9.92
48810,2799,bus,manual,125,zafira,150000,petrol,opel,no,15.17
48811,15200,cabrio,automatic,204,sl,150000,petrol,mercedes_benz,no,35.08
48812,5990,cabrio,manual,193,3er,150000,petrol,bmw,no,20.42
48813,1250,station wagon,automatic,279,e_klasse,150000,petrol,mercedes_benz,no,22.67
48817,2950,limousine,manual,105,147,125000,petrol,alfa_romeo,no,13.33
48818,4780,small car,manual,75,corsa,150000,diesel,opel,no,9.08
48819,2100,limousine,manual,125,focus,150000,petrol,ford,no,13.75
48820,1989,limousine,manual,55,golf,80000,petrol,volkswagen,no,29.08
48821,1350,small car,manual,75,lupo,150000,petrol,volkswagen,no,20.0
48822,2499,small car,manual,67,matiz,60000,petrol,chevrolet,no,10.58
48825,20800,limousine,manual,136,e_klasse,60000,diesel,mercedes_benz,no,6.58
48827,7990,limousine,manual,116,focus,150000,diesel,ford,no,6.75
48828,7100,small car,manual,86,rio,50000,petrol,kia,no,5.25
48829,7900,limousine,manual,140,mondeo,150000,diesel,ford,no,11.42
48830,5000,bus,manual,105,touran,150000,diesel,volkswagen,no,13.92
48831,250,bus,manual,170,galaxy,150000,petrol,ford,yes,21.67
48832,2600,limousine,manual,116,3er,150000,petrol,bmw,no,16.75
48833,1700,limousine,manual,125,vectra,150000,diesel,opel,no,15.33
48834,4800,small car,manual,86,fabia,125000,petrol,skoda,no,9.33
48835,23000,coupe,manual,122,c_klasse,10000,petrol,mercedes_benz,no,5.92
48837,1800,small car,manual,63,getz,125000,petrol,hyundai,no,14.92
48840,6700,small car,manual,69,yaris,50000,petrol,toyota,no,7.25
48843,200,bus,manual,115,espace,150000,lpg,renault,yes,20.5
48844,14990,limousine,automatic,170,c_klasse,150000,diesel,mercedes_benz,no,9.17
48846,16450,cabrio,manual,122,cooper,50000,petrol,mini,no,7.5
48847,300,small car,manual,58,twingo,150000,petrol,renault,yes,19.83
48848,3990,station wagon,manual,94,zafira,150000,cng,opel,no,12.83
48851,10987,small car,manual,156,others,70000,petrol,citroen,no,7.33
48854,8600,cabrio,automatic,71,fortwo,20000,petrol,smart,no,5.42
48855,20500,cabrio,manual,264,others,40000,petrol,opel,no,9.42
48857,2750,limousine,automatic,211,others,150000,petrol,jaguar,no,24.0
48858,23950,suv,automatic,240,q5,150000,diesel,audi,no,8.08
48859,2100,station wagon,automatic,150,a4,150000,petrol,audi,no,22.67
48860,16999,station wagon,manual,116,3er,100000,diesel,bmw,no,4.08
48862,6500,coupe,manual,116,ceed,125000,diesel,kia,no,9.67
48863,3450,cabrio,automatic,53,fortwo,150000,diesel,smart,no,14.42
48864,13950,coupe,automatic,143,a5,150000,diesel,audi,no,9.92
48865,12800,limousine,manual,170,1er,80000,petrol,bmw,no,9.08
48866,8900,limousine,automatic,136,e_klasse,150000,diesel,mercedes_benz,no,10.17
48868,2100,small car,manual,75,golf,125000,petrol,volkswagen,no,20.33
48869,600,small car,manual,50,lupo,150000,petrol,volkswagen,yes,17.83
48870,700,limousine,manual,150,golf,150000,petrol,volkswagen,no,22.33
48871,22480,coupe,manual,245,others,125000,petrol,porsche,no,10.17
48872,9499,coupe,automatic,163,clk,60000,petrol,mercedes_benz,no,13.5
48876,2450,small car,manual,64,polo,150000,petrol,volkswagen,no,16.25
48878,17995,limousine,automatic,286,x_reihe,150000,diesel,bmw,yes,12.0
48879,3800,small car,manual,80,corsa,125000,petrol,opel,no,9.83
48880,12950,station wagon,automatic,231,3er,150000,diesel,bmw,no,12.75
48882,1600,limousine,manual,120,laguna,150000,petrol,renault,no,17.5
48884,6300,coupe,manual,170,3er,150000,petrol,bmw,no,14.25
48885,4750,limousine,manual,106,megane,150000,diesel,renault,no,9.42
48887,12800,cabrio,automatic,190,sl,150000,petrol,mercedes_benz,no,23.58
48889,4200,cabrio,manual,120,megane,125000,diesel,renault,no,15.0
48893,13400,limousine,automatic,143,1er,125000,diesel,bmw,no,7.42
48895,23250,limousine,automatic,170,a_klasse,50000,diesel,mercedes_benz,no,5.75
48896,1800,small car,manual,68,fiesta,150000,diesel,ford,no,14.58
48898,999,small car,manual,75,clio,20000,petrol,renault,no,20.67
48900,2200,limousine,manual,65,others,150000,diesel,mercedes_benz,no,40.67
48902,1290,small car,manual,50,polo,100000,petrol,volkswagen,no,21.5
48903,5750,station wagon,automatic,140,passat,150000,diesel,volkswagen,no,12.5
48905,850,limousine,manual,50,yaris,150000,petrol,toyota,no,18.08
48907,1200,limousine,manual,75,golf,150000,petrol,volkswagen,no,19.17
48909,850,limousine,manual,116,focus,150000,petrol,ford,yes,18.67
48911,3650,bus,manual,143,5_reihe,150000,diesel,mazda,no,12.33
48914,6999,station wagon,automatic,204,e_klasse,150000,diesel,mercedes_benz,no,14.5
48915,35800,cabrio,automatic,155,sl,150000,petrol,mercedes_benz,no,33.58
48916,1999,small car,automatic,125,golf,150000,petrol,volkswagen,no,20.75
48917,750,bus,manual,69,berlingo,150000,diesel,citroen,no,18.5
48918,8500,small car,manual,75,others,30000,petrol,mazda,no,6.0
48919,7800,bus,manual,120,others,125000,diesel,citroen,no,7.83
48921,5500,small car,manual,68,c1,40000,petrol,citroen,no,8.33
48923,850,station wagon,manual,81,others,150000,diesel,fiat,no,16.08
48924,8650,limousine,automatic,143,c_klasse,90000,petrol,mercedes_benz,no,13.58
48925,4950,bus,manual,105,golf,150000,diesel,volkswagen,no,13.83
48927,1490,limousine,manual,75,golf,150000,petrol,volkswagen,no,19.92
48929,4000,limousine,automatic,125,s_klasse,150000,diesel,mercedes_benz,no,38.17
48932,600,small car,manual,45,polo,125000,petrol,volkswagen,no,27.75
48934,9900,cabrio,automatic,214,slk,125000,petrol,mercedes_benz,no,18.92
48935,5500,station wagon,manual,241,signum,150000,diesel,opel,no,13.42
48936,2500,small car,manual,75,corsa,150000,diesel,opel,no,14.42
48937,2490,limousine,manual,109,3_reihe,150000,diesel,mazda,no,14.75
48939,750,station wagon,manual,102,3er,150000,petrol,bmw,no,19.33
48940,11499,limousine,manual,204,1er,125000,diesel,bmw,no,9.5
48942,20000,coupe,manual,156,c_klasse,30000,petrol,mercedes_benz,no,6.5
48944,550,small car,automatic,98,clio,80000,petrol,renault,yes,18.75
48945,18800,station wagon,automatic,170,c_klasse,80000,diesel,mercedes_benz,no,7.83
48948,5000,limousine,manual,150,3er,150000,diesel,bmw,no,13.25
48950,22950,limousine,manual,170,a6,60000,petrol,audi,no,8.83
48951,6900,cabrio,manual,150,2_reihe,100000,petrol,peugeot,no,12.0
48952,9450,cabrio,automatic,163,clk,150000,petrol,mercedes_benz,no,15.42
48954,2999,cabrio,manual,116,3er,150000,petrol,bmw,no,24.33
48955,750,limousine,manual,75,astra,150000,diesel,opel,yes,17.08
48956,350,limousine,manual,90,golf,150000,petrol,volkswagen,yes,21.58
48959,9500,small car,automatic,94,others,40000,petrol,suzuki,no,5.75
48960,4250,station wagon,manual,102,octavia,125000,petrol,skoda,no,14.92
48962,4000,limousine,manual,143,3er,150000,petrol,bmw,yes,16.75
48963,999,station wagon,manual,123,c_klasse,150000,petrol,mercedes_benz,no,19.08
48964,6700,limousine,manual,102,golf,80000,petrol,volkswagen,no,14.92
48965,4400,station wagon,automatic,150,3er,150000,diesel,bmw,no,13.08
48968,2000,small car,manual,75,sandero,150000,petrol,dacia,no,9.5
48969,1899,small car,manual,75,clio,90000,petrol,renault,no,14.92
48970,11200,limousine,manual,177,1er,150000,diesel,bmw,no,10.08
48973,1850,limousine,manual,75,golf,150000,petrol,volkswagen,no,18.67
48975,14950,station wagon,automatic,170,c_klasse,150000,diesel,mercedes_benz,no,10.33
48976,5700,small car,manual,69,yaris,70000,petrol,toyota,no,8.5
48977,48999,coupe,manual,345,911,90000,petrol,porsche,no,9.75
48979,2800,station wagon,automatic,184,3er,150000,diesel,bmw,no,16.92
48980,120,bus,manual,121,others,150000,petrol,citroen,yes,23.83
48981,3900,limousine,manual,118,3er,125000,petrol,bmw,no,19.67
48982,12500,coupe,manual,160,scirocco,70000,petrol,volkswagen,no,8.67
48983,5299,cabrio,manual,220,a4,150000,petrol,audi,no,16.33
48984,16500,coupe,manual,170,a5,100000,diesel,audi,no,8.42
48985,4300,limousine,manual,101,toledo,125000,petrol,seat,no,19.25
48987,900,small car,automatic,54,corsa,70000,petrol,opel,no,20.25
48989,17500,bus,manual,114,5_reihe,5000,diesel,peugeot,no,5.0
48991,500,small car,automatic,58,twingo,150000,petrol,renault,no,19.33
48992,8129,station wagon,manual,163,5er,150000,diesel,bmw,no,11.25
48994,12900,limousine,manual,184,3er,150000,diesel,bmw,no,8.33
48995,3850,station wagon,manual,105,passat,150000,diesel,volkswagen,no,13.83
48996,7399,station wagon,manual,231,5er,150000,petrol,bmw,no,15.83
48997,2999,limousine,manual,116,golf,150000,diesel,volkswagen,no,17.08
48998,990,small car,manual,54,seicento,150000,lpg,fiat,no,18.67
49000,2800,limousine,manual,150,3er,150000,diesel,bmw,no,17.75
49001,6300,small car,manual,69,corsa,60000,petrol,opel,no,5.33
49002,1350,small car,manual,83,kalos,150000,petrol,daewoo,no,15.83
49006,699,small car,manual,60,polo,150000,petrol,volkswagen,no,18.42
49007,7000,limousine,manual,143,1er,150000,petrol,bmw,no,11.75
49008,35900,limousine,automatic,258,7er,125000,diesel,bmw,no,6.83
49009,777,cabrio,manual,116,astra,150000,petrol,opel,yes,21.08
49010,1400,station wagon,manual,140,v70,150000,petrol,volvo,yes,17.08
49011,18500,suv,manual,150,x_reihe,30000,petrol,bmw,no,7.08
49015,29780,limousine,automatic,184,golf,5000,diesel,volkswagen,no,5.0
49017,4700,coupe,manual,160,others,125000,petrol,volkswagen,no,29.25
49018,1199,station wagon,manual,101,passat,150000,petrol,volkswagen,no,22.25
49021,2599,small car,manual,75,forfour,150000,petrol,smart,no,13.92
49027,3000,suv,manual,140,sorento,150000,diesel,kia,no,13.08
49029,4500,small car,manual,69,fabia,80000,petrol,skoda,no,8.33
49030,950,small car,manual,45,polo,150000,petrol,volkswagen,no,22.0
49031,2500,limousine,manual,100,astra,125000,petrol,opel,yes,16.75
49032,350,small car,manual,101,a3,150000,petrol,audi,yes,21.08
49033,2300,small car,manual,60,panda,125000,petrol,fiat,no,12.5
49034,11300,suv,manual,156,4_reihe,150000,diesel,peugeot,no,9.42
49035,12900,station wagon,automatic,233,a6,150000,diesel,audi,no,11.5
49037,2380,limousine,automatic,140,a_klasse,150000,petrol,mercedes_benz,no,15.08
49039,10000,limousine,manual,105,jetta,80000,diesel,volkswagen,no,8.92
49042,890,small car,manual,75,fiesta,150000,petrol,ford,no,19.75
49043,7490,station wagon,manual,170,passat,150000,diesel,volkswagen,no,11.25
49045,3000,small car,manual,92,swift,150000,petrol,suzuki,yes,12.08
49046,300,small car,manual,58,twingo,150000,petrol,renault,yes,21.83
49047,13500,coupe,manual,177,1er,125000,diesel,bmw,no,10.75
49049,1750,bus,manual,107,scenic,150000,petrol,renault,no,15.08
49050,400,limousine,manual,75,golf,150000,petrol,volkswagen,yes,19.0
49051,1900,bus,manual,69,berlingo,125000,diesel,citroen,no,15.83
49052,20750,suv,automatic,231,m_klasse,150000,diesel,mercedes_benz,no,8.92
49054,1550,bus,automatic,144,carnival,150000,diesel,kia,no,15.25
49055,4800,limousine,manual,75,golf,80000,petrol,volkswagen,no,15.0
49057,7000,limousine,manual,170,3er,150000,petrol,bmw,no,29.5
49061,4900,coupe,manual,110,civic,50000,petrol,honda,no,28.5
49062,600,small car,manual,60,fiesta,150000,petrol,ford,no,21.58
49063,9500,small car,manual,86,ibiza,40000,petrol,seat,no,7.0
49064,1700,coupe,automatic,143,c_klasse,150000,petrol,mercedes_benz,yes,16.0
49065,4300,bus,manual,105,golf,150000,diesel,volkswagen,no,13.92
49067,2199,limousine,manual,175,156,150000,diesel,alfa_romeo,no,14.17
49070,900,limousine,manual,75,golf,150000,petrol,volkswagen,no,21.67
49071,11790,cabrio,manual,160,mx_reihe,100000,petrol,mazda,no,11.08
49073,1050,station wagon,manual,150,a4,150000,diesel,audi,yes,19.0
49074,1999,limousine,manual,84,astra,100000,petrol,opel,no,16.67
49075,10700,station wagon,manual,200,a3,80000,petrol,audi,no,14.0
49076,20000,small car,manual,143,a1,50000,diesel,audi,no,6.33
49077,10900,limousine,automatic,193,7er,150000,petrol,bmw,no,20.33
49078,12990,bus,manual,150,3_reihe,90000,diesel,peugeot,no,7.25
49079,21900,limousine,automatic,265,c_klasse,125000,diesel,mercedes_benz,no,6.33
49081,4200,bus,manual,102,caddy,150000,petrol,volkswagen,no,14.0
49082,1599,small car,manual,73,c2,125000,petrol,citroen,no,16.0
49085,25500,suv,automatic,385,cayenne,100000,petrol,porsche,no,11.33
49086,8900,limousine,automatic,200,golf,150000,petrol,volkswagen,no,11.33
49087,6700,bus,manual,88,transporter,150000,diesel,volkswagen,no,16.5
49090,3999,cabrio,manual,129,3er,150000,petrol,bmw,no,27.17
49091,26000,station wagon,automatic,313,a6,150000,diesel,audi,yes,6.33
49092,150,station wagon,manual,66,escort,150000,petrol,ford,no,22.75
49093,4000,small car,automatic,54,fortwo,80000,petrol,smart,no,7.0
49094,2990,limousine,manual,101,passat,150000,petrol,volkswagen,no,18.67
49095,29999,bus,manual,151,transporter,150000,diesel,volkswagen,no,15.25
49099,550,small car,manual,60,corsa,150000,petrol,opel,no,21.42
49102,2800,small car,manual,88,2_reihe,125000,petrol,peugeot,no,12.5
49103,7300,limousine,automatic,235,5er,100000,diesel,bmw,no,9.25
49104,1350,bus,manual,101,zafira,150000,petrol,opel,yes,20.0
49109,8000,cabrio,manual,143,3er,150000,petrol,bmw,no,15.17
49111,3333,station wagon,manual,134,insignia,150000,diesel,opel,no,7.58
49112,690,small car,manual,50,fiesta,150000,petrol,ford,no,20.83
49113,37999,station wagon,manual,190,a4,30000,diesel,audi,no,3.08
49114,13900,limousine,automatic,177,1er,40000,diesel,bmw,no,11.92
49118,999,small car,manual,75,corsa,150000,petrol,opel,no,17.33
49119,17900,limousine,automatic,272,3er,100000,petrol,bmw,no,10.58
49121,3333,station wagon,automatic,132,e_klasse,150000,petrol,mercedes_benz,no,31.17
49123,3850,station wagon,manual,110,astra,150000,diesel,opel,no,11.5
49125,2900,small car,manual,85,beetle,150000,lpg,volkswagen,no,19.67
49126,3100,coupe,manual,209,a3,150000,petrol,audi,yes,19.75
49127,20999,limousine,automatic,211,golf,50000,petrol,volkswagen,no,7.25
49128,13900,cabrio,manual,163,slk,50000,petrol,mercedes_benz,no,14.5
49132,4400,limousine,manual,116,1er,150000,petrol,bmw,no,15.0
49134,4690,small car,manual,64,polo,125000,petrol,volkswagen,no,12.25
49135,2300,station wagon,manual,101,golf,150000,petrol,volkswagen,no,17.42
49136,400,limousine,automatic,299,a6,150000,petrol,audi,yes,17.33
49138,11000,cabrio,automatic,218,clk,125000,petrol,mercedes_benz,no,17.33
49140,1299,limousine,manual,184,5er,150000,diesel,bmw,no,18.5
49142,2600,limousine,manual,150,3er,150000,petrol,bmw,no,20.42
49148,2800,limousine,automatic,150,passat,150000,petrol,volkswagen,no,18.08
49149,4500,station wagon,automatic,131,a4,100000,petrol,audi,yes,12.67
49150,3495,station wagon,manual,136,v50,150000,diesel,volvo,yes,13.33
49152,16899,coupe,automatic,190,a5,125000,diesel,audi,no,11.83
49153,540,small car,manual,60,corsa,150000,petrol,opel,no,21.42
49155,1950,small car,manual,63,getz,150000,petrol,hyundai,no,14.0
49158,1300,small car,manual,50,lupo,150000,petrol,volkswagen,no,19.25
49159,10900,station wagon,automatic,163,3er,150000,diesel,bmw,no,11.83
49160,7599,limousine,manual,90,focus,150000,diesel,ford,no,7.17
49161,3495,limousine,manual,75,golf,90000,petrol,volkswagen,no,18.17
49163,7800,station wagon,manual,101,focus,60000,petrol,ford,no,10.17
49164,10290,limousine,manual,143,1er,125000,diesel,bmw,no,7.42
49166,12500,limousine,manual,120,c_klasse,150000,diesel,mercedes_benz,no,7.25
49168,500,station wagon,manual,116,mondeo,150000,petrol,ford,no,19.25
49171,5990,bus,manual,95,vito,150000,diesel,mercedes_benz,no,11.83
49172,7000,coupe,manual,231,rx_reihe,80000,petrol,mazda,no,14.5
49175,37200,suv,manual,190,x_reihe,5000,diesel,bmw,no,2.17
49177,9000,station wagon,manual,105,transporter,150000,diesel,volkswagen,no,10.42
49180,1450,limousine,manual,101,golf,150000,petrol,volkswagen,no,19.58
49181,1499,station wagon,manual,122,c_klasse,150000,petrol,mercedes_benz,no,18.25
49184,2200,small car,automatic,75,corsa,125000,petrol,opel,no,16.25
49186,950,limousine,manual,114,civic,150000,petrol,honda,no,22.5
49187,1950,limousine,manual,150,5er,150000,petrol,bmw,no,18.42
49189,6990,station wagon,manual,170,a4,150000,diesel,audi,yes,11.5
49190,590,station wagon,manual,75,passat,150000,petrol,volkswagen,no,25.75
49191,20000,coupe,automatic,224,others,150000,diesel,mercedes_benz,no,9.67
49192,3600,limousine,manual,105,leon,150000,petrol,seat,no,14.25
49193,6499,station wagon,manual,150,laguna,150000,diesel,renault,no,10.58
49194,9850,limousine,manual,122,golf,70000,petrol,volkswagen,no,8.83
49197,2999,suv,automatic,140,sorento,150000,diesel,kia,yes,13.92
49198,900,station wagon,automatic,131,others,150000,petrol,volvo,no,25.08
49200,10500,station wagon,manual,200,a4,100000,petrol,audi,no,12.0
49201,2699,limousine,manual,109,focus,150000,diesel,ford,no,12.67
49202,7990,limousine,manual,170,golf,125000,diesel,volkswagen,no,11.83
49205,37500,limousine,manual,483,impreza,70000,petrol,subaru,no,12.33
49206,3500,limousine,automatic,125,a_klasse,150000,petrol,mercedes_benz,no,18.5
49207,29900,cabrio,automatic,306,3er,100000,petrol,bmw,no,10.33
49210,18800,limousine,automatic,232,q7,150000,diesel,audi,no,10.25
49211,13499,small car,manual,211,golf,125000,petrol,volkswagen,no,7.67
49212,1550,station wagon,manual,125,vectra,150000,petrol,opel,no,17.58
49213,18200,coupe,manual,272,tt,150000,petrol,audi,no,10.75
49214,21777,coupe,automatic,204,e_klasse,60000,petrol,mercedes_benz,no,9.83
49215,1000,small car,manual,73,3_reihe,125000,petrol,mazda,no,18.25
49217,6799,station wagon,manual,116,mondeo,150000,diesel,ford,no,7.67
49218,1800,suv,automatic,116,sharan,150000,diesel,volkswagen,no,17.08
49220,1200,station wagon,manual,125,c_klasse,150000,diesel,mercedes_benz,no,18.0
49223,1650,station wagon,manual,103,astra,150000,petrol,opel,no,14.42
49224,2333,station wagon,manual,136,touran,150000,diesel,volkswagen,no,15.83
49225,300,small car,manual,50,polo,150000,petrol,volkswagen,yes,22.92
49226,2000,bus,automatic,98,v_klasse,150000,diesel,mercedes_benz,no,20.5
49227,3500,small car,manual,150,ibiza,150000,petrol,seat,no,13.58
49228,800,bus,manual,109,others,150000,diesel,fiat,no,15.25
49233,2000,limousine,manual,102,3er,150000,petrol,bmw,no,20.33
49234,4200,station wagon,manual,116,primera,125000,petrol,nissan,no,12.08
49235,7900,station wagon,manual,170,passat,150000,diesel,volkswagen,no,11.83
49237,11800,limousine,manual,272,5er,150000,petrol,bmw,no,9.08
49238,5400,small car,manual,115,golf,125000,petrol,volkswagen,no,13.33
49240,7500,station wagon,automatic,177,5er,150000,diesel,bmw,no,14.92
49241,250,limousine,manual,75,golf,80000,petrol,volkswagen,no,24.33
49242,800,station wagon,manual,116,v40,150000,petrol,volvo,no,20.25
49244,3200,limousine,manual,75,golf,150000,petrol,volkswagen,no,14.67
49246,5000,station wagon,automatic,180,5er,150000,diesel,bmw,yes,12.0
49247,4700,station wagon,manual,122,sprinter,150000,diesel,mercedes_benz,no,20.83
49249,1200,small car,manual,116,golf,150000,petrol,volkswagen,no,21.5
49251,1800,limousine,manual,170,5er,150000,petrol,bmw,no,24.0
49252,3450,small car,manual,82,spark,125000,petrol,chevrolet,no,8.5
49253,4900,suv,manual,160,outlander,150000,petrol,mitsubishi,no,12.33
49254,22250,limousine,automatic,387,s_klasse,150000,petrol,mercedes_benz,no,11.58
49256,4900,small car,manual,80,polo,90000,petrol,volkswagen,no,11.25
49257,1000,small car,manual,107,clio,150000,petrol,renault,no,19.5
49259,11950,bus,automatic,102,transporter,150000,diesel,volkswagen,no,16.92
49261,9700,limousine,manual,156,c_klasse,125000,petrol,mercedes_benz,no,11.75
49263,15700,station wagon,manual,140,focus,40000,diesel,ford,no,5.92
49264,4750,bus,manual,101,vivaro,150000,diesel,opel,no,15.5
49265,18900,bus,manual,131,others,40000,diesel,renault,no,3.08
49267,4590,small car,manual,101,panda,60000,petrol,fiat,no,12.0
49268,35900,cabrio,automatic,340,z_reihe,80000,petrol,bmw,no,7.25
49271,4100,small car,manual,58,twingo,60000,petrol,renault,no,8.17
49272,600,small car,manual,75,agila,90000,petrol,opel,no,16.92
49273,750,small car,manual,50,fiesta,150000,petrol,ford,no,22.67
49274,17900,cabrio,automatic,218,3er,125000,petrol,bmw,no,12.0
49275,3100,limousine,manual,101,golf,125000,petrol,volkswagen,no,22.0
49278,2050,station wagon,manual,193,a4,150000,petrol,audi,no,18.5
49280,1500,small car,manual,56,corsa,150000,petrol,opel,no,19.42
49281,9500,coupe,automatic,250,tt,150000,petrol,audi,no,14.25
49283,6000,limousine,automatic,224,e_klasse,150000,petrol,mercedes_benz,no,15.33
49285,1450,small car,manual,84,aveo,150000,petrol,chevrolet,yes,9.83
49286,1150,limousine,manual,75,golf,150000,petrol,volkswagen,no,20.33
49287,2480,bus,manual,116,others,150000,lpg,citroen,no,13.83
49288,5800,small car,automatic,71,fortwo,70000,petrol,smart,no,9.33
49289,4200,limousine,manual,90,golf,150000,diesel,volkswagen,no,12.08
49290,22990,station wagon,automatic,170,passat,90000,diesel,volkswagen,no,7.33
49291,3800,bus,manual,140,touran,150000,diesel,volkswagen,no,14.83
49292,6500,bus,manual,135,transporter,150000,diesel,volkswagen,no,23.5
49293,200,small car,manual,65,ibiza,150000,petrol,seat,yes,19.25
49296,750,small car,manual,50,arosa,150000,petrol,seat,yes,16.08
49297,14250,station wagon,manual,177,5er,125000,diesel,bmw,no,8.25
49299,7999,cabrio,automatic,71,fortwo,60000,petrol,smart,no,7.83
49300,1700,limousine,manual,90,a3,125000,diesel,audi,no,20.58
49301,1999,station wagon,manual,150,a4,150000,diesel,audi,yes,18.5
49302,7300,station wagon,automatic,160,insignia,150000,diesel,opel,no,9.33
49303,1750,limousine,manual,107,3_reihe,150000,petrol,peugeot,no,16.42
49304,1200,limousine,manual,150,5er,150000,petrol,bmw,no,20.5
49307,3600,limousine,manual,150,vectra,100000,petrol,opel,no,15.5
49308,7800,small car,manual,69,others,30000,petrol,opel,no,5.58
49309,350,small car,manual,50,arosa,150000,petrol,seat,no,19.58
49310,10400,coupe,manual,160,scirocco,100000,petrol,volkswagen,no,9.33
49311,7050,cabrio,manual,120,2_reihe,70000,petrol,peugeot,no,9.33
49312,3540,limousine,manual,170,astra,60000,petrol,opel,yes,14.58
49315,5100,station wagon,manual,131,a4,150000,diesel,audi,no,16.33
49318,4390,cabrio,manual,109,2_reihe,90000,petrol,peugeot,no,12.25
49319,777,station wagon,manual,110,golf,150000,diesel,volkswagen,no,23.0
49321,1750,station wagon,automatic,116,c_klasse,150000,diesel,mercedes_benz,no,15.33
49322,3999,limousine,automatic,109,3_reihe,100000,petrol,peugeot,no,12.17
49323,6990,suv,automatic,254,others,150000,lpg,chevrolet,no,21.92
49327,23500,suv,automatic,190,rangerover,150000,diesel,rover,no,10.83
49329,12900,bus,manual,140,touran,150000,diesel,volkswagen,no,6.08
49331,6250,station wagon,manual,140,golf,150000,diesel,volkswagen,no,10.42
49333,4150,bus,automatic,91,others,125000,diesel,mercedes_benz,no,13.83
49338,1499,station wagon,manual,150,a4,150000,diesel,audi,no,19.0
49340,14900,coupe,manual,122,scirocco,50000,petrol,volkswagen,no,7.42
49341,4300,small car,manual,73,2_reihe,80000,petrol,peugeot,no,10.5
49343,3550,small car,manual,65,picanto,90000,petrol,kia,no,11.58
49345,2950,small car,manual,120,polo,150000,petrol,volkswagen,no,19.83
49346,150,small car,manual,32,seicento,125000,petrol,fiat,yes,19.33
49347,5100,small car,manual,75,twingo,20000,petrol,renault,no,7.92
49348,6000,limousine,manual,190,others,150000,petrol,alfa_romeo,yes,24.33
49349,600,limousine,automatic,101,vectra,150000,petrol,opel,no,21.0
49350,850,station wagon,manual,101,passat,150000,petrol,volkswagen,no,19.25
49351,3700,coupe,manual,150,90,80000,petrol,audi,no,25.17
49354,950,limousine,manual,136,3_reihe,150000,petrol,peugeot,yes,16.42
49355,1500,limousine,manual,116,focus,150000,petrol,ford,no,19.67
49356,4200,suv,automatic,128,rav,150000,petrol,toyota,no,20.67
49357,1699,station wagon,automatic,150,a6,150000,diesel,audi,no,19.92
49358,3500,bus,manual,109,caddy,150000,cng,volkswagen,no,10.5
49359,22499,station wagon,automatic,184,3er,150000,diesel,bmw,no,5.08
49360,3500,suv,manual,150,others,150000,diesel,hyundai,no,15.25
49361,3690,small car,manual,75,golf,80000,petrol,volkswagen,no,19.83
49362,2750,small car,manual,50,lupo,90000,petrol,volkswagen,no,15.83
49363,5450,bus,manual,150,golf,125000,petrol,volkswagen,no,12.58
49364,9250,cabrio,manual,160,eos,125000,petrol,volkswagen,no,10.67
49365,2800,small car,manual,75,golf,125000,petrol,volkswagen,no,17.08
49367,5900,cabrio,manual,111,megane,100000,petrol,renault,no,12.42
49369,5800,suv,automatic,163,others,125000,diesel,hyundai,no,14.75
49370,11900,suv,automatic,218,grand,150000,diesel,jeep,no,10.25
49371,1200,station wagon,manual,150,5er,150000,petrol,bmw,no,23.42
49372,2750,cabrio,manual,116,golf,150000,petrol,volkswagen,no,18.25
49373,8700,bus,manual,102,transporter,150000,diesel,volkswagen,no,20.0
49374,1550,station wagon,automatic,163,a4,150000,diesel,audi,yes,15.83
49375,3700,limousine,manual,105,golf,150000,petrol,volkswagen,no,16.58
49376,1499,small car,manual,65,clio,150000,diesel,renault,no,14.25
49377,23900,limousine,automatic,325,insignia,50000,petrol,opel,no,7.0
49378,2100,limousine,manual,75,golf,125000,petrol,volkswagen,no,19.25
49379,2650,limousine,manual,116,beetle,150000,petrol,volkswagen,no,18.67
49380,3950,small car,manual,68,1_reihe,60000,petrol,peugeot,no,12.5
49381,7250,small car,manual,60,mii,10000,petrol,seat,no,6.0
49383,3500,bus,automatic,150,grand,150000,diesel,chrysler,no,13.5
49384,10790,station wagon,manual,116,focus,50000,diesel,ford,no,6.25
49385,700,limousine,manual,140,others,150000,petrol,alfa_romeo,no,21.83
49386,4699,small car,manual,60,fiesta,30000,petrol,ford,no,6.42
49387,1599,limousine,manual,75,focus,150000,diesel,ford,no,16.17
49390,12200,limousine,automatic,177,3er,150000,diesel,bmw,yes,9.67
49391,12300,cabrio,automatic,193,sl,125000,petrol,mercedes_benz,no,23.33
49393,5490,station wagon,automatic,140,a4,150000,diesel,audi,no,12.42
49394,2800,small car,manual,92,swift,150000,petrol,suzuki,no,13.17
49396,1199,small car,manual,60,1_reihe,150000,petrol,peugeot,no,15.42
49397,6100,small car,manual,69,500,70000,petrol,fiat,no,10.17
49398,3980,limousine,automatic,143,e_klasse,150000,diesel,mercedes_benz,no,17.42
49399,7800,small car,manual,101,yaris,10000,petrol,toyota,no,8.67
49402,550,limousine,manual,75,megane,150000,petrol,renault,no,22.25
49403,4650,small car,manual,68,1_reihe,30000,petrol,peugeot,no,9.33
49404,500,small car,manual,82,a_klasse,150000,petrol,mercedes_benz,yes,20.5
49405,3000,bus,manual,64,caddy,150000,diesel,volkswagen,no,17.33
49408,6700,limousine,manual,87,corsa,80000,petrol,opel,no,9.0
49410,8900,suv,automatic,330,x_reihe,150000,lpg,bmw,yes,14.08
49414,21400,limousine,manual,220,octavia,40000,petrol,skoda,no,5.92
49415,1000,coupe,manual,90,tigra,150000,petrol,opel,no,22.0
49416,15700,station wagon,automatic,235,5er,150000,diesel,bmw,no,10.42
49418,26500,limousine,manual,179,a3,40000,petrol,audi,no,5.42
49419,1800,limousine,automatic,116,golf,150000,diesel,volkswagen,no,17.25
49420,2499,station wagon,automatic,193,3er,150000,petrol,bmw,no,23.58
49421,35980,suv,automatic,204,touareg,30000,diesel,volkswagen,no,3.92
49423,500,small car,manual,69,golf,150000,petrol,volkswagen,yes,28.5
49424,24500,limousine,automatic,204,a6,150000,diesel,audi,no,6.25
49426,2800,bus,manual,140,touran,150000,diesel,volkswagen,no,14.42
49427,2100,station wagon,manual,125,vectra,150000,diesel,opel,no,14.58
49428,2999,small car,manual,75,corsa,150000,petrol,opel,no,15.5
49429,1500,limousine,manual,101,3er,150000,petrol,bmw,no,22.5
49430,24900,station wagon,manual,150,a3,60000,diesel,audi,no,5.5
49433,19500,suv,manual,150,cx_reihe,70000,diesel,mazda,no,6.0
49434,2300,cabrio,manual,109,2_reihe,150000,petrol,peugeot,no,14.5
49436,6400,limousine,automatic,150,e_klasse,150000,diesel,mercedes_benz,no,15.75
49437,17400,bus,automatic,174,transporter,150000,diesel,volkswagen,no,12.08
49438,13499,bus,manual,163,others,50000,diesel,chevrolet,no,6.75
49439,1000,limousine,manual,88,c4,150000,petrol,citroen,yes,13.42
49440,1250,small car,manual,50,arosa,125000,petrol,seat,no,16.92
49441,14500,small car,manual,95,fiesta,20000,diesel,ford,no,3.25
49445,6000,station wagon,manual,150,3er,150000,petrol,bmw,no,12.25
49446,4925,bus,manual,75,berlingo,150000,diesel,citroen,no,9.58
49449,18690,cabrio,automatic,231,3er,150000,diesel,bmw,no,11.0
49450,3200,coupe,manual,105,others,150000,petrol,hyundai,no,12.33
49452,1450,station wagon,manual,101,astra,150000,diesel,opel,no,14.75
49453,11950,station wagon,manual,140,mondeo,90000,diesel,ford,no,8.25
49454,2700,limousine,automatic,116,c_klasse,150000,diesel,mercedes_benz,no,17.92
49458,3000,suv,automatic,194,sorento,150000,lpg,kia,yes,15.0
49459,650,limousine,automatic,170,omega,150000,petrol,opel,yes,20.75
49463,1800,bus,manual,75,berlingo,150000,petrol,citroen,no,16.75
49466,1499,station wagon,manual,101,focus,150000,petrol,ford,no,19.42
49467,2100,limousine,automatic,170,a6,150000,petrol,audi,no,22.0
49468,3700,station wagon,manual,129,avensis,150000,petrol,toyota,no,14.25
49469,1500,limousine,manual,75,golf,150000,petrol,volkswagen,no,19.42
49473,2600,limousine,manual,163,c_klasse,150000,petrol,mercedes_benz,no,16.17
49474,1950,limousine,manual,139,primera,150000,diesel,nissan,yes,13.58
49475,1000,coupe,manual,140,3er,150000,petrol,bmw,yes,23.67
49476,17890,station wagon,automatic,140,a3,100000,diesel,audi,no,10.92
49477,9500,station wagon,manual,140,a3,150000,diesel,audi,no,6.42
49478,2150,small car,manual,58,corsa,150000,petrol,opel,no,17.17
49480,4990,cabrio,manual,140,3_reihe,100000,petrol,peugeot,no,13.33
49481,1899,small car,manual,64,polo,150000,petrol,volkswagen,no,14.25
49485,1350,small car,manual,58,clio,150000,petrol,renault,no,18.75
49486,599,small car,manual,60,1_reihe,150000,petrol,peugeot,no,17.58
49487,14000,limousine,manual,211,golf,90000,diesel,volkswagen,yes,6.75
49488,2300,cabrio,manual,116,others,150000,petrol,audi,no,22.75
49490,1500,station wagon,manual,99,others,150000,petrol,toyota,no,24.0
49492,2000,station wagon,manual,170,5er,150000,petrol,bmw,no,16.58
49493,4300,limousine,manual,170,mondeo,100000,petrol,ford,no,17.25
49494,2100,station wagon,manual,215,passat,150000,petrol,volkswagen,no,21.75
49495,11890,bus,manual,131,transporter,150000,diesel,volkswagen,no,14.75
49496,3700,small car,manual,65,others,150000,petrol,suzuki,no,9.17
49497,1450,small car,manual,60,ibiza,150000,petrol,seat,no,18.17
49499,4100,bus,automatic,135,scenic,125000,petrol,renault,no,15.83
49500,2300,limousine,manual,64,polo,150000,petrol,volkswagen,no,16.58
49503,3000,station wagon,manual,150,3er,150000,diesel,bmw,no,16.33
49504,2400,cabrio,manual,133,others,150000,petrol,audi,no,27.58
49505,25890,coupe,automatic,231,e_klasse,80000,diesel,mercedes_benz,no,8.83
49506,1200,small car,manual,58,corsa,125000,petrol,opel,no,19.0
49507,12200,bus,manual,146,vivaro,150000,diesel,opel,no,9.92
49508,46900,suv,automatic,190,x_reihe,30000,diesel,bmw,no,3.58
49510,9900,small car,manual,86,a1,70000,petrol,audi,no,7.08
49511,2999,small car,manual,69,ibiza,100000,petrol,seat,no,11.83
49512,4250,small car,manual,92,swift,90000,petrol,suzuki,no,13.0
49514,9999,coupe,automatic,192,c_klasse,100000,petrol,mercedes_benz,no,14.08
49518,9600,station wagon,automatic,184,e_klasse,150000,petrol,mercedes_benz,no,12.75
49519,11400,cabrio,manual,140,eos,125000,diesel,volkswagen,no,10.08
49520,3999,limousine,automatic,170,e_klasse,150000,petrol,mercedes_benz,no,18.83
49522,21000,limousine,automatic,387,s_klasse,150000,petrol,mercedes_benz,no,11.5
49523,9500,suv,automatic,190,range_rover_sport,150000,diesel,land_rover,no,14.0
49525,3666,limousine,manual,75,golf,150000,petrol,volkswagen,no,13.17
49526,1450,limousine,manual,77,golf,150000,petrol,volkswagen,no,18.25
49529,4200,station wagon,manual,166,156,150000,petrol,alfa_romeo,no,15.33
49530,38500,suv,automatic,170,glk,20000,diesel,mercedes_benz,no,4.58
49531,1899,limousine,manual,170,3er,150000,petrol,bmw,no,21.0
49533,23299,cabrio,automatic,150,beetle,10000,petrol,volkswagen,no,3.25
49534,1000,coupe,manual,110,others,90000,petrol,nissan,no,30.25
49538,6950,cabrio,manual,71,fortwo,90000,petrol,smart,no,7.25
49539,14200,small car,manual,125,fiesta,5000,petrol,ford,no,3.58
49540,14990,coupe,automatic,231,3er,150000,diesel,bmw,no,11.33
49541,600,small car,manual,75,fiesta,150000,petrol,ford,yes,20.92
49543,3199,station wagon,manual,116,3er,150000,diesel,bmw,no,15.33
49544,1950,station wagon,manual,101,golf,150000,diesel,volkswagen,no,16.92
49545,22490,station wagon,automatic,170,passat,60000,diesel,volkswagen,no,6.5
49547,1050,limousine,manual,136,e_klasse,20000,petrol,mercedes_benz,yes,21.08
49548,1290,small car,manual,60,polo,150000,petrol,volkswagen,no,20.17
49549,6400,station wagon,automatic,224,c_klasse,150000,diesel,mercedes_benz,no,13.08
49552,10000,limousine,manual,143,3er,125000,petrol,bmw,no,10.5
49553,5550,small car,manual,69,500,40000,petrol,fiat,no,10.75
49554,1800,limousine,manual,72,golf,150000,petrol,volkswagen,no,28.08
49555,5999,small car,manual,75,clio,20000,petrol,renault,no,12.08
49556,13900,station wagon,automatic,232,a6,150000,diesel,audi,no,10.17
49558,555,small car,manual,55,fiesta,125000,petrol,ford,no,19.0
49559,4999,limousine,manual,116,3er,125000,petrol,bmw,no,15.83
49560,3350,small car,manual,86,ibiza,150000,petrol,seat,no,11.08
49561,2750,station wagon,manual,140,v70,150000,cng,volvo,no,16.42
49563,1900,station wagon,manual,144,v70,150000,petrol,volvo,no,19.42
49564,2200,coupe,manual,130,escort,100000,petrol,ford,no,37.67
49565,500,coupe,manual,106,tigra,150000,petrol,opel,no,21.92
49566,4999,station wagon,manual,150,c_klasse,150000,diesel,mercedes_benz,no,14.5
49567,8700,limousine,automatic,204,e_klasse,150000,diesel,mercedes_benz,no,15.75
49568,1800,small car,manual,58,clio,150000,petrol,renault,no,19.75
49571,2850,limousine,manual,122,vectra,125000,petrol,opel,no,16.75
49572,5500,small car,manual,80,polo,50000,diesel,volkswagen,no,13.42
49574,1900,coupe,automatic,220,others,150000,petrol,mercedes_benz,no,26.42
49576,4100,bus,manual,101,zafira,150000,diesel,opel,no,12.17
49578,2450,coupe,manual,143,c_klasse,150000,diesel,mercedes_benz,no,17.5
49579,13400,limousine,manual,260,3_reihe,150000,petrol,mazda,no,11.75
49580,18990,station wagon,automatic,204,e_klasse,90000,petrol,mercedes_benz,no,8.92
49581,850,small car,manual,50,polo,150000,petrol,volkswagen,no,20.25
49582,3500,station wagon,automatic,286,5er,150000,petrol,bmw,no,21.67
49583,1600,limousine,manual,115,golf,150000,petrol,volkswagen,no,26.17
49584,300,small car,manual,60,fiesta,150000,petrol,ford,yes,17.25
49587,19200,coupe,automatic,265,a5,90000,petrol,audi,no,11.67
49588,5800,limousine,manual,90,astra,90000,petrol,opel,no,10.42
49589,7300,station wagon,manual,116,a4,150000,diesel,audi,no,11.25
49593,2600,limousine,manual,101,focus,90000,petrol,ford,no,15.42
49594,2500,coupe,automatic,170,clk,150000,diesel,mercedes_benz,no,15.83
49599,11500,limousine,automatic,224,a6,150000,diesel,audi,no,13.42
49600,10000,station wagon,automatic,140,a3,100000,diesel,audi,no,13.75
49603,2490,small car,automatic,87,sirion,150000,petrol,daihatsu,no,13.58
49604,5995,coupe,manual,150,3er,150000,diesel,bmw,no,14.92
49605,5500,suv,manual,136,kuga,150000,diesel,ford,no,8.67
49606,4100,limousine,manual,163,a4,150000,petrol,audi,no,15.5
49607,8199,bus,manual,136,others,80000,diesel,peugeot,no,12.0
49608,1850,small car,manual,101,golf,150000,petrol,volkswagen,yes,20.75
49609,4400,small car,manual,55,fox,20000,petrol,volkswagen,no,9.5
49610,2150,small car,manual,75,2_reihe,90000,petrol,peugeot,no,13.33
49612,1580,small car,manual,60,polo,150000,petrol,volkswagen,no,17.17
49613,7950,small car,manual,86,rio,30000,petrol,kia,no,4.42
49614,2180,limousine,manual,150,toledo,150000,petrol,seat,no,18.83
49616,750,small car,manual,60,corsa,150000,petrol,opel,no,20.92
49619,4800,station wagon,manual,131,a4,150000,petrol,audi,no,15.25
49620,6200,limousine,manual,150,159,150000,diesel,alfa_romeo,no,14.0
49621,600,station wagon,manual,193,v70,150000,petrol,volvo,yes,21.17
49622,1350,limousine,manual,110,others,150000,petrol,citroen,no,18.42
49626,600,cabrio,manual,88,3_reihe,150000,petrol,peugeot,yes,22.58
49627,1850,limousine,manual,102,a_klasse,150000,petrol,mercedes_benz,no,17.5
49628,7850,limousine,automatic,193,5er,150000,diesel,bmw,no,15.25
49629,19600,cabrio,automatic,245,3er,150000,diesel,bmw,no,9.42
49632,29000,coupe,automatic,387,cl,125000,petrol,mercedes_benz,no,11.5
49633,6299,coupe,manual,170,3er,125000,petrol,bmw,no,17.92
49635,5008,station wagon,automatic,140,a3,100000,diesel,audi,no,10.92
49636,400,limousine,automatic,125,a4,150000,petrol,audi,no,20.58
49637,11500,suv,manual,172,cx_reihe,150000,diesel,mazda,no,10.0
49639,4500,station wagon,manual,101,fabia,125000,diesel,skoda,no,13.75
49641,9950,suv,manual,106,grand,60000,petrol,suzuki,no,9.17
49642,2650,station wagon,manual,170,c_klasse,150000,diesel,mercedes_benz,no,17.75
49644,12500,small car,manual,122,a1,80000,petrol,audi,no,6.75
49645,2299,bus,manual,75,berlingo,150000,petrol,citroen,no,13.67
49649,12500,bus,manual,140,transporter,125000,diesel,volkswagen,no,7.25
49650,6400,station wagon,manual,110,others,150000,lpg,nissan,no,5.08
49652,5900,bus,automatic,129,verso,150000,petrol,toyota,no,11.67
49654,9800,limousine,manual,122,1er,60000,petrol,bmw,no,10.42
49657,899,station wagon,manual,82,astra,150000,diesel,opel,no,19.92
49658,9990,limousine,automatic,272,7er,150000,petrol,bmw,no,17.0
49660,6990,limousine,manual,163,3er,150000,diesel,bmw,no,12.25
49661,750,limousine,manual,101,a4,150000,petrol,audi,no,23.58
49662,1000,small car,manual,73,3_reihe,150000,petrol,mazda,no,20.67
49664,16100,cabrio,manual,218,z_reihe,80000,petrol,bmw,no,12.67
49665,4650,limousine,manual,140,golf,150000,diesel,volkswagen,no,13.75
49666,3650,bus,automatic,174,grand,150000,lpg,chrysler,no,16.25
49667,900,others,manual,60,a_klasse,150000,diesel,mercedes_benz,no,19.75
49668,1800,small car,manual,75,2_reihe,150000,petrol,peugeot,no,16.5
49671,4550,cabrio,manual,109,2_reihe,70000,petrol,peugeot,no,13.67
49672,6666,suv,manual,150,rav,150000,petrol,toyota,no,13.42
49673,15750,station wagon,manual,143,a4,150000,diesel,audi,no,7.0
49674,12999,limousine,automatic,218,5er,150000,petrol,bmw,no,11.42
49676,1000,small car,manual,80,punto,150000,petrol,fiat,no,17.42
49677,3499,limousine,automatic,165,a6,150000,petrol,audi,no,21.92
49678,13500,suv,automatic,171,navara,150000,diesel,nissan,no,12.0
49679,7500,limousine,manual,122,1er,125000,petrol,bmw,no,9.33
49680,7300,station wagon,manual,69,fabia,90000,diesel,skoda,no,8.25
49682,1700,limousine,automatic,193,3er,150000,petrol,bmw,no,22.42
49683,7400,cabrio,manual,99,500,80000,petrol,fiat,no,8.83
49684,3550,cabrio,manual,95,ka,100000,petrol,ford,no,15.0
49686,3499,cabrio,manual,109,2_reihe,125000,petrol,peugeot,no,15.33
49688,3850,small car,manual,116,corolla,150000,diesel,toyota,no,13.08
49689,2500,station wagon,automatic,231,3er,150000,petrol,bmw,yes,18.75
49690,750,limousine,manual,109,others,150000,petrol,mercedes_benz,no,26.67
49692,12500,limousine,manual,204,c_klasse,150000,diesel,mercedes_benz,no,9.42
49693,3900,coupe,manual,150,beetle,150000,petrol,volkswagen,no,18.33
49694,5600,limousine,manual,192,5er,150000,petrol,bmw,no,18.92
49696,7500,station wagon,manual,200,a4,150000,petrol,audi,yes,11.58
49698,3399,bus,manual,116,alhambra,150000,diesel,seat,no,14.33
49700,500,small car,manual,75,polo,150000,petrol,volkswagen,yes,22.83
49701,1090,small car,manual,60,corsa,150000,petrol,opel,no,20.08
49702,10999,limousine,manual,160,golf,40000,petrol,volkswagen,no,9.42
49703,950,small car,manual,60,polo,150000,petrol,volkswagen,no,19.17
49707,980,cabrio,manual,131,others,150000,petrol,fiat,no,20.33
49708,5150,limousine,automatic,193,5er,125000,petrol,bmw,no,18.17
49709,3499,limousine,manual,150,golf,150000,petrol,volkswagen,no,19.08
49710,7500,station wagon,manual,140,signum,125000,petrol,opel,no,10.33
49711,3650,station wagon,manual,109,focus,150000,diesel,ford,no,13.0
49714,4900,station wagon,automatic,116,c_klasse,125000,diesel,mercedes_benz,no,17.67
49715,7300,limousine,automatic,170,c_klasse,125000,petrol,mercedes_benz,no,13.75
49717,4250,cabrio,manual,75,golf,125000,petrol,volkswagen,no,18.58
49718,2500,limousine,manual,110,900,150000,petrol,saab,yes,27.08
49719,600,small car,manual,50,lupo,150000,petrol,volkswagen,no,19.5
49723,950,limousine,manual,82,a_klasse,150000,petrol,mercedes_benz,no,18.25
49724,5700,station wagon,automatic,140,passat,150000,diesel,volkswagen,no,12.33
49725,650,limousine,manual,90,megane,100000,petrol,renault,no,20.58
49727,200,small car,manual,54,corsa,150000,petrol,opel,yes,19.58
49728,2000,limousine,manual,170,3er,150000,petrol,bmw,no,23.42
49729,19900,bus,automatic,179,transporter,150000,diesel,volkswagen,no,8.75
49730,26900,suv,automatic,272,m_klasse,50000,petrol,mercedes_benz,no,10.67
49731,5200,bus,manual,136,c_max,150000,diesel,ford,no,13.0
49733,3750,suv,manual,99,others,125000,diesel,hyundai,no,18.0
49734,1190,small car,manual,58,agila,125000,petrol,opel,no,15.33
49735,600,limousine,manual,101,golf,150000,petrol,volkswagen,yes,20.25
49736,1200,limousine,manual,101,golf,150000,petrol,volkswagen,no,21.0
49738,2850,small car,manual,54,panda,60000,petrol,fiat,no,13.58
49740,450,others,manual,90,6_reihe,150000,petrol,mazda,yes,22.0
49742,36999,cabrio,manual,340,tt,40000,petrol,audi,no,9.83
49743,4000,limousine,manual,170,3er,150000,petrol,bmw,yes,16.25
49744,16900,suv,manual,184,captiva,90000,diesel,chevrolet,no,7.0
49745,600,cabrio,manual,90,golf,150000,petrol,volkswagen,yes,22.0
49746,2944,suv,manual,120,freelander,150000,petrol,land_rover,no,19.33
49747,3950,bus,automatic,204,sharan,150000,petrol,volkswagen,no,16.67
49749,14500,suv,automatic,340,cayenne,150000,petrol,porsche,no,13.33
49750,1450,station wagon,manual,125,c_klasse,150000,diesel,mercedes_benz,no,18.5
49751,1700,limousine,manual,170,5er,5000,lpg,bmw,no,21.17
49752,8500,limousine,manual,95,a_klasse,60000,petrol,mercedes_benz,no,9.08
49754,11500,bus,automatic,150,viano,150000,diesel,mercedes_benz,no,10.25
49755,4800,limousine,automatic,105,golf,150000,diesel,volkswagen,no,13.08
49756,3800,bus,manual,110,note,150000,petrol,nissan,no,12.42
49757,2499,limousine,automatic,95,colt,125000,petrol,mitsubishi,no,13.25
49759,6000,limousine,manual,160,a3,150000,petrol,audi,no,11.33
49760,7750,limousine,automatic,204,s_klasse,150000,diesel,mercedes_benz,no,14.67
49761,10780,cabrio,manual,231,3er,150000,petrol,bmw,no,14.17
49762,1280,small car,manual,90,golf,150000,petrol,volkswagen,no,28.83
49764,17999,coupe,automatic,387,others,150000,petrol,mercedes_benz,no,10.33
49766,1900,bus,manual,103,others,150000,petrol,hyundai,no,14.92
49767,5299,cabrio,manual,192,astra,150000,petrol,opel,no,16.42
49768,5550,station wagon,automatic,179,others,150000,diesel,audi,no,17.17
49770,980,small car,manual,50,polo,150000,petrol,volkswagen,no,21.75
49773,5000,coupe,automatic,163,clk,90000,petrol,mercedes_benz,no,17.5
49775,2100,small car,manual,88,2_reihe,150000,petrol,peugeot,no,11.25
49776,8990,suv,manual,170,tiguan,150000,diesel,volkswagen,yes,10.08
49777,4900,bus,manual,150,zafira,150000,diesel,opel,no,12.08
49778,11000,limousine,manual,116,astra,20000,petrol,opel,no,3.25
49779,2600,small car,manual,54,fox,80000,petrol,volkswagen,no,9.67
49780,8500,coupe,manual,179,tt,150000,petrol,audi,no,19.25
49783,4500,bus,manual,140,caddy,150000,diesel,volkswagen,no,10.5
49785,100,limousine,manual,60,fiesta,90000,petrol,ford,yes,27.58
49786,12250,suv,automatic,117,juke,80000,petrol,nissan,no,6.0
49787,1980,station wagon,automatic,101,golf,150000,petrol,volkswagen,no,17.67
49788,999,station wagon,automatic,116,a4,150000,diesel,audi,yes,17.25
49789,20900,limousine,automatic,239,phaeton,90000,diesel,volkswagen,no,7.25
49793,1250,station wagon,automatic,150,a4,150000,diesel,audi,yes,19.0
49794,1300,limousine,manual,80,stilo,150000,petrol,fiat,no,16.17
49796,7800,small car,manual,75,twingo,30000,petrol,renault,no,4.25
49799,7500,small car,manual,87,corsa,50000,petrol,opel,yes,6.25
49802,4199,bus,manual,116,c_max,150000,diesel,ford,no,13.5
49803,12500,station wagon,manual,150,octavia,80000,petrol,skoda,no,10.25
49805,1500,small car,manual,58,corsa,150000,petrol,opel,no,17.42
49809,6390,limousine,manual,116,a3,125000,petrol,audi,no,14.5
49811,15900,cabrio,automatic,170,3er,70000,petrol,bmw,no,15.75
49812,2800,limousine,manual,109,3_reihe,150000,diesel,peugeot,no,13.5
49813,12400,suv,manual,163,i_reihe,100000,petrol,hyundai,no,6.33
49814,1750,limousine,manual,80,fiesta,150000,petrol,ford,no,15.25
49816,2800,station wagon,automatic,286,5er,150000,petrol,bmw,no,20.75
49817,500,small car,manual,90,tigra,150000,petrol,opel,no,21.92
49818,1250,station wagon,manual,150,80,150000,petrol,audi,no,25.25
49819,9500,bus,manual,170,touran,150000,diesel,volkswagen,no,8.25
49820,4600,cabrio,manual,143,3er,150000,petrol,bmw,no,17.0
49821,4990,station wagon,manual,105,astra,150000,lpg,opel,no,12.25
49823,4200,cabrio,manual,110,mx_reihe,100000,petrol,mazda,no,15.67
49824,299,small car,manual,55,twingo,150000,petrol,renault,yes,22.33
49825,3150,limousine,manual,90,astra,125000,petrol,opel,no,14.5
49826,2200,bus,manual,109,focus,150000,diesel,ford,no,13.67
49827,16800,limousine,automatic,184,c_klasse,60000,petrol,mercedes_benz,no,10.58
49828,2499,limousine,automatic,125,a_klasse,150000,petrol,mercedes_benz,no,18.08
49829,750,limousine,manual,60,polo,150000,petrol,volkswagen,no,20.58
49831,7499,station wagon,automatic,170,passat,150000,diesel,volkswagen,no,10.58
49834,5199,limousine,manual,231,5er,150000,petrol,bmw,no,16.83
49835,600,small car,automatic,60,polo,125000,petrol,volkswagen,yes,20.83
49836,24301,suv,manual,156,gl,20000,petrol,mercedes_benz,no,4.5
49837,2600,bus,automatic,110,transporter,150000,petrol,volkswagen,no,22.0
49838,19950,bus,automatic,163,galaxy,80000,diesel,ford,no,5.75
49839,3500,coupe,manual,116,3er,150000,lpg,bmw,no,16.83
49840,2500,coupe,manual,116,3er,125000,petrol,bmw,no,17.0
49841,7000,limousine,manual,122,golf,125000,petrol,volkswagen,no,11.0
49842,530,limousine,manual,90,80,150000,petrol,audi,yes,31.33
49843,2400,coupe,manual,140,3er,150000,petrol,bmw,no,20.25
49846,14600,limousine,manual,122,passat,30000,petrol,volkswagen,no,5.25
49847,6500,limousine,manual,116,golf,100000,petrol,volkswagen,no,11.25
49850,799,limousine,manual,60,astra,90000,petrol,opel,no,25.67
49851,13990,cabrio,manual,98,one,60000,petrol,mini,no,7.42
49852,850,small car,manual,75,polo,150000,diesel,volkswagen,yes,14.42
49855,9999,small car,manual,101,corsa,50000,petrol,opel,no,6.25
49856,1900,station wagon,manual,64,fabia,150000,diesel,skoda,no,16.83
49857,1799,cabrio,manual,115,3er,125000,petrol,bmw,yes,21.67
49858,13550,cabrio,automatic,163,a4,100000,petrol,audi,no,11.5
49859,10990,limousine,automatic,177,5er,150000,diesel,bmw,no,14.0
49862,3450,limousine,automatic,193,5er,150000,lpg,bmw,no,22.67
49863,1550,bus,manual,82,vito,150000,diesel,mercedes_benz,no,16.75
49864,1295,station wagon,manual,110,3_reihe,150000,petrol,peugeot,no,19.5
49865,3900,bus,automatic,99,others,150000,diesel,renault,no,13.83
49869,5000,bus,manual,52,others,80000,petrol,fiat,yes,40.92
49871,7950,bus,manual,122,golf,125000,petrol,volkswagen,no,10.08
49872,9400,limousine,automatic,218,5er,150000,diesel,bmw,no,13.58
49873,999,limousine,manual,150,a4,150000,petrol,audi,no,23.25
49874,1600,bus,manual,69,berlingo,150000,diesel,citroen,no,17.83
49876,5850,limousine,manual,122,1er,150000,diesel,bmw,no,12.33
49878,500,limousine,manual,75,civic,125000,petrol,honda,yes,21.33
49879,444,small car,manual,50,fiesta,60000,petrol,ford,no,25.5
49880,2999,limousine,manual,101,golf,150000,diesel,volkswagen,no,17.5
49883,1790,limousine,manual,72,others,150000,diesel,mercedes_benz,no,30.08
49884,1499,station wagon,manual,109,1_reihe,150000,petrol,peugeot,no,14.5
49888,16900,limousine,automatic,184,e_klasse,150000,petrol,mercedes_benz,no,8.25
49889,9900,limousine,automatic,386,others,125000,petrol,jaguar,no,30.25
49890,2200,coupe,manual,116,golf,150000,petrol,volkswagen,no,27.58
49891,1790,station wagon,automatic,279,e_klasse,150000,petrol,mercedes_benz,no,18.92
49892,1999,station wagon,manual,101,focus,150000,petrol,ford,no,15.25
49893,1750,bus,manual,58,kangoo,20000,petrol,renault,no,19.42
49896,5800,station wagon,manual,197,3er,150000,diesel,bmw,yes,12.0
49897,6100,coupe,manual,197,clk,150000,petrol,mercedes_benz,no,18.0
49898,15800,bus,manual,131,transporter,150000,diesel,volkswagen,no,10.5
49899,2950,small car,manual,64,polo,150000,petrol,volkswagen,no,14.92
49900,2000,limousine,automatic,82,a_klasse,150000,petrol,mercedes_benz,no,16.0
49902,2649,limousine,automatic,75,astra,150000,petrol,opel,no,16.58
49906,850,limousine,manual,114,primera,150000,petrol,nissan,no,19.0
49907,1250,small car,manual,75,polo,150000,petrol,volkswagen,no,21.33
49908,4666,small car,manual,75,a2,125000,petrol,audi,no,17.5
49909,5250,station wagon,manual,140,passat,150000,diesel,volkswagen,no,12.42
49910,21000,station wagon,manual,184,5er,100000,diesel,bmw,no,6.17
49911,15500,station wagon,automatic,170,e_klasse,150000,diesel,mercedes_benz,no,8.83
49912,1250,limousine,manual,116,vectra,150000,petrol,opel,no,21.0
49916,10400,suv,automatic,340,cayenne,150000,petrol,porsche,no,14.75
49917,11500,station wagon,automatic,177,5er,150000,diesel,bmw,no,13.25
49918,4600,small car,manual,90,a2,150000,diesel,audi,no,13.33
49920,1400,limousine,manual,101,others,125000,petrol,volkswagen,no,22.92
49921,3499,limousine,automatic,193,e_klasse,150000,petrol,mercedes_benz,no,23.08
49922,500,coupe,manual,45,polo,150000,petrol,volkswagen,yes,24.25
49923,2500,cabrio,automatic,109,2_reihe,125000,petrol,peugeot,no,17.58
49927,11200,station wagon,automatic,224,a6,150000,diesel,audi,no,12.75
49929,5900,small car,manual,69,yaris,70000,petrol,toyota,no,9.58
49930,13999,limousine,automatic,218,5er,125000,petrol,bmw,no,13.92
49931,11900,suv,manual,190,discovery,150000,diesel,land_rover,no,11.17
49932,12000,suv,manual,140,cr_reihe,90000,diesel,honda,no,9.67
49934,2200,station wagon,automatic,155,a4,150000,diesel,audi,no,16.75
49935,3500,limousine,manual,147,vectra,150000,petrol,opel,no,15.17
49936,4200,small car,manual,75,a2,150000,petrol,audi,no,14.25
49938,1100,limousine,manual,75,golf,150000,petrol,volkswagen,no,19.75
49940,21990,station wagon,manual,150,leon,30000,petrol,seat,no,3.25
49942,700,small car,manual,75,fiesta,150000,petrol,ford,no,22.58
49944,1500,station wagon,manual,110,passat,150000,diesel,volkswagen,no,21.67
49945,9500,bus,manual,140,golf,150000,petrol,volkswagen,no,11.58
49947,6500,limousine,manual,122,e_klasse,150000,diesel,mercedes_benz,no,14.75
49949,5950,limousine,manual,140,golf,150000,diesel,volkswagen,no,14.75
49951,9900,station wagon,automatic,170,e_klasse,150000,diesel,mercedes_benz,no,10.75
49952,1250,bus,manual,150,others,150000,petrol,mitsubishi,no,18.08
49956,15500,limousine,automatic,211,golf,100000,petrol,volkswagen,no,9.33
49957,4899,small car,manual,110,a2,150000,petrol,audi,no,16.5
49958,4900,station wagon,automatic,140,touran,150000,diesel,volkswagen,no,11.17
49961,36399,coupe,automatic,230,tt,20000,petrol,audi,no,3.08
49962,2299,small car,manual,64,polo,150000,petrol,volkswagen,no,17.75
49963,300,coupe,manual,102,3er,150000,petrol,bmw,no,22.83
49965,4000,suv,manual,77,others,150000,diesel,ford,no,18.17
49966,1799,station wagon,automatic,101,golf,150000,petrol,volkswagen,no,20.0
49967,1900,station wagon,manual,101,focus,150000,petrol,ford,no,14.08
49968,17500,suv,automatic,136,sportage,125000,diesel,kia,no,8.67
49969,4500,bus,manual,140,touran,150000,diesel,volkswagen,no,12.67
49970,500,station wagon,manual,116,v40,150000,petrol,volvo,no,19.42
49971,14444,limousine,manual,150,x_reihe,90000,petrol,bmw,no,10.17
49972,1100,small car,manual,80,punto,125000,petrol,fiat,no,14.42
49973,1000,station wagon,manual,75,cordoba,150000,petrol,seat,no,20.75
49974,14490,station wagon,automatic,122,cooper,50000,petrol,mini,no,7.33
49976,1550,limousine,manual,125,astra,150000,petrol,opel,no,24.25
49978,950,limousine,manual,102,3er,150000,petrol,bmw,no,20.25
49979,13500,bus,manual,105,touran,100000,diesel,volkswagen,no,6.33
49981,8700,limousine,manual,125,leon,125000,petrol,seat,no,7.5
49982,600,small car,manual,60,polo,150000,petrol,volkswagen,yes,21.5
49983,5150,limousine,manual,75,golf,90000,petrol,volkswagen,no,12.17
49984,17000,station wagon,automatic,204,5_reihe,150000,diesel,peugeot,no,5.25
49985,1299,limousine,automatic,101,vectra,125000,petrol,opel,no,23.58
49986,2999,small car,manual,75,a2,150000,petrol,audi,no,18.83
49987,7300,bus,manual,120,c4,50000,petrol,citroen,no,9.92
49988,3299,coupe,manual,90,astra,100000,petrol,opel,no,13.75
49989,990,limousine,manual,136,omega,150000,petrol,opel,no,19.17
49991,10900,limousine,manual,231,x_reihe,150000,petrol,bmw,no,14.67
49992,790,limousine,manual,82,astra,150000,diesel,opel,no,20.75
49993,830,small car,manual,60,clio,125000,petrol,renault,no,19.67
49995,2290,station wagon,manual,101,astra,150000,petrol,opel,no,17.25
50000,1100,small car,manual,38,matiz,150000,petrol,chevrolet,no,12.83
